Name ID 	RA	Dec		S860 e_S860
850-1	 1	189.216614	62.207165		7.8     1.0	
850-2	 1	189.092117	62.271030		9.3     1.4	
850-3	 1	189.076370	62.264111		7.2     0.7	
850-5	 1	189.139374	62.235752		12.0     1.4	
850-6	 1  189.378326	62.216389		14.9     0.9	
850-7	 1	189.067123	62.253834		3.4     0.6	
850-9	 1	189.280045	62.235638	7.1     1.4	
850-11   1  189.192047	62.246830				4.2     0.8	
850-11   2  189.183243	62.247417				5.3     1.1	
850-12	 1  189.233002	62.200531		4.5     0.8	
850-13   1  189.308472	62.199001				3.2     0.9	
850-13   2  189.309433	62.202248				4.1     0.7	
850-13   3  189.300003	62.203415				5.3     0.9	
850-15   1  189.087921	62.285999				3.4     0.6	
850-15   2  189.088745	62.285883				3.5     0.7	
850-17	 1	189.120160	62.179242		7.7     0.9	
