S870 karim steep flat veryflat verysteep
   1.0359457e-03   2.9595097e-02   2.6804559e-02   2.9595097e-02   2.9595097e-02   2.9595097e-02
   1.1104212e-03   2.9595097e-02   2.6804559e-02   2.9595097e-02   2.9595097e-02   2.9595097e-02
   1.1902508e-03   2.9595097e-02   2.6804559e-02   2.9595097e-02   2.9595097e-02   2.9595097e-02
   1.2758195e-03   2.9595097e-02   2.6804559e-02   2.9595097e-02   2.9595097e-02   2.9595097e-02
   1.3675398e-03   2.9595097e-02   2.6804559e-02   2.9595097e-02   2.9595097e-02   2.9595097e-02
   1.4658541e-03   2.9595097e-02   2.6804559e-02   2.9595097e-02   2.9595097e-02   2.9595097e-02
   1.5712363e-03   2.9595097e-02   2.6804559e-02   2.9595097e-02   2.9595097e-02   2.9595097e-02
   1.6841945e-03   2.9595097e-02   2.6804559e-02   2.9595097e-02   2.9595097e-02   2.9595097e-02
   1.8052735e-03   2.9595097e-02   2.6804559e-02   2.9595097e-02   2.9595097e-02   2.9595097e-02
   1.9350570e-03   2.9595097e-02   2.6804559e-02   2.9595097e-02   2.9595097e-02   2.9595097e-02
   2.0741708e-03   2.9595097e-02   2.6804559e-02   2.9595097e-02   2.9595097e-02   2.9595097e-02
   2.2232857e-03   2.9595097e-02   2.6804559e-02   2.9595097e-02   2.9595097e-02   2.9595097e-02
   2.3831206e-03   2.9595097e-02   2.6804559e-02   2.9595097e-02   2.9595097e-02   2.9595097e-02
   2.5544463e-03   2.9595097e-02   2.6804559e-02   2.9595097e-02   2.9595097e-02   2.9595097e-02
   2.7380888e-03   2.9595097e-02   2.6804559e-02   2.9595097e-02   2.9595097e-02   2.9595097e-02
   2.9349336e-03   2.9595097e-02   2.6804559e-02   2.9595097e-02   2.9595097e-02   2.9595097e-02
   3.1459299e-03   2.9595097e-02   2.6804559e-02   2.9595097e-02   2.9595097e-02   2.9595097e-02
   3.3720949e-03   2.9595097e-02   2.6804559e-02   2.9595097e-02   2.9595097e-02   2.9595097e-02
   3.6145193e-03   2.9595097e-02   2.6804559e-02   2.9595097e-02   2.9595097e-02   2.9595097e-02
   3.8743718e-03   2.9595097e-02   2.6804559e-02   2.9595097e-02   2.9595097e-02   2.9595097e-02
   4.1529055e-03   2.9595097e-02   2.6804559e-02   2.9595097e-02   2.9595097e-02   2.9595097e-02
   4.4514634e-03   2.9595097e-02   2.6804559e-02   2.9595097e-02   2.9595097e-02   2.9595097e-02
   4.7714849e-03   2.9595097e-02   2.6804559e-02   2.9595097e-02   2.9595097e-02   2.9595097e-02
   5.1145133e-03   2.9595097e-02   2.6804559e-02   2.9595097e-02   2.9595097e-02   2.9595097e-02
   5.4822024e-03   2.9595097e-02   2.6804559e-02   2.9595097e-02   2.9595097e-02   2.9595097e-02
   5.8763252e-03   2.9595097e-02   2.6804559e-02   2.9595097e-02   2.9595097e-02   2.9595097e-02
   6.2987819e-03   2.9595097e-02   2.6804559e-02   2.9595097e-02   2.9595097e-02   2.9595097e-02
   6.7516097e-03   2.9595097e-02   2.6804559e-02   2.9595097e-02   2.9595097e-02   2.9595097e-02
   7.2369918e-03   2.9595097e-02   2.6804559e-02   2.9595097e-02   2.9595097e-02   2.9595097e-02
   7.7572687e-03   2.9595097e-02   2.6804559e-02   2.9595097e-02   2.9595097e-02   2.9595097e-02
   8.3149490e-03   2.9595097e-02   2.6804559e-02   2.9595097e-02   2.9595097e-02   2.9595097e-02
   8.9127216e-03   2.9595097e-02   2.6804559e-02   2.9595097e-02   2.9595097e-02   2.9595097e-02
   9.5534689e-03   2.9595097e-02   2.6804559e-02   2.9595097e-02   2.9595097e-02   2.9595097e-02
   1.0240280e-02   2.9595097e-02   2.6804559e-02   2.9595097e-02   2.9595097e-02   2.9595097e-02
   1.0976468e-02   2.9595097e-02   2.6804559e-02   2.9595097e-02   2.9595097e-02   2.9595097e-02
   1.1765580e-02   2.9595097e-02   2.6804559e-02   2.9595097e-02   2.9595097e-02   2.9595097e-02
   1.2611424e-02   2.9595097e-02   2.6804559e-02   2.9595097e-02   2.9595097e-02   2.9595097e-02
   1.3518075e-02   2.9595097e-02   2.6804559e-02   2.9595097e-02   2.9595097e-02   2.9595097e-02
   1.4489908e-02   2.9595097e-02   2.6804559e-02   2.9595097e-02   2.9595097e-02   2.9595097e-02
   1.5531606e-02   2.9595097e-02   2.6804559e-02   2.9595097e-02   2.9595097e-02   2.9595097e-02
   1.6648194e-02   2.9595097e-02   2.6804559e-02   2.9595097e-02   2.9595097e-02   2.9595097e-02
   1.7845055e-02   2.9595097e-02   2.6804559e-02   2.9595097e-02   2.9595097e-02   2.9595097e-02
   1.9127959e-02   2.9595097e-02   2.6804559e-02   2.9595097e-02   2.9595097e-02   2.9595097e-02
   2.0503093e-02   2.9595097e-02   2.6804559e-02   2.9595097e-02   2.9595097e-02   2.9595097e-02
   2.1977088e-02   2.9595097e-02   2.6804559e-02   2.9595097e-02   2.9595097e-02   2.9595097e-02
   2.3557050e-02   2.9595097e-02   2.6804559e-02   2.9595097e-02   2.9595097e-02   2.9595097e-02
   2.5250597e-02   2.9595097e-02   2.6804559e-02   2.9595097e-02   2.9595097e-02   2.9595097e-02
   2.7065896e-02   2.9595097e-02   2.6804559e-02   2.9595097e-02   2.9595097e-02   2.9595097e-02
   2.9011699e-02   2.9595097e-02   2.6804559e-02   2.9595097e-02   2.9595097e-02   2.9595097e-02
   3.1097388e-02   2.9595097e-02   2.6804559e-02   2.9595097e-02   2.9595097e-02   2.9595097e-02
   3.3333020e-02   2.9595097e-02   2.6804559e-02   2.9595097e-02   2.9595097e-02   2.9595097e-02
   3.5729375e-02   2.9595097e-02   2.6804559e-02   2.9595097e-02   2.9595097e-02   2.9595097e-02
   3.8298007e-02   2.9595097e-02   2.6804559e-02   2.9595097e-02   2.9595097e-02   2.9595097e-02
   4.1051301e-02   2.9595097e-02   2.6804559e-02   2.9595097e-02   2.9595097e-02   2.9595097e-02
   4.4002533e-02   2.9595097e-02   2.6804559e-02   2.9595097e-02   2.9595097e-02   2.9595097e-02
   4.7165933e-02   2.9595097e-02   2.6804559e-02   2.9595097e-02   2.9595097e-02   2.9595097e-02
   5.0556754e-02   2.9595097e-02   2.6804559e-02   2.9595097e-02   2.9595097e-02   2.9595097e-02
   5.4191346e-02   2.9595097e-02   2.6804559e-02   2.9595097e-02   2.9595097e-02   2.9595097e-02
   5.8087234e-02   2.9595097e-02   2.6804559e-02   2.9595097e-02   2.9595097e-02   2.9595097e-02
   6.2263201e-02   2.9595097e-02   2.6804559e-02   2.9595097e-02   2.9595097e-02   2.9595097e-02
   6.6739385e-02   2.9595097e-02   2.6804559e-02   2.9595097e-02   2.9595097e-02   2.9595097e-02
   7.1537368e-02   2.9595097e-02   2.6804559e-02   2.9595097e-02   2.9595097e-02   2.9595097e-02
   7.6680283e-02   2.9595097e-02   2.6804559e-02   2.9595097e-02   2.9595097e-02   2.9595097e-02
   8.2192930e-02   2.9595097e-02   2.6804559e-02   2.9595097e-02   2.9595097e-02   2.9595097e-02
   8.8101888e-02   2.9595097e-02   2.6804559e-02   2.9595097e-02   2.9595097e-02   2.9595097e-02
   9.4435649e-02   2.9595097e-02   2.6804559e-02   2.9595097e-02   2.9595097e-02   2.9595097e-02
   1.0122475e-01   2.9595097e-02   2.6804559e-02   2.9595097e-02   2.9595097e-02   2.9595097e-02
   1.0850193e-01   2.9595097e-02   2.6804559e-02   2.9595097e-02   2.9595097e-02   2.9595097e-02
   1.1630228e-01   2.9595097e-02   2.6804559e-02   2.9595097e-02   2.9595097e-02   2.9595097e-02
   1.2466341e-01   2.9595097e-02   2.6804559e-02   2.9595097e-02   2.9595097e-02   2.9595097e-02
   1.3362562e-01   2.9595097e-02   2.6804559e-02   2.9595097e-02   2.9595097e-02   2.9595097e-02
   1.4323214e-01   2.9595097e-02   2.6804559e-02   2.9595097e-02   2.9595097e-02   2.9595097e-02
   1.5352929e-01   2.9595097e-02   2.6804559e-02   2.9595097e-02   2.9595097e-02   2.9595097e-02
   1.6456672e-01   2.9595097e-02   2.6804559e-02   2.9595097e-02   2.9595097e-02   2.9595097e-02
   1.7639763e-01   2.9595097e-02   2.6804559e-02   2.9595097e-02   2.9595097e-02   2.9595097e-02
   1.8907909e-01   2.9595097e-02   2.6804559e-02   2.9595097e-02   2.9595097e-02   2.9595097e-02
   2.0267224e-01   2.9595097e-02   2.6804559e-02   2.9595097e-02   2.9595097e-02   2.9595097e-02
   2.1724261e-01   2.9595097e-02   2.6804559e-02   2.9595097e-02   2.9595097e-02   2.9595097e-02
   2.3286047e-01   2.9595097e-02   2.6804559e-02   2.9595097e-02   2.9595097e-02   2.9595097e-02
   2.4960112e-01   2.9595097e-02   2.6804559e-02   2.9595097e-02   2.9595097e-02   2.9595097e-02
   2.6754527e-01   2.9595097e-02   2.6804559e-02   2.9595097e-02   2.9595097e-02   2.9595097e-02
   2.8677945e-01   2.9595097e-02   2.6804559e-02   2.9595097e-02   2.9595097e-02   2.9595097e-02
   3.0739641e-01   2.9595097e-02   2.6804559e-02   2.9595097e-02   2.9595097e-02   2.9595097e-02
   3.2949554e-01   2.9595097e-02   2.6804559e-02   2.9595097e-02   2.9595097e-02   2.9595097e-02
   3.5318341e-01   2.9595097e-02   2.6804559e-02   2.9595097e-02   2.9595097e-02   2.9595097e-02
   3.7857423e-01   2.9595097e-02   2.6804559e-02   2.9595097e-02   2.9595097e-02   2.9595097e-02
   4.0579043e-01   2.9595097e-02   2.6804559e-02   2.9595097e-02   2.9595097e-02   2.9595097e-02
   4.3496324e-01   2.9595097e-02   2.6804559e-02   2.9595097e-02   2.9595097e-02   2.9595097e-02
   4.6623332e-01   2.9595097e-02   2.6804559e-02   2.9595097e-02   2.9595097e-02   2.9595097e-02
   4.9975145e-01   2.9595097e-02   2.6804559e-02   2.9595097e-02   2.9595097e-02   2.9595097e-02
   5.3567924e-01   2.9595097e-02   2.6804559e-02   2.9595097e-02   2.9595097e-02   2.9595097e-02
   5.7418993e-01   2.9595097e-02   2.6804559e-02   2.9595097e-02   2.9595097e-02   2.9595097e-02
   6.1546920e-01   2.9595097e-02   2.6804559e-02   2.9595097e-02   2.9595097e-02   2.9595097e-02
   6.5971609e-01   2.9595097e-02   2.6804559e-02   2.9595097e-02   2.9595097e-02   2.9595097e-02
   7.0714395e-01   2.9595097e-02   2.6804559e-02   2.9595097e-02   2.9595097e-02   2.9595097e-02
   7.5798146e-01   2.9595097e-02   2.6804559e-02   2.9595097e-02   2.9595097e-02   2.9595097e-02
   8.1247375e-01   2.9595097e-02   2.6804559e-02   2.9595097e-02   2.9595097e-02   2.9595097e-02
   8.7088356e-01   2.9595097e-02   2.6804559e-02   2.9595097e-02   2.9595097e-02   2.9595097e-02
   9.3349252e-01   2.9595097e-02   2.6804559e-02   2.9595097e-02   2.9595097e-02   2.9595097e-02
   1.0006025e+00   2.9595097e-02   2.6804559e-02   2.9595097e-02   2.9595097e-02   2.9595097e-02
   1.0725372e+00   2.9595097e-02   2.6804559e-02   2.9595097e-02   2.9595097e-02   2.9595097e-02
   1.1496433e+00   2.9595097e-02   2.6804559e-02   2.9595097e-02   2.9595097e-02   2.9595097e-02
   1.2322927e+00   2.9595097e-02   2.6804559e-02   2.9595097e-02   2.9595097e-02   2.9595097e-02
   1.3208838e+00   2.9595097e-02   2.6804559e-02   2.9595097e-02   2.9595097e-02   2.9595097e-02
   1.4158439e+00   2.9595097e-02   2.6804559e-02   2.9595097e-02   2.9595097e-02   2.9595097e-02
   1.5176308e+00   2.9595097e-02   2.6804559e-02   2.9595097e-02   2.9595097e-02   2.9595097e-02
   1.6267352e+00   2.9595097e-02   2.6804559e-02   2.9595097e-02   2.9595097e-02   2.9595097e-02
   1.7436834e+00   2.9595097e-02   2.6804559e-02   2.9595097e-02   2.9595097e-02   2.9595097e-02
   1.8690391e+00   2.9595097e-02   2.6804559e-02   2.9595097e-02   2.9595097e-02   2.9595097e-02
   2.0034068e+00   2.9595097e-02   2.6804559e-02   2.9595097e-02   2.9595097e-02   2.9595097e-02
   2.1474343e+00   2.9595097e-02   2.6804559e-02   2.9595097e-02   2.9595097e-02   2.9595097e-02
   2.3018162e+00   2.9595097e-02   2.6804559e-02   2.9595097e-02   2.9595097e-02   2.9595097e-02
   2.4672968e+00   2.9595097e-02   2.6804559e-02   2.9595097e-02   2.9595097e-02   2.9595097e-02
   2.6446740e+00   2.9595097e-02   2.6804559e-02   2.9595097e-02   2.9595097e-02   2.9595097e-02
   2.8348031e+00   2.9595097e-02   2.6804559e-02   2.9595097e-02   2.9595097e-02   2.9595097e-02
   3.0386009e+00   2.9595097e-02   2.6804559e-02   2.9595097e-02   2.9595097e-02   2.9595097e-02
   3.2570499e+00   2.9595097e-02   2.6804559e-02   2.9595097e-02   2.9595097e-02   2.9595097e-02
   3.4912035e+00   2.9595097e-02   2.6804559e-02   2.9595097e-02   2.9595097e-02   2.9595097e-02
   3.7421907e+00   2.9595097e-02   2.6804559e-02   2.9595097e-02   2.9595097e-02   2.9595097e-02
   4.0112218e+00   2.9595097e-02   2.6804559e-02   2.9595097e-02   2.9595097e-02   2.9595097e-02
   4.2995938e+00   2.9595097e-02   2.6804559e-02   2.9595097e-02   2.9595097e-02   2.9595097e-02
   4.6086973e+00   2.9595097e-02   2.6804559e-02   2.9595097e-02   2.9595097e-02   2.9595097e-02
   4.9400226e+00   2.9595097e-02   2.6804559e-02   2.9595097e-02   2.9595097e-02   2.9595097e-02
   5.2951673e+00   2.9595097e-02   2.6804559e-02   2.9595097e-02   2.9595097e-02   2.9595097e-02
   5.6758439e+00   2.9595097e-02   2.6804559e-02   2.9595097e-02   2.9595097e-02   2.9595097e-02
   6.0838878e+00   2.9595097e-02   2.6804559e-02   2.9595097e-02   2.9595097e-02   2.9595097e-02
   6.5212665e+00   2.9595097e-02   2.6804559e-02   2.9595097e-02   2.9595097e-02   2.9595097e-02
   6.9900890e+00   2.9595097e-02   2.6804559e-02   2.9595097e-02   2.9595097e-02   2.9595097e-02
   7.4926157e+00   2.9595097e-02   2.6804559e-02   2.9595097e-02   2.9595097e-02   2.9595097e-02
   8.0312697e+00   2.9607379e-02   2.6823436e-02   2.9605159e-02   2.9602674e-02   2.9633484e-02
   8.6086483e+00   3.5625135e-02   3.6513859e-02   3.4465602e-02   3.3204235e-02   5.1605082e-02
   9.2275354e+00   4.8119496e-02   6.0071693e-02   4.4129159e-02   4.0022015e-02   1.2309666e-01
   9.8909151e+00   6.4904624e-02   9.8307055e-02   5.6433088e-02   4.8188325e-02   2.8044441e-01
   1.0601986e+01   7.8179672e-02   1.3316307e-01   6.5669529e-02   5.3961311e-02   4.5230907e-01
   1.1364177e+01   8.8966344e-02   1.6547744e-01   7.2775996e-02   5.8130901e-02   6.1810870e-01
   1.2181162e+01   9.8851170e-02   1.9893536e-01   7.8942089e-02   6.1525398e-02   7.6385288e-01
   1.3056882e+01   1.0876726e-01   2.3639312e-01   8.4802668e-02   6.4552696e-02   8.7235245e-01
   1.3995559e+01   1.1943290e-01   2.8064749e-01   9.0782983e-02   6.7452697e-02   9.3913655e-01
   1.5001718e+01   1.3153250e-01   3.3456841e-01   9.7232973e-02   7.0391547e-02   9.7377049e-01
   1.6080211e+01   1.4580877e-01   4.0064213e-01   1.0449053e-01   7.3502778e-02   9.8950567e-01
   1.7236239e+01   1.6311750e-01   4.7981331e-01   1.1291835e-01   7.6908341e-02   9.9601609e-01
   1.8475375e+01   1.8445238e-01   5.6983730e-01   1.2292813e-01   8.0730640e-02   9.9854245e-01
   1.9803594e+01   2.1093295e-01   6.6430246e-01   1.3499771e-01   8.5100561e-02   9.9948055e-01
   2.1227300e+01   2.4371577e-01   7.5388673e-01   1.4967233e-01   9.0160461e-02   9.9981825e-01
   2.2753359e+01   2.8371982e-01   8.2986784e-01   1.6750732e-01   9.6050163e-02   9.9993709e-01
   2.4389128e+01   3.3142392e-01   8.8801530e-01   1.8906088e-01   1.0291530e-01   9.9997836e-01
   2.6142495e+01   3.8662915e-01   9.2896455e-01   2.1486729e-01   1.1091256e-01   9.9999258e-01
   2.8021913e+01   4.4824877e-01   9.5608765e-01   2.4537976e-01   1.2020960e-01   9.9999746e-01
   3.0036445e+01   5.1426077e-01   9.7331118e-01   2.8089503e-01   1.3098334e-01   9.9999913e-01
   3.2195805e+01   5.8191469e-01   9.8395164e-01   3.2147097e-01   1.4341759e-01   9.9999970e-01
   3.4510404e+01   6.4816138e-01   9.9041183e-01   3.6684263e-01   1.5769692e-01   9.9999990e-01
   3.6991402e+01   7.1019781e-01   9.9429268e-01   4.1637214e-01   1.7400044e-01   9.9999997e-01
   3.9650763e+01   7.6591328e-01   9.9660941e-01   4.6904337e-01   1.9249199e-01   9.9999999e-01
   4.2501309e+01   8.1411186e-01   9.9798750e-01   5.2352528e-01   2.1330928e-01   1.0000000e+00
   4.5556784e+01   8.5448012e-01   9.9880568e-01   5.7829370e-01   2.3654933e-01   1.0000000e+00
   4.8831921e+01   8.8739138e-01   9.9929103e-01   6.3180222e-01   2.6225580e-01   1.0000000e+00
   5.2342512e+01   9.1364227e-01   9.9957888e-01   6.8264672e-01   2.9040167e-01   1.0000000e+00
   5.6105484e+01   9.3422226e-01   9.9974963e-01   7.2970742e-01   3.2087857e-01   1.0000000e+00
   6.0138982e+01   9.5014363e-01   9.9985099e-01   7.7222800e-01   3.5349002e-01   1.0000000e+00
   6.4462452e+01   9.6233711e-01   9.9991119e-01   8.0982113e-01   3.8794472e-01   1.0000000e+00
   6.9096743e+01   9.7160667e-01   9.9994699e-01   8.4243318e-01   4.2386635e-01   1.0000000e+00
   7.4064199e+01   9.7861605e-01   9.9996830e-01   8.7026750e-01   4.6080513e-01   1.0000000e+00
   7.9388772e+01   9.8389680e-01   9.9998100e-01   8.9370092e-01   4.9825814e-01   1.0000000e+00
   8.5096136e+01   9.8786540e-01   9.9998859e-01   9.1320619e-01   5.3569329e-01   1.0000000e+00
   9.1213809e+01   9.9084351e-01   9.9999313e-01   9.2929227e-01   5.7258031e-01   1.0000000e+00
   9.7771290e+01   9.9307670e-01   9.9999585e-01   9.4245975e-01   6.0841657e-01   1.0000000e+00
   1.0480020e+02   9.9475119e-01   9.9999748e-01   9.5317525e-01   6.4275626e-01   1.0000000e+00
   1.1233442e+02   9.9600729e-01   9.9999846e-01   9.6185561e-01   6.7522637e-01   1.0000000e+00
   1.2041029e+02   9.9695021e-01   9.9999906e-01   9.6886172e-01   7.0553338e-01   1.0000000e+00
   1.2906675e+02   9.9765868e-01   9.9999942e-01   9.7449978e-01   7.3346681e-01   1.0000000e+00
   1.3834553e+02   9.9819156e-01   9.9999964e-01   9.7902555e-01   7.5889629e-01   1.0000000e+00
   1.4829137e+02   9.9859263e-01   9.9999977e-01   9.8264828e-01   7.8175070e-01   1.0000000e+00
   1.5895223e+02   9.9889442e-01   9.9999986e-01   9.8553701e-01   8.0200096e-01   1.0000000e+00
   1.7037951e+02   9.9912095e-01   9.9999991e-01   9.8782545e-01   8.1963213e-01   1.0000000e+00
   1.8262832e+02   9.9928989e-01   9.9999994e-01   9.8961779e-01   8.3462506e-01   1.0000000e+00
   1.9575771e+02   9.9941399e-01   9.9999996e-01   9.9099125e-01   8.4692308e-01   1.0000000e+00
   2.0983099e+02   9.9950177e-01   9.9999997e-01   9.9199477e-01   8.5637201e-01   1.0000000e+00
   2.2491602e+02   9.9955726e-01   9.9999998e-01   9.9264019e-01   8.6261079e-01   1.0000000e+00
   2.4108553e+02   9.9957723e-01   9.9999998e-01   9.9287112e-01   8.6483219e-01   1.0000000e+00
   2.5841749e+02   9.9957723e-01   9.9999998e-01   9.9287112e-01   8.6483219e-01   1.0000000e+00
   2.7699546e+02   9.9957723e-01   9.9999998e-01   9.9287112e-01   8.6483219e-01   1.0000000e+00
   2.9690903e+02   9.9957723e-01   9.9999998e-01   9.9287112e-01   8.6483219e-01   1.0000000e+00
   3.1825421e+02   9.9957723e-01   9.9999998e-01   9.9287112e-01   8.6483219e-01   1.0000000e+00
   3.4113393e+02   9.9957723e-01   9.9999998e-01   9.9287112e-01   8.6483219e-01   1.0000000e+00
   3.6565850e+02   9.9957723e-01   9.9999998e-01   9.9287112e-01   8.6483219e-01   1.0000000e+00
   3.9194617e+02   9.9957723e-01   9.9999998e-01   9.9287112e-01   8.6483219e-01   1.0000000e+00
   4.2012369e+02   9.9957723e-01   9.9999998e-01   9.9287112e-01   8.6483219e-01   1.0000000e+00
   4.5032694e+02   9.9957723e-01   9.9999998e-01   9.9287112e-01   8.6483219e-01   1.0000000e+00
   4.8270154e+02   9.9957723e-01   9.9999998e-01   9.9287112e-01   8.6483219e-01   1.0000000e+00
   5.1740359e+02   9.9957723e-01   9.9999998e-01   9.9287112e-01   8.6483219e-01   1.0000000e+00
   5.5460042e+02   9.9957723e-01   9.9999998e-01   9.9287112e-01   8.6483219e-01   1.0000000e+00
   5.9447137e+02   9.9957723e-01   9.9999998e-01   9.9287112e-01   8.6483219e-01   1.0000000e+00
   6.3720870e+02   9.9957723e-01   9.9999998e-01   9.9287112e-01   8.6483219e-01   1.0000000e+00
   6.8301848e+02   9.9957723e-01   9.9999998e-01   9.9287112e-01   8.6483219e-01   1.0000000e+00
   7.3212158e+02   9.9957723e-01   9.9999998e-01   9.9287112e-01   8.6483219e-01   1.0000000e+00
   7.8475476e+02   9.9957723e-01   9.9999998e-01   9.9287112e-01   8.6483219e-01   1.0000000e+00
   8.4117182e+02   9.9957723e-01   9.9999998e-01   9.9287112e-01   8.6483219e-01   1.0000000e+00
   9.0164477e+02   9.9957723e-01   9.9999998e-01   9.9287112e-01   8.6483219e-01   1.0000000e+00
   9.6646520e+02   9.9957723e-01   9.9999998e-01   9.9287112e-01   8.6483219e-01   1.0000000e+00
