S870 bestfit flat steep
   1.0359457e-03   6.7892510e-02   5.9756348e-02   7.6090408e-02
   1.1104212e-03   6.7892583e-02   5.9756397e-02   7.6090510e-02
   1.1902508e-03   6.7892662e-02   5.9756450e-02   7.6090619e-02
   1.2758195e-03   6.7892746e-02   5.9756506e-02   7.6090736e-02
   1.3675398e-03   6.7892836e-02   5.9756567e-02   7.6090862e-02
   1.4658541e-03   6.7892932e-02   5.9756632e-02   7.6090997e-02
   1.5712363e-03   6.7893036e-02   5.9756701e-02   7.6091141e-02
   1.6841945e-03   6.7893147e-02   5.9756776e-02   7.6091296e-02
   1.8052735e-03   6.7893266e-02   5.9756856e-02   7.6091462e-02
   1.9350570e-03   6.7893393e-02   5.9756942e-02   7.6091640e-02
   2.0741708e-03   6.7893530e-02   5.9757034e-02   7.6091831e-02
   2.2232857e-03   6.7893676e-02   5.9757132e-02   7.6092035e-02
   2.3831206e-03   6.7893833e-02   5.9757238e-02   7.6092254e-02
   2.5544463e-03   6.7894001e-02   5.9757351e-02   7.6092489e-02
   2.7380888e-03   6.7894182e-02   5.9757472e-02   7.6092741e-02
   2.9349336e-03   6.7894375e-02   5.9757602e-02   7.6093011e-02
   3.1459299e-03   6.7894582e-02   5.9757742e-02   7.6093300e-02
   3.3720949e-03   6.7894804e-02   5.9757891e-02   7.6093610e-02
   3.6145193e-03   6.7895043e-02   5.9758051e-02   7.6093943e-02
   3.8743718e-03   6.7895298e-02   5.9758223e-02   7.6094299e-02
   4.1529055e-03   6.7895571e-02   5.9758407e-02   7.6094681e-02
   4.4514634e-03   6.7895865e-02   5.9758604e-02   7.6095090e-02
   4.7714849e-03   6.7896179e-02   5.9758815e-02   7.6095529e-02
   5.1145133e-03   6.7896516e-02   5.9759042e-02   7.6095999e-02
   5.4822024e-03   6.7896877e-02   5.9759285e-02   7.6096504e-02
   5.8763252e-03   6.7897264e-02   5.9759545e-02   7.6097044e-02
   6.2987819e-03   6.7897679e-02   5.9759824e-02   7.6097623e-02
   6.7516097e-03   6.7898124e-02   5.9760123e-02   7.6098244e-02
   7.2369918e-03   6.7898601e-02   5.9760444e-02   7.6098910e-02
   7.7572687e-03   6.7899112e-02   5.9760787e-02   7.6099623e-02
   8.3149490e-03   6.7899660e-02   5.9761156e-02   7.6100388e-02
   8.9127216e-03   6.7900247e-02   5.9761551e-02   7.6101207e-02
   9.5534689e-03   6.7900876e-02   5.9761974e-02   7.6102086e-02
   1.0240280e-02   6.7901551e-02   5.9762427e-02   7.6103028e-02
   1.0976468e-02   6.7902274e-02   5.9762914e-02   7.6104038e-02
   1.1765580e-02   6.7903049e-02   5.9763435e-02   7.6105120e-02
   1.2611424e-02   6.7903880e-02   5.9763994e-02   7.6106280e-02
   1.3518075e-02   6.7904771e-02   5.9764593e-02   7.6107523e-02
   1.4489908e-02   6.7905725e-02   5.9765235e-02   7.6108856e-02
   1.5531606e-02   6.7906749e-02   5.9765923e-02   7.6110285e-02
   1.6648194e-02   6.7907846e-02   5.9766660e-02   7.6111816e-02
   1.7845055e-02   6.7909022e-02   5.9767451e-02   7.6113458e-02
   1.9127959e-02   6.7910282e-02   5.9768299e-02   7.6115217e-02
   2.0503093e-02   6.7911633e-02   5.9769207e-02   7.6117104e-02
   2.1977088e-02   6.7913081e-02   5.9770181e-02   7.6119126e-02
   2.3557050e-02   6.7914634e-02   5.9771225e-02   7.6121293e-02
   2.5250597e-02   6.7916298e-02   5.9772344e-02   7.6123616e-02
   2.7065896e-02   6.7918082e-02   5.9773543e-02   7.6126107e-02
   2.9011699e-02   6.7919994e-02   5.9774829e-02   7.6128777e-02
   3.1097388e-02   6.7922043e-02   5.9776207e-02   7.6131638e-02
   3.3333020e-02   6.7924240e-02   5.9777684e-02   7.6134706e-02
   3.5729375e-02   6.7926595e-02   5.9779267e-02   7.6137995e-02
   3.8298007e-02   6.7929120e-02   5.9780965e-02   7.6141520e-02
   4.1051301e-02   6.7931826e-02   5.9782784e-02   7.6145299e-02
   4.4002533e-02   6.7934727e-02   5.9784734e-02   7.6149349e-02
   4.7165933e-02   6.7937836e-02   5.9786825e-02   7.6153692e-02
   5.0556754e-02   6.7941170e-02   5.9789066e-02   7.6158347e-02
   5.4191346e-02   6.7944743e-02   5.9791468e-02   7.6163337e-02
   5.8087234e-02   6.7948573e-02   5.9794043e-02   7.6168687e-02
   6.2263201e-02   6.7952679e-02   5.9796803e-02   7.6174422e-02
   6.6739385e-02   6.7957081e-02   5.9799762e-02   7.6180570e-02
   7.1537368e-02   6.7961799e-02   5.9802934e-02   7.6187160e-02
   7.6680283e-02   6.7966857e-02   5.9806334e-02   7.6194226e-02
   8.2192930e-02   6.7972280e-02   5.9809979e-02   7.6201801e-02
   8.8101888e-02   6.7978092e-02   5.9813886e-02   7.6209921e-02
   9.4435649e-02   6.7984324e-02   5.9818074e-02   7.6218627e-02
   1.0122475e-01   6.7991004e-02   5.9822564e-02   7.6227961e-02
   1.0850193e-01   6.7998165e-02   5.9827377e-02   7.6237967e-02
   1.1630228e-01   6.8005843e-02   5.9832537e-02   7.6248696e-02
   1.2466341e-01   6.8014073e-02   5.9838068e-02   7.6260198e-02
   1.3362562e-01   6.8022897e-02   5.9843997e-02   7.6272530e-02
   1.4323214e-01   6.8032356e-02   5.9850354e-02   7.6285753e-02
   1.5352929e-01   6.8042498e-02   5.9857168e-02   7.6299930e-02
   1.6456672e-01   6.8053371e-02   5.9864473e-02   7.6315131e-02
   1.7639763e-01   6.8065028e-02   5.9872305e-02   7.6331430e-02
   1.8907909e-01   6.8077527e-02   5.9880701e-02   7.6348907e-02
   2.0267224e-01   6.8090927e-02   5.9889703e-02   7.6367648e-02
   2.1724261e-01   6.8105294e-02   5.9899353e-02   7.6387745e-02
   2.3286047e-01   6.8120699e-02   5.9909699e-02   7.6409295e-02
   2.4960112e-01   6.8137216e-02   5.9920791e-02   7.6432406e-02
   2.6754527e-01   6.8154926e-02   5.9932684e-02   7.6457190e-02
   2.8677945e-01   6.8173916e-02   5.9945434e-02   7.6483771e-02
   3.0739641e-01   6.8194280e-02   5.9959105e-02   7.6512279e-02
   3.2949554e-01   6.8216116e-02   5.9973763e-02   7.6542855e-02
   3.5318341e-01   6.8239532e-02   5.9989479e-02   7.6575651e-02
   3.7857423e-01   6.8264644e-02   6.0006331e-02   7.6610831e-02
   4.0579043e-01   6.8291574e-02   6.0024401e-02   7.6648568e-02
   4.3496324e-01   6.8320456e-02   6.0043777e-02   7.6689051e-02
   4.6623332e-01   6.8351432e-02   6.0064555e-02   7.6732483e-02
   4.9975145e-01   6.8384656e-02   6.0086835e-02   7.6779082e-02
   5.3567924e-01   6.8420292e-02   6.0110729e-02   7.6829081e-02
   5.7418993e-01   6.8458517e-02   6.0136354e-02   7.6882733e-02
   6.1546920e-01   6.8499521e-02   6.0163835e-02   7.6940310e-02
   6.5971609e-01   6.8543509e-02   6.0193308e-02   7.7002103e-02
   7.0714395e-01   6.8590701e-02   6.0224920e-02   7.7068427e-02
   7.5798146e-01   6.8641334e-02   6.0258827e-02   7.7139623e-02
   8.1247375e-01   6.8695661e-02   6.0295197e-02   7.7216055e-02
   8.7088356e-01   6.8753957e-02   6.0334212e-02   7.7298118e-02
   9.3349252e-01   6.8816517e-02   6.0376065e-02   7.7386238e-02
   1.0006025e+00   6.8883658e-02   6.0420966e-02   7.7480875e-02
   1.0725372e+00   6.8955723e-02   6.0469140e-02   7.7582524e-02
   1.1496433e+00   6.9033079e-02   6.0520828e-02   7.7691723e-02
   1.2322927e+00   6.9116124e-02   6.0576293e-02   7.7809051e-02
   1.3208838e+00   6.9205287e-02   6.0635813e-02   7.7935135e-02
   1.4158439e+00   6.9301029e-02   6.0699691e-02   7.8070655e-02
   1.5176308e+00   6.9403850e-02   6.0768251e-02   7.8216347e-02
   1.6267352e+00   6.9514288e-02   6.0841845e-02   7.8373010e-02
   1.7436834e+00   6.9632926e-02   6.0920850e-02   7.8541510e-02
   1.8690391e+00   6.9760392e-02   6.1005673e-02   7.8722787e-02
   2.0034068e+00   6.9897368e-02   6.1096754e-02   7.8917866e-02
   2.1474343e+00   7.0044591e-02   6.1194565e-02   7.9127860e-02
   2.3018162e+00   7.0202857e-02   6.1299620e-02   7.9353984e-02
   2.4672968e+00   7.0373034e-02   6.1412471e-02   7.9597562e-02
   2.6446740e+00   7.0556059e-02   6.1533715e-02   7.9860041e-02
   2.8348031e+00   7.0752952e-02   6.1664000e-02   8.0143005e-02
   3.0386009e+00   7.0964821e-02   6.1804024e-02   8.0448190e-02
   3.2570499e+00   7.1192871e-02   6.1954545e-02   8.0777501e-02
   3.4912035e+00   7.1438415e-02   6.2116383e-02   8.1133033e-02
   3.7421907e+00   7.1702884e-02   6.2290430e-02   8.1517093e-02
   4.0112218e+00   7.1987840e-02   6.2477650e-02   8.1932231e-02
   4.2995938e+00   7.2294991e-02   6.2679094e-02   8.2381268e-02
   4.6086973e+00   7.2626207e-02   6.2895903e-02   8.2867331e-02
   4.9400226e+00   7.2983539e-02   6.3129318e-02   8.3393903e-02
   5.2951673e+00   7.3369236e-02   6.3380694e-02   8.3964867e-02
   5.6758439e+00   7.3785775e-02   6.3651506e-02   8.4584569e-02
   6.0838878e+00   7.4235885e-02   6.3943368e-02   8.5257889e-02
   6.5212665e+00   7.4722581e-02   6.4258041e-02   8.5990328e-02
   6.9900890e+00   7.5249199e-02   6.4597456e-02   8.6788110e-02
   7.4926157e+00   7.5819441e-02   6.4963732e-02   8.7658313e-02
   8.0312697e+00   7.6437425e-02   6.5359192e-02   8.8609016e-02
   8.6086483e+00   7.7107745e-02   6.5786397e-02   8.9649496e-02
   9.2275354e+00   7.7835541e-02   6.6248165e-02   9.0790460e-02
   9.8909151e+00   7.8626583e-02   6.6747612e-02   9.2044347e-02
   1.0601986e+01   7.9487374e-02   6.7288183e-02   9.3425698e-02
   1.1364177e+01   8.0425266e-02   6.7873701e-02   9.4951637e-02
   1.2181162e+01   8.1448615e-02   6.8508414e-02   9.6642486e-02
   1.3056882e+01   8.2566957e-02   6.9197056e-02   9.8522565e-02
   1.3995559e+01   8.3791232e-02   6.9944921e-02   1.0062124e-01
   1.5001718e+01   8.5134064e-02   7.0757938e-02   1.0297434e-01
   1.6080211e+01   8.6610114e-02   7.1642774e-02   1.0562597e-01
   1.7236239e+01   8.8236524e-02   7.2606953e-02   1.0863112e-01
   1.8475375e+01   9.0033495e-02   7.3658991e-02   1.1205907e-01
   1.9803594e+01   9.2025036e-02   7.4808572e-02   1.1599823e-01
   2.1227300e+01   9.4239960e-02   7.6066751e-02   1.2056282e-01
   2.2753359e+01   9.6713203e-02   7.7446214e-02   1.2590240e-01
   2.4389128e+01   9.9487635e-02   7.8961588e-02   1.3221524e-01
   2.6142495e+01   1.0261654e-01   8.0629839e-02   1.3976766e-01
   2.8021913e+01   1.0616709e-01   8.2470772e-02   1.4892155e-01
   3.0036445e+01   1.1022532e-01   8.4507666e-02   1.6017358e-01
   3.2195805e+01   1.1490326e-01   8.6768100e-02   1.7421031e-01
   3.4510404e+01   1.2034952e-01   8.9285035e-02   1.9198257e-01
   3.6991402e+01   1.2676494e-01   9.2098258e-02   2.1479897e-01
   3.9650763e+01   1.3442647e-01   9.5256331e-02   2.4442413e-01
   4.2501309e+01   1.4372352e-01   9.8819280e-02   2.8313277e-01
   4.5556784e+01   1.5521404e-01   1.0286237e-01   3.3359827e-01
   4.8831921e+01   1.6971046e-01   1.0748153e-01   3.9838437e-01
   5.2342512e+01   1.8840887e-01   1.1280126e-01   4.7874803e-01
   5.6105484e+01   2.1307314e-01   1.1898651e-01   5.7274255e-01
   6.0138982e+01   2.4626412e-01   1.2626084e-01   6.7358579e-01
   6.4462452e+01   2.9152511e-01   1.3493490e-01   7.7035955e-01
   6.9096743e+01   3.5322448e-01   1.4545176e-01   8.5210588e-01
   7.4064199e+01   4.3537360e-01   1.5846052e-01   9.1272099e-01
   7.9388772e+01   5.3855325e-01   1.7493627e-01   9.5253537e-01
   8.5096136e+01   6.5551605e-01   1.9637379e-01   9.7605353e-01
   9.1213809e+01   7.6999941e-01   2.2508623e-01   9.8873452e-01
   9.7771290e+01   8.6397230e-01   2.6460797e-01   9.9504564e-01
   1.0480020e+02   9.2843542e-01   3.2003361e-01   9.9796314e-01
   1.1233442e+02   9.6609433e-01   3.9759818e-01   9.9921869e-01
   1.2041029e+02   9.8535393e-01   5.0181261e-01   9.9972130e-01
   1.2906675e+02   9.9418525e-01   6.2860082e-01   9.9990795e-01
   1.3834553e+02   9.9787159e-01   7.5899745e-01   9.9997199e-01
   1.4829137e+02   9.9928219e-01   8.6646291e-01   9.9999219e-01
   1.5895223e+02   9.9977765e-01   9.3650330e-01   9.9999802e-01
   1.7037951e+02   9.9993703e-01   9.7357196e-01   9.9999954e-01
   1.8262832e+02   9.9998379e-01   9.9018326e-01   9.9999991e-01
   1.9575771e+02   9.9999623e-01   9.9670779e-01   9.9999998e-01
   2.0983099e+02   9.9999921e-01   9.9899924e-01   1.0000000e+00
   2.2491602e+02   9.9999985e-01   9.9972460e-01   1.0000000e+00
   2.4108553e+02   9.9999998e-01   9.9993167e-01   1.0000000e+00
   2.5841749e+02   1.0000000e+00   9.9998480e-01   1.0000000e+00
   2.7699546e+02   1.0000000e+00   9.9999699e-01   1.0000000e+00
   2.9690903e+02   1.0000000e+00   9.9999947e-01   1.0000000e+00
   3.1825421e+02   1.0000000e+00   9.9999992e-01   1.0000000e+00
   3.4113393e+02   1.0000000e+00   9.9999999e-01   1.0000000e+00
   3.6565850e+02   1.0000000e+00   1.0000000e+00   1.0000000e+00
   3.9194617e+02   1.0000000e+00   1.0000000e+00   1.0000000e+00
   4.2012369e+02   1.0000000e+00   1.0000000e+00   1.0000000e+00
   4.5032694e+02   1.0000000e+00   1.0000000e+00   1.0000000e+00
   4.8270154e+02   1.0000000e+00   1.0000000e+00   1.0000000e+00
   5.1740359e+02   1.0000000e+00   1.0000000e+00   1.0000000e+00
   5.5460042e+02   1.0000000e+00   1.0000000e+00   1.0000000e+00
   5.9447137e+02   1.0000000e+00   1.0000000e+00   1.0000000e+00
   6.3720870e+02   1.0000000e+00   1.0000000e+00   1.0000000e+00
   6.8301848e+02   1.0000000e+00   1.0000000e+00   1.0000000e+00
   7.3212158e+02   1.0000000e+00   1.0000000e+00   1.0000000e+00
   7.8475476e+02   1.0000000e+00   1.0000000e+00   1.0000000e+00
   8.4117182e+02   1.0000000e+00   1.0000000e+00   1.0000000e+00
   9.0164477e+02   1.0000000e+00   1.0000000e+00   1.0000000e+00
   9.6646520e+02   1.0000000e+00   1.0000000e+00   1.0000000e+00
