S870 bestfit flat steep
   1.0359457e-03   1.7058704e-02   1.3314877e-02   2.1542388e-02
   1.1104212e-03   1.7058738e-02   1.3314897e-02   2.1542442e-02
   1.1902508e-03   1.7058774e-02   1.3314918e-02   2.1542501e-02
   1.2758195e-03   1.7058812e-02   1.3314941e-02   2.1542564e-02
   1.3675398e-03   1.7058854e-02   1.3314965e-02   2.1542631e-02
   1.4658541e-03   1.7058898e-02   1.3314991e-02   2.1542704e-02
   1.5712363e-03   1.7058946e-02   1.3315020e-02   2.1542781e-02
   1.6841945e-03   1.7058997e-02   1.3315050e-02   2.1542864e-02
   1.8052735e-03   1.7059052e-02   1.3315082e-02   2.1542953e-02
   1.9350570e-03   1.7059110e-02   1.3315117e-02   2.1543049e-02
   2.0741708e-03   1.7059173e-02   1.3315154e-02   2.1543151e-02
   2.2232857e-03   1.7059241e-02   1.3315194e-02   2.1543261e-02
   2.3831206e-03   1.7059313e-02   1.3315236e-02   2.1543378e-02
   2.5544463e-03   1.7059390e-02   1.3315282e-02   2.1543504e-02
   2.7380888e-03   1.7059473e-02   1.3315331e-02   2.1543639e-02
   2.9349336e-03   1.7059562e-02   1.3315383e-02   2.1543784e-02
   3.1459299e-03   1.7059658e-02   1.3315440e-02   2.1543939e-02
   3.3720949e-03   1.7059760e-02   1.3315500e-02   2.1544106e-02
   3.6145193e-03   1.7059869e-02   1.3315565e-02   2.1544284e-02
   3.8743718e-03   1.7059987e-02   1.3315634e-02   2.1544475e-02
   4.1529055e-03   1.7060113e-02   1.3315709e-02   2.1544680e-02
   4.4514634e-03   1.7060248e-02   1.3315788e-02   2.1544899e-02
   4.7714849e-03   1.7060392e-02   1.3315874e-02   2.1545135e-02
   5.1145133e-03   1.7060547e-02   1.3315965e-02   2.1545387e-02
   5.4822024e-03   1.7060714e-02   1.3316063e-02   2.1545658e-02
   5.8763252e-03   1.7060892e-02   1.3316169e-02   2.1545948e-02
   6.2987819e-03   1.7061083e-02   1.3316281e-02   2.1546258e-02
   6.7516097e-03   1.7061287e-02   1.3316402e-02   2.1546591e-02
   7.2369918e-03   1.7061507e-02   1.3316532e-02   2.1546948e-02
   7.7572687e-03   1.7061742e-02   1.3316671e-02   2.1547331e-02
   8.3149490e-03   1.7061994e-02   1.3316819e-02   2.1547741e-02
   8.9127216e-03   1.7062264e-02   1.3316979e-02   2.1548181e-02
   9.5534689e-03   1.7062554e-02   1.3317150e-02   2.1548653e-02
   1.0240280e-02   1.7062864e-02   1.3317333e-02   2.1549158e-02
   1.0976468e-02   1.7063197e-02   1.3317530e-02   2.1549700e-02
   1.1765580e-02   1.7063554e-02   1.3317740e-02   2.1550280e-02
   1.2611424e-02   1.7063936e-02   1.3317966e-02   2.1550902e-02
   1.3518075e-02   1.7064346e-02   1.3318208e-02   2.1551570e-02
   1.4489908e-02   1.7064786e-02   1.3318468e-02   2.1552285e-02
   1.5531606e-02   1.7065257e-02   1.3318746e-02   2.1553051e-02
   1.6648194e-02   1.7065761e-02   1.3319044e-02   2.1553873e-02
   1.7845055e-02   1.7066303e-02   1.3319363e-02   2.1554754e-02
   1.9127959e-02   1.7066883e-02   1.3319706e-02   2.1555698e-02
   2.0503093e-02   1.7067504e-02   1.3320073e-02   2.1556710e-02
   2.1977088e-02   1.7068171e-02   1.3320466e-02   2.1557795e-02
   2.3557050e-02   1.7068886e-02   1.3320888e-02   2.1558958e-02
   2.5250597e-02   1.7069652e-02   1.3321341e-02   2.1560205e-02
   2.7065896e-02   1.7070473e-02   1.3321825e-02   2.1561542e-02
   2.9011699e-02   1.7071353e-02   1.3322345e-02   2.1562975e-02
   3.1097388e-02   1.7072296e-02   1.3322902e-02   2.1564510e-02
   3.3333020e-02   1.7073307e-02   1.3323499e-02   2.1566157e-02
   3.5729375e-02   1.7074392e-02   1.3324139e-02   2.1567922e-02
   3.8298007e-02   1.7075554e-02   1.3324825e-02   2.1569814e-02
   4.1051301e-02   1.7076800e-02   1.3325560e-02   2.1571843e-02
   4.4002533e-02   1.7078135e-02   1.3326348e-02   2.1574017e-02
   4.7165933e-02   1.7079567e-02   1.3327194e-02   2.1576348e-02
   5.0556754e-02   1.7081101e-02   1.3328099e-02   2.1578848e-02
   5.4191346e-02   1.7082747e-02   1.3329070e-02   2.1581527e-02
   5.8087234e-02   1.7084510e-02   1.3330111e-02   2.1584399e-02
   6.2263201e-02   1.7086401e-02   1.3331227e-02   2.1587479e-02
   6.6739385e-02   1.7088428e-02   1.3332423e-02   2.1590781e-02
   7.1537368e-02   1.7090601e-02   1.3333706e-02   2.1594320e-02
   7.6680283e-02   1.7092931e-02   1.3335081e-02   2.1598116e-02
   8.2192930e-02   1.7095428e-02   1.3336554e-02   2.1602184e-02
   8.8101888e-02   1.7098106e-02   1.3338134e-02   2.1606547e-02
   9.4435649e-02   1.7100976e-02   1.3339828e-02   2.1611225e-02
   1.0122475e-01   1.7104054e-02   1.3341643e-02   2.1616240e-02
   1.0850193e-01   1.7107353e-02   1.3343590e-02   2.1621618e-02
   1.1630228e-01   1.7110891e-02   1.3345677e-02   2.1627384e-02
   1.2466341e-01   1.7114684e-02   1.3347914e-02   2.1633568e-02
   1.3362562e-01   1.7118750e-02   1.3350312e-02   2.1640198e-02
   1.4323214e-01   1.7123111e-02   1.3352884e-02   2.1647309e-02
   1.5352929e-01   1.7127786e-02   1.3355641e-02   2.1654934e-02
   1.6456672e-01   1.7132799e-02   1.3358597e-02   2.1663111e-02
   1.7639763e-01   1.7138174e-02   1.3361766e-02   2.1671881e-02
   1.8907909e-01   1.7143938e-02   1.3365164e-02   2.1681287e-02
   2.0267224e-01   1.7150119e-02   1.3368807e-02   2.1691376e-02
   2.1724261e-01   1.7156747e-02   1.3372713e-02   2.1702197e-02
   2.3286047e-01   1.7163855e-02   1.3376902e-02   2.1713803e-02
   2.4960112e-01   1.7171478e-02   1.3381393e-02   2.1726254e-02
   2.6754527e-01   1.7179654e-02   1.3386210e-02   2.1739611e-02
   2.8677945e-01   1.7188422e-02   1.3391374e-02   2.1753941e-02
   3.0739641e-01   1.7197827e-02   1.3396912e-02   2.1769315e-02
   3.2949554e-01   1.7207914e-02   1.3402851e-02   2.1785812e-02
   3.5318341e-01   1.7218735e-02   1.3409221e-02   2.1803513e-02
   3.7857423e-01   1.7230342e-02   1.3416052e-02   2.1822509e-02
   4.0579043e-01   1.7242794e-02   1.3423378e-02   2.1842896e-02
   4.3496324e-01   1.7256153e-02   1.3431236e-02   2.1864777e-02
   4.6623332e-01   1.7270486e-02   1.3439665e-02   2.1888266e-02
   4.9975145e-01   1.7285866e-02   1.3448706e-02   2.1913481e-02
   5.3567924e-01   1.7302369e-02   1.3458404e-02   2.1940554e-02
   5.7418993e-01   1.7320079e-02   1.3468808e-02   2.1969625e-02
   6.1546920e-01   1.7339087e-02   1.3479971e-02   2.2000844e-02
   6.5971609e-01   1.7359488e-02   1.3491947e-02   2.2034376e-02
   7.0714395e-01   1.7381388e-02   1.3504797e-02   2.2070397e-02
   7.5798146e-01   1.7404899e-02   1.3518586e-02   2.2109099e-02
   8.1247375e-01   1.7430142e-02   1.3533383e-02   2.2150686e-02
   8.7088356e-01   1.7457248e-02   1.3549264e-02   2.2195384e-02
   9.3349252e-01   1.7486358e-02   1.3566310e-02   2.2243435e-02
   1.0006025e+00   1.7517626e-02   1.3584608e-02   2.2295099e-02
   1.0725372e+00   1.7551215e-02   1.3604252e-02   2.2350663e-02
   1.1496433e+00   1.7587305e-02   1.3625342e-02   2.2410435e-02
   1.2322927e+00   1.7626087e-02   1.3647990e-02   2.2474751e-02
   1.3208838e+00   1.7667770e-02   1.3672311e-02   2.2543976e-02
   1.4158439e+00   1.7712581e-02   1.3698435e-02   2.2618508e-02
   1.5176308e+00   1.7760764e-02   1.3726498e-02   2.2698779e-02
   1.6267352e+00   1.7812585e-02   1.3756650e-02   2.2785263e-02
   1.7436834e+00   1.7868333e-02   1.3789050e-02   2.2878475e-02
   1.8690391e+00   1.7928319e-02   1.3823874e-02   2.2978981e-02
   2.0034068e+00   1.7992887e-02   1.3861310e-02   2.3087400e-02
   2.1474343e+00   1.8062405e-02   1.3901563e-02   2.3204410e-02
   2.3018162e+00   1.8137279e-02   1.3944853e-02   2.3330757e-02
   2.4672968e+00   1.8217949e-02   1.3991422e-02   2.3467264e-02
   2.6446740e+00   1.8304898e-02   1.4041530e-02   2.3614835e-02
   2.8348031e+00   1.8398652e-02   1.4095463e-02   2.3774472e-02
   3.0386009e+00   1.8499789e-02   1.4153529e-02   2.3947282e-02
   3.2570499e+00   1.8608940e-02   1.4216065e-02   2.4134495e-02
   3.4912035e+00   1.8726802e-02   1.4283438e-02   2.4337479e-02
   3.7421907e+00   1.8854140e-02   1.4356049e-02   2.4557760e-02
   4.0112218e+00   1.8991797e-02   1.4434338e-02   2.4797043e-02
   4.2995938e+00   1.9140705e-02   1.4518783e-02   2.5057241e-02
   4.6086973e+00   1.9301893e-02   1.4609911e-02   2.5340505e-02
   4.9400226e+00   1.9476505e-02   1.4708300e-02   2.5649265e-02
   5.2951673e+00   1.9665811e-02   1.4814584e-02   2.5986271e-02
   5.6758439e+00   1.9871226e-02   1.4929463e-02   2.6354649e-02
   6.0838878e+00   2.0094331e-02   1.5053707e-02   2.6757970e-02
   6.5212665e+00   2.0336896e-02   1.5188170e-02   2.7200323e-02
   6.9900890e+00   2.0600909e-02   1.5333795e-02   2.7686421e-02
   7.4926157e+00   2.0888613e-02   1.5491629e-02   2.8221715e-02
   8.0312697e+00   2.1202540e-02   1.5662837e-02   2.8812549e-02
   8.6086483e+00   2.1545566e-02   1.5848718e-02   2.9466341e-02
   9.2275354e+00   2.1920966e-02   1.6050723e-02   3.0191822e-02
   9.8909151e+00   2.2332487e-02   1.6270476e-02   3.0999332e-02
   1.0601986e+01   2.2784431e-02   1.6509804e-02   3.1901203e-02
   1.1364177e+01   2.3281766e-02   1.6770764e-02   3.2912243e-02
   1.2181162e+01   2.3830257e-02   1.7055682e-02   3.4050381e-02
   1.3056882e+01   2.4436629e-02   1.7367195e-02   3.5337497e-02
   1.3995559e+01   2.5108774e-02   1.7708304e-02   3.6800532e-02
   1.5001718e+01   2.5856018e-02   1.8082437e-02   3.8472967e-02
   1.6080211e+01   2.6689454e-02   1.8493526e-02   4.0396824e-02
   1.7236239e+01   2.7622381e-02   1.8946100e-02   4.2625394e-02
   1.8475375e+01   2.8670875e-02   1.9445398e-02   4.5226999e-02
   1.9803594e+01   2.9854545e-02   1.9997513e-02   4.8290229e-02
   2.1227300e+01   3.1197548e-02   2.0609566e-02   5.1931303e-02
   2.2753359e+01   3.2729961e-02   2.1289928e-02   5.6304516e-02
   2.4389128e+01   3.4489676e-02   2.2048501e-02   6.1617168e-02
   2.6142495e+01   3.6525036e-02   2.2897076e-02   6.8151020e-02
   2.8021913e+01   3.8898575e-02   2.3849791e-02   7.6293179e-02
   3.0036445e+01   4.1692382e-02   2.4923743e-02   8.6580370e-02
   3.2195805e+01   4.5015945e-02   2.6139778e-02   9.9761462e-02
   3.4510404e+01   4.9017765e-02   2.7523562e-02   1.1688292e-01
   3.6991402e+01   5.3902832e-02   2.9107034e-02   1.3939761e-01
   3.9650763e+01   5.9959260e-02   3.0930403e-02   1.6928287e-01
   4.2501309e+01   6.7599331e-02   3.3044955e-02   2.0911505e-01
   4.5556784e+01   7.7423126e-02   3.5517056e-02   2.6196696e-01
   4.8831921e+01   9.0316911e-02   3.8433982e-02   3.3086735e-01
   5.2342512e+01   1.0760253e-01   4.1912565e-02   4.1748234e-01
   5.6105484e+01   1.3125326e-01   4.6112304e-02   5.1997345e-01
   6.0138982e+01   1.6416946e-01   5.1255669e-02   6.3107216e-01
   6.4462452e+01   2.1042084e-01   5.7660190e-02   7.3869771e-01
   6.9096743e+01   2.7512414e-01   6.5790169e-02   8.3043153e-01
   7.4064199e+01   3.6317829e-01   7.6341271e-02   8.9906516e-01
   7.9388772e+01   4.7581884e-01   9.0379890e-02   9.4456951e-01
   8.5096136e+01   6.0550044e-01   1.0957083e-01   9.7172095e-01
   9.1213809e+01   7.3416745e-01   1.3653414e-01   9.8652530e-01
   9.7771290e+01   8.4111771e-01   1.7534103e-01   9.9398646e-01
   1.0480020e+02   9.1539762e-01   2.3197473e-01   9.9748548e-01
   1.1233442e+02   9.5935742e-01   3.1397845e-01   9.9901637e-01
   1.2041029e+02   9.8216025e-01   4.2731893e-01   9.9964105e-01
   1.2906675e+02   9.9278445e-01   5.6845663e-01   9.9987825e-01
   1.3834553e+02   9.9730108e-01   7.1648783e-01   9.9996178e-01
   1.4829137e+02   9.9906647e-01   8.4064963e-01   9.9998895e-01
   1.5895223e+02   9.9970212e-01   9.2296330e-01   9.9999707e-01
   1.7037951e+02   9.9991264e-01   9.6731146e-01   9.9999929e-01
   1.8262832e+02   9.9997656e-01   9.8758040e-01   9.9999984e-01
   1.9575771e+02   9.9999427e-01   9.9572287e-01   9.9999997e-01
   2.0983099e+02   9.9999873e-01   9.9865853e-01   9.9999999e-01
   2.2491602e+02   9.9999975e-01   9.9961691e-01   1.0000000e+00
   2.4108553e+02   9.9999996e-01   9.9990068e-01   1.0000000e+00
   2.5841749e+02   9.9999999e-01   9.9997673e-01   1.0000000e+00
   2.7699546e+02   1.0000000e+00   9.9999510e-01   1.0000000e+00
   2.9690903e+02   1.0000000e+00   9.9999908e-01   1.0000000e+00
   3.1825421e+02   1.0000000e+00   9.9999985e-01   1.0000000e+00
   3.4113393e+02   1.0000000e+00   9.9999998e-01   1.0000000e+00
   3.6565850e+02   1.0000000e+00   1.0000000e+00   1.0000000e+00
   3.9194617e+02   1.0000000e+00   1.0000000e+00   1.0000000e+00
   4.2012369e+02   1.0000000e+00   1.0000000e+00   1.0000000e+00
   4.5032694e+02   1.0000000e+00   1.0000000e+00   1.0000000e+00
   4.8270154e+02   1.0000000e+00   1.0000000e+00   1.0000000e+00
   5.1740359e+02   1.0000000e+00   1.0000000e+00   1.0000000e+00
   5.5460042e+02   1.0000000e+00   1.0000000e+00   1.0000000e+00
   5.9447137e+02   1.0000000e+00   1.0000000e+00   1.0000000e+00
   6.3720870e+02   1.0000000e+00   1.0000000e+00   1.0000000e+00
   6.8301848e+02   1.0000000e+00   1.0000000e+00   1.0000000e+00
   7.3212158e+02   1.0000000e+00   1.0000000e+00   1.0000000e+00
   7.8475476e+02   1.0000000e+00   1.0000000e+00   1.0000000e+00
   8.4117182e+02   1.0000000e+00   1.0000000e+00   1.0000000e+00
   9.0164477e+02   1.0000000e+00   1.0000000e+00   1.0000000e+00
   9.6646520e+02   1.0000000e+00   1.0000000e+00   1.0000000e+00
