S870 karim steep flat veryflat verysteep break15
   1.0359457e-03   1.5640321e-02   1.4160539e-02   1.5640321e-02   1.5640321e-02   1.5640321e-02   1.5640321e-02
   1.1104212e-03   1.5640321e-02   1.4160539e-02   1.5640321e-02   1.5640321e-02   1.5640321e-02   1.5640321e-02
   1.1902508e-03   1.5640321e-02   1.4160539e-02   1.5640321e-02   1.5640321e-02   1.5640321e-02   1.5640321e-02
   1.2758195e-03   1.5640321e-02   1.4160539e-02   1.5640321e-02   1.5640321e-02   1.5640321e-02   1.5640321e-02
   1.3675398e-03   1.5640321e-02   1.4160539e-02   1.5640321e-02   1.5640321e-02   1.5640321e-02   1.5640321e-02
   1.4658541e-03   1.5640321e-02   1.4160539e-02   1.5640321e-02   1.5640321e-02   1.5640321e-02   1.5640321e-02
   1.5712363e-03   1.5640321e-02   1.4160539e-02   1.5640321e-02   1.5640321e-02   1.5640321e-02   1.5640321e-02
   1.6841945e-03   1.5640321e-02   1.4160539e-02   1.5640321e-02   1.5640321e-02   1.5640321e-02   1.5640321e-02
   1.8052735e-03   1.5640321e-02   1.4160539e-02   1.5640321e-02   1.5640321e-02   1.5640321e-02   1.5640321e-02
   1.9350570e-03   1.5640321e-02   1.4160539e-02   1.5640321e-02   1.5640321e-02   1.5640321e-02   1.5640321e-02
   2.0741708e-03   1.5640321e-02   1.4160539e-02   1.5640321e-02   1.5640321e-02   1.5640321e-02   1.5640321e-02
   2.2232857e-03   1.5640321e-02   1.4160539e-02   1.5640321e-02   1.5640321e-02   1.5640321e-02   1.5640321e-02
   2.3831206e-03   1.5640321e-02   1.4160539e-02   1.5640321e-02   1.5640321e-02   1.5640321e-02   1.5640321e-02
   2.5544463e-03   1.5640321e-02   1.4160539e-02   1.5640321e-02   1.5640321e-02   1.5640321e-02   1.5640321e-02
   2.7380888e-03   1.5640321e-02   1.4160539e-02   1.5640321e-02   1.5640321e-02   1.5640321e-02   1.5640321e-02
   2.9349336e-03   1.5640321e-02   1.4160539e-02   1.5640321e-02   1.5640321e-02   1.5640321e-02   1.5640321e-02
   3.1459299e-03   1.5640321e-02   1.4160539e-02   1.5640321e-02   1.5640321e-02   1.5640321e-02   1.5640321e-02
   3.3720949e-03   1.5640321e-02   1.4160539e-02   1.5640321e-02   1.5640321e-02   1.5640321e-02   1.5640321e-02
   3.6145193e-03   1.5640321e-02   1.4160539e-02   1.5640321e-02   1.5640321e-02   1.5640321e-02   1.5640321e-02
   3.8743718e-03   1.5640321e-02   1.4160539e-02   1.5640321e-02   1.5640321e-02   1.5640321e-02   1.5640321e-02
   4.1529055e-03   1.5640321e-02   1.4160539e-02   1.5640321e-02   1.5640321e-02   1.5640321e-02   1.5640321e-02
   4.4514634e-03   1.5640321e-02   1.4160539e-02   1.5640321e-02   1.5640321e-02   1.5640321e-02   1.5640321e-02
   4.7714849e-03   1.5640321e-02   1.4160539e-02   1.5640321e-02   1.5640321e-02   1.5640321e-02   1.5640321e-02
   5.1145133e-03   1.5640321e-02   1.4160539e-02   1.5640321e-02   1.5640321e-02   1.5640321e-02   1.5640321e-02
   5.4822024e-03   1.5640321e-02   1.4160539e-02   1.5640321e-02   1.5640321e-02   1.5640321e-02   1.5640321e-02
   5.8763252e-03   1.5640321e-02   1.4160539e-02   1.5640321e-02   1.5640321e-02   1.5640321e-02   1.5640321e-02
   6.2987819e-03   1.5640321e-02   1.4160539e-02   1.5640321e-02   1.5640321e-02   1.5640321e-02   1.5640321e-02
   6.7516097e-03   1.5640321e-02   1.4160539e-02   1.5640321e-02   1.5640321e-02   1.5640321e-02   1.5640321e-02
   7.2369918e-03   1.5640321e-02   1.4160539e-02   1.5640321e-02   1.5640321e-02   1.5640321e-02   1.5640321e-02
   7.7572687e-03   1.5640321e-02   1.4160539e-02   1.5640321e-02   1.5640321e-02   1.5640321e-02   1.5640321e-02
   8.3149490e-03   1.5640321e-02   1.4160539e-02   1.5640321e-02   1.5640321e-02   1.5640321e-02   1.5640321e-02
   8.9127216e-03   1.5640321e-02   1.4160539e-02   1.5640321e-02   1.5640321e-02   1.5640321e-02   1.5640321e-02
   9.5534689e-03   1.5640321e-02   1.4160539e-02   1.5640321e-02   1.5640321e-02   1.5640321e-02   1.5640321e-02
   1.0240280e-02   1.5640321e-02   1.4160539e-02   1.5640321e-02   1.5640321e-02   1.5640321e-02   1.5640321e-02
   1.0976468e-02   1.5640321e-02   1.4160539e-02   1.5640321e-02   1.5640321e-02   1.5640321e-02   1.5640321e-02
   1.1765580e-02   1.5640321e-02   1.4160539e-02   1.5640321e-02   1.5640321e-02   1.5640321e-02   1.5640321e-02
   1.2611424e-02   1.5640321e-02   1.4160539e-02   1.5640321e-02   1.5640321e-02   1.5640321e-02   1.5640321e-02
   1.3518075e-02   1.5640321e-02   1.4160539e-02   1.5640321e-02   1.5640321e-02   1.5640321e-02   1.5640321e-02
   1.4489908e-02   1.5640321e-02   1.4160539e-02   1.5640321e-02   1.5640321e-02   1.5640321e-02   1.5640321e-02
   1.5531606e-02   1.5640321e-02   1.4160539e-02   1.5640321e-02   1.5640321e-02   1.5640321e-02   1.5640321e-02
   1.6648194e-02   1.5640321e-02   1.4160539e-02   1.5640321e-02   1.5640321e-02   1.5640321e-02   1.5640321e-02
   1.7845055e-02   1.5640321e-02   1.4160539e-02   1.5640321e-02   1.5640321e-02   1.5640321e-02   1.5640321e-02
   1.9127959e-02   1.5640321e-02   1.4160539e-02   1.5640321e-02   1.5640321e-02   1.5640321e-02   1.5640321e-02
   2.0503093e-02   1.5640321e-02   1.4160539e-02   1.5640321e-02   1.5640321e-02   1.5640321e-02   1.5640321e-02
   2.1977088e-02   1.5640321e-02   1.4160539e-02   1.5640321e-02   1.5640321e-02   1.5640321e-02   1.5640321e-02
   2.3557050e-02   1.5640321e-02   1.4160539e-02   1.5640321e-02   1.5640321e-02   1.5640321e-02   1.5640321e-02
   2.5250597e-02   1.5640321e-02   1.4160539e-02   1.5640321e-02   1.5640321e-02   1.5640321e-02   1.5640321e-02
   2.7065896e-02   1.5640321e-02   1.4160539e-02   1.5640321e-02   1.5640321e-02   1.5640321e-02   1.5640321e-02
   2.9011699e-02   1.5640321e-02   1.4160539e-02   1.5640321e-02   1.5640321e-02   1.5640321e-02   1.5640321e-02
   3.1097388e-02   1.5640321e-02   1.4160539e-02   1.5640321e-02   1.5640321e-02   1.5640321e-02   1.5640321e-02
   3.3333020e-02   1.5640321e-02   1.4160539e-02   1.5640321e-02   1.5640321e-02   1.5640321e-02   1.5640321e-02
   3.5729375e-02   1.5640321e-02   1.4160539e-02   1.5640321e-02   1.5640321e-02   1.5640321e-02   1.5640321e-02
   3.8298007e-02   1.5640321e-02   1.4160539e-02   1.5640321e-02   1.5640321e-02   1.5640321e-02   1.5640321e-02
   4.1051301e-02   1.5640321e-02   1.4160539e-02   1.5640321e-02   1.5640321e-02   1.5640321e-02   1.5640321e-02
   4.4002533e-02   1.5640321e-02   1.4160539e-02   1.5640321e-02   1.5640321e-02   1.5640321e-02   1.5640321e-02
   4.7165933e-02   1.5640321e-02   1.4160539e-02   1.5640321e-02   1.5640321e-02   1.5640321e-02   1.5640321e-02
   5.0556754e-02   1.5640321e-02   1.4160539e-02   1.5640321e-02   1.5640321e-02   1.5640321e-02   1.5640321e-02
   5.4191346e-02   1.5640321e-02   1.4160539e-02   1.5640321e-02   1.5640321e-02   1.5640321e-02   1.5640321e-02
   5.8087234e-02   1.5640321e-02   1.4160539e-02   1.5640321e-02   1.5640321e-02   1.5640321e-02   1.5640321e-02
   6.2263201e-02   1.5640321e-02   1.4160539e-02   1.5640321e-02   1.5640321e-02   1.5640321e-02   1.5640321e-02
   6.6739385e-02   1.5640321e-02   1.4160539e-02   1.5640321e-02   1.5640321e-02   1.5640321e-02   1.5640321e-02
   7.1537368e-02   1.5640321e-02   1.4160539e-02   1.5640321e-02   1.5640321e-02   1.5640321e-02   1.5640321e-02
   7.6680283e-02   1.5640321e-02   1.4160539e-02   1.5640321e-02   1.5640321e-02   1.5640321e-02   1.5640321e-02
   8.2192930e-02   1.5640321e-02   1.4160539e-02   1.5640321e-02   1.5640321e-02   1.5640321e-02   1.5640321e-02
   8.8101888e-02   1.5640321e-02   1.4160539e-02   1.5640321e-02   1.5640321e-02   1.5640321e-02   1.5640321e-02
   9.4435649e-02   1.5640321e-02   1.4160539e-02   1.5640321e-02   1.5640321e-02   1.5640321e-02   1.5640321e-02
   1.0122475e-01   1.5640321e-02   1.4160539e-02   1.5640321e-02   1.5640321e-02   1.5640321e-02   1.5640321e-02
   1.0850193e-01   1.5640321e-02   1.4160539e-02   1.5640321e-02   1.5640321e-02   1.5640321e-02   1.5640321e-02
   1.1630228e-01   1.5640321e-02   1.4160539e-02   1.5640321e-02   1.5640321e-02   1.5640321e-02   1.5640321e-02
   1.2466341e-01   1.5640321e-02   1.4160539e-02   1.5640321e-02   1.5640321e-02   1.5640321e-02   1.5640321e-02
   1.3362562e-01   1.5640321e-02   1.4160539e-02   1.5640321e-02   1.5640321e-02   1.5640321e-02   1.5640321e-02
   1.4323214e-01   1.5640321e-02   1.4160539e-02   1.5640321e-02   1.5640321e-02   1.5640321e-02   1.5640321e-02
   1.5352929e-01   1.5640321e-02   1.4160539e-02   1.5640321e-02   1.5640321e-02   1.5640321e-02   1.5640321e-02
   1.6456672e-01   1.5640321e-02   1.4160539e-02   1.5640321e-02   1.5640321e-02   1.5640321e-02   1.5640321e-02
   1.7639763e-01   1.5640321e-02   1.4160539e-02   1.5640321e-02   1.5640321e-02   1.5640321e-02   1.5640321e-02
   1.8907909e-01   1.5640321e-02   1.4160539e-02   1.5640321e-02   1.5640321e-02   1.5640321e-02   1.5640321e-02
   2.0267224e-01   1.5640321e-02   1.4160539e-02   1.5640321e-02   1.5640321e-02   1.5640321e-02   1.5640321e-02
   2.1724261e-01   1.5640321e-02   1.4160539e-02   1.5640321e-02   1.5640321e-02   1.5640321e-02   1.5640321e-02
   2.3286047e-01   1.5640321e-02   1.4160539e-02   1.5640321e-02   1.5640321e-02   1.5640321e-02   1.5640321e-02
   2.4960112e-01   1.5640321e-02   1.4160539e-02   1.5640321e-02   1.5640321e-02   1.5640321e-02   1.5640321e-02
   2.6754527e-01   1.5640321e-02   1.4160539e-02   1.5640321e-02   1.5640321e-02   1.5640321e-02   1.5640321e-02
   2.8677945e-01   1.5640321e-02   1.4160539e-02   1.5640321e-02   1.5640321e-02   1.5640321e-02   1.5640321e-02
   3.0739641e-01   1.5640321e-02   1.4160539e-02   1.5640321e-02   1.5640321e-02   1.5640321e-02   1.5640321e-02
   3.2949554e-01   1.5640321e-02   1.4160539e-02   1.5640321e-02   1.5640321e-02   1.5640321e-02   1.5640321e-02
   3.5318341e-01   1.5640321e-02   1.4160539e-02   1.5640321e-02   1.5640321e-02   1.5640321e-02   1.5640321e-02
   3.7857423e-01   1.5640321e-02   1.4160539e-02   1.5640321e-02   1.5640321e-02   1.5640321e-02   1.5640321e-02
   4.0579043e-01   1.5640321e-02   1.4160539e-02   1.5640321e-02   1.5640321e-02   1.5640321e-02   1.5640321e-02
   4.3496324e-01   1.5640321e-02   1.4160539e-02   1.5640321e-02   1.5640321e-02   1.5640321e-02   1.5640321e-02
   4.6623332e-01   1.5640321e-02   1.4160539e-02   1.5640321e-02   1.5640321e-02   1.5640321e-02   1.5640321e-02
   4.9975145e-01   1.5640321e-02   1.4160539e-02   1.5640321e-02   1.5640321e-02   1.5640321e-02   1.5640321e-02
   5.3567924e-01   1.5640321e-02   1.4160539e-02   1.5640321e-02   1.5640321e-02   1.5640321e-02   1.5640321e-02
   5.7418993e-01   1.5640321e-02   1.4160539e-02   1.5640321e-02   1.5640321e-02   1.5640321e-02   1.5640321e-02
   6.1546920e-01   1.5640321e-02   1.4160539e-02   1.5640321e-02   1.5640321e-02   1.5640321e-02   1.5640321e-02
   6.5971609e-01   1.5640321e-02   1.4160539e-02   1.5640321e-02   1.5640321e-02   1.5640321e-02   1.5640321e-02
   7.0714395e-01   1.5640321e-02   1.4160539e-02   1.5640321e-02   1.5640321e-02   1.5640321e-02   1.5640321e-02
   7.5798146e-01   1.5640321e-02   1.4160539e-02   1.5640321e-02   1.5640321e-02   1.5640321e-02   1.5640321e-02
   8.1247375e-01   1.5640321e-02   1.4160539e-02   1.5640321e-02   1.5640321e-02   1.5640321e-02   1.5640321e-02
   8.7088356e-01   1.5640321e-02   1.4160539e-02   1.5640321e-02   1.5640321e-02   1.5640321e-02   1.5640321e-02
   9.3349252e-01   1.5640321e-02   1.4160539e-02   1.5640321e-02   1.5640321e-02   1.5640321e-02   1.5640321e-02
   1.0006025e+00   1.5640321e-02   1.4160539e-02   1.5640321e-02   1.5640321e-02   1.5640321e-02   1.5640321e-02
   1.0725372e+00   1.5640321e-02   1.4160539e-02   1.5640321e-02   1.5640321e-02   1.5640321e-02   1.5640321e-02
   1.1496433e+00   1.5640321e-02   1.4160539e-02   1.5640321e-02   1.5640321e-02   1.5640321e-02   1.5640321e-02
   1.2322927e+00   1.5640321e-02   1.4160539e-02   1.5640321e-02   1.5640321e-02   1.5640321e-02   1.5640321e-02
   1.3208838e+00   1.5640321e-02   1.4160539e-02   1.5640321e-02   1.5640321e-02   1.5640321e-02   1.5640321e-02
   1.4158439e+00   1.5640321e-02   1.4160539e-02   1.5640321e-02   1.5640321e-02   1.5640321e-02   1.5640321e-02
   1.5176308e+00   1.5640321e-02   1.4160539e-02   1.5640321e-02   1.5640321e-02   1.5640321e-02   1.5640321e-02
   1.6267352e+00   1.5640321e-02   1.4160539e-02   1.5640321e-02   1.5640321e-02   1.5640321e-02   1.5640321e-02
   1.7436834e+00   1.5640321e-02   1.4160539e-02   1.5640321e-02   1.5640321e-02   1.5640321e-02   1.5640321e-02
   1.8690391e+00   1.5640321e-02   1.4160539e-02   1.5640321e-02   1.5640321e-02   1.5640321e-02   1.5640321e-02
   2.0034068e+00   1.5640321e-02   1.4160539e-02   1.5640321e-02   1.5640321e-02   1.5640321e-02   1.5640321e-02
   2.1474343e+00   1.5640321e-02   1.4160539e-02   1.5640321e-02   1.5640321e-02   1.5640321e-02   1.5640321e-02
   2.3018162e+00   1.5640321e-02   1.4160539e-02   1.5640321e-02   1.5640321e-02   1.5640321e-02   1.5640321e-02
   2.4672968e+00   1.5640321e-02   1.4160539e-02   1.5640321e-02   1.5640321e-02   1.5640321e-02   1.5640321e-02
   2.6446740e+00   1.5640321e-02   1.4160539e-02   1.5640321e-02   1.5640321e-02   1.5640321e-02   1.5640321e-02
   2.8348031e+00   1.5640321e-02   1.4160539e-02   1.5640321e-02   1.5640321e-02   1.5640321e-02   1.5640321e-02
   3.0386009e+00   1.5640321e-02   1.4160539e-02   1.5640321e-02   1.5640321e-02   1.5640321e-02   1.5640321e-02
   3.2570499e+00   1.5640321e-02   1.4160539e-02   1.5640321e-02   1.5640321e-02   1.5640321e-02   1.5640321e-02
   3.4912035e+00   1.5640321e-02   1.4160539e-02   1.5640321e-02   1.5640321e-02   1.5640321e-02   1.5640321e-02
   3.7421907e+00   1.5640321e-02   1.4160539e-02   1.5640321e-02   1.5640321e-02   1.5640321e-02   1.5640321e-02
   4.0112218e+00   1.5640321e-02   1.4160539e-02   1.5640321e-02   1.5640321e-02   1.5640321e-02   1.5640321e-02
   4.2995938e+00   1.5640321e-02   1.4160539e-02   1.5640321e-02   1.5640321e-02   1.5640321e-02   1.5640321e-02
   4.6086973e+00   1.5640321e-02   1.4160539e-02   1.5640321e-02   1.5640321e-02   1.5640321e-02   1.5640321e-02
   4.9400226e+00   1.5640321e-02   1.4160539e-02   1.5640321e-02   1.5640321e-02   1.5640321e-02   1.5640321e-02
   5.2951673e+00   1.5640321e-02   1.4160539e-02   1.5640321e-02   1.5640321e-02   1.5640321e-02   1.5640321e-02
   5.6758439e+00   1.5640321e-02   1.4160539e-02   1.5640321e-02   1.5640321e-02   1.5640321e-02   1.5640321e-02
   6.0838878e+00   1.5640321e-02   1.4160539e-02   1.5640321e-02   1.5640321e-02   1.5640321e-02   1.5640321e-02
   6.5212665e+00   1.5640321e-02   1.4160539e-02   1.5640321e-02   1.5640321e-02   1.5640321e-02   1.5640321e-02
   6.9900890e+00   1.5640321e-02   1.4160539e-02   1.5640321e-02   1.5640321e-02   1.5640321e-02   1.5640321e-02
   7.4926157e+00   1.5640321e-02   1.4160539e-02   1.5640321e-02   1.5640321e-02   1.5640321e-02   1.5640321e-02
   8.0312697e+00   1.5659483e-02   1.4189896e-02   1.5656013e-02   1.5652131e-02   1.5700572e-02   1.5640321e-02
   8.6086483e+00   1.9678641e-02   2.0791146e-02   1.8882498e-02   1.8026984e-02   3.1578229e-02   1.5640321e-02
   9.2275354e+00   2.7016292e-02   3.5267756e-02   2.4486762e-02   2.1927258e-02   8.1551205e-02   1.5640321e-02
   9.8909151e+00   3.6734392e-02   5.8770051e-02   3.1499160e-02   2.6504616e-02   1.9884915e-01   1.5640321e-02
   1.0601986e+01   4.4304911e-02   8.0280754e-02   3.6665255e-02   2.9669822e-02   3.4128626e-01   1.5640321e-02
   1.1364177e+01   5.0371582e-02   1.0036807e-01   4.0570447e-02   3.1908808e-02   4.9911826e-01   1.5640321e-02
   1.2181162e+01   5.5884218e-02   1.2146629e-01   4.3917688e-02   3.3704163e-02   6.6145879e-01   1.5640321e-02
   1.3056882e+01   6.1401113e-02   1.4566958e-01   4.7078601e-02   3.5290328e-02   8.0237311e-01   1.5640321e-02
   1.3995559e+01   6.7357323e-02   1.7535171e-01   5.0301153e-02   3.6803642e-02   9.0055599e-01   1.5640321e-02
   1.5001718e+01   7.4178098e-02   2.1348186e-01   5.3790072e-02   3.8337664e-02   9.5581517e-01   1.5645977e-02
   1.6080211e+01   8.2343346e-02   2.6364485e-01   5.7745698e-02   3.9967300e-02   9.8207398e-01   1.9357254e-02
   1.7236239e+01   9.2435548e-02   3.2947174e-01   6.2387772e-02   4.1761102e-02   9.9316452e-01   2.6542022e-02
   1.8475375e+01   1.0518051e-01   4.1306504e-01   6.7973525e-02   4.3788519e-02   9.9749989e-01   3.6244095e-02
   1.9803594e+01   1.2147556e-01   5.1246591e-01   7.4811968e-02   4.6124333e-02   9.9911098e-01   4.3941742e-02
   2.1227300e+01   1.4232987e-01   6.1942617e-01   8.3248917e-02   4.8843119e-02   9.9968918e-01   5.0060708e-02
   2.2753359e+01   1.6879277e-01   7.2146673e-01   9.3662230e-02   5.2019022e-02   9.9989228e-01   5.5587464e-02
   2.4389128e+01   2.0189638e-01   8.0780939e-01   1.0647967e-01   5.5733639e-02   9.9996284e-01   6.1092542e-02
   2.6142495e+01   2.4249651e-01   8.7358669e-01   1.2217458e-01   6.0077676e-02   9.9998721e-01   6.7014142e-02
   2.8021913e+01   2.9104945e-01   9.1973511e-01   1.4125184e-01   6.5152074e-02   9.9999560e-01   7.3776220e-02
   3.0036445e+01   3.4736355e-01   9.5025286e-01   1.6422274e-01   7.1069129e-02   9.9999849e-01   8.1854251e-02
   3.2195805e+01   4.1039365e-01   9.6964618e-01   1.9156335e-01   7.7952767e-02   9.9999948e-01   9.1824123e-02
   3.4510404e+01   4.7818645e-01   9.8165884e-01   2.2365766e-01   8.5938558e-02   9.9999982e-01   1.0440294e-01
   3.6991402e+01   5.4804999e-01   9.8898206e-01   2.6072510e-01   9.5172475e-02   9.9999994e-01   1.2047880e-01
   3.9650763e+01   6.1695271e-01   9.9340357e-01   3.0274414e-01   1.0580917e-01   9.9999998e-01   1.4105780e-01
   4.2501309e+01   6.8203264e-01   9.9605788e-01   3.4938324e-01   1.1800864e-01   9.9999999e-01   1.6718718e-01
   4.5556784e+01   7.4104666e-01   9.9764607e-01   3.9995921e-01   1.3193129e-01   1.0000000e+00   1.9990370e-01
   4.8831921e+01   7.9262365e-01   9.9859469e-01   4.5344557e-01   1.4773199e-01   1.0000000e+00   2.4007824e-01
   5.2342512e+01   8.3627293e-01   9.9916080e-01   5.0853223e-01   1.6555019e-01   1.0000000e+00   2.8819537e-01
   5.6105484e+01   8.7222534e-01   9.9949856e-01   5.6375027e-01   1.8550113e-01   1.0000000e+00   3.4410489e-01
   6.0138982e+01   9.0118815e-01   9.9970012e-01   6.1762306e-01   2.0766358e-01   1.0000000e+00   4.0681118e-01
   6.4462452e+01   9.2411121e-01   9.9982046e-01   6.6882218e-01   2.3206810e-01   1.0000000e+00   4.7440853e-01
   6.9096743e+01   9.4200531e-01   9.9989236e-01   7.1628751e-01   2.5868428e-01   1.0000000e+00   5.4423659e-01
   7.4064199e+01   9.5582672e-01   9.9993536e-01   7.5929386e-01   2.8740855e-01   1.0000000e+00   6.1326946e-01
   7.9388772e+01   9.6641958e-01   9.9996110e-01   7.9746891e-01   3.1806210e-01   1.0000000e+00   6.7862308e-01
   8.5096136e+01   9.7449169e-01   9.9997654e-01   8.3074660e-01   3.5038263e-01   1.0000000e+00   7.3801175e-01
   9.1213809e+01   9.8061847e-01   9.9998581e-01   8.5930625e-01   3.8403130e-01   1.0000000e+00   7.9001460e-01
   9.7771290e+01   9.8525644e-01   9.9999139e-01   8.8349483e-01   4.1860092e-01   1.0000000e+00   8.3409582e-01
   1.0480020e+02   9.8876177e-01   9.9999476e-01   9.0375641e-01   4.5363170e-01   1.0000000e+00   8.7045297e-01
   1.1233442e+02   9.9140906e-01   9.9999679e-01   9.2057529e-01   4.8863316e-01   1.0000000e+00   8.9977347e-01
   1.2041029e+02   9.9340782e-01   9.9999803e-01   9.3443113e-01   5.2310037e-01   1.0000000e+00   9.2299944e-01
   1.2906675e+02   9.9491724e-01   9.9999878e-01   9.4577479e-01   5.5654095e-01   1.0000000e+00   9.4114233e-01
   1.3834553e+02   9.9605763e-01   9.9999924e-01   9.5501228e-01   5.8849356e-01   1.0000000e+00   9.5516299e-01
   1.4829137e+02   9.9691930e-01   9.9999952e-01   9.6249532e-01   6.1852941e-01   1.0000000e+00   9.6591252e-01
   1.5895223e+02   9.9757011e-01   9.9999969e-01   9.6852322e-01   6.4626460e-01   1.0000000e+00   9.7410617e-01
   1.7037951e+02   9.9806052e-01   9.9999980e-01   9.7334161e-01   6.7133863e-01   1.0000000e+00   9.8032631e-01
   1.8262832e+02   9.9842781e-01   9.9999987e-01   9.7714658e-01   6.9339633e-01   1.0000000e+00   9.8503552e-01
   1.9575771e+02   9.9869888e-01   9.9999991e-01   9.8008518e-01   7.1204278e-01   1.0000000e+00   9.8859489e-01
   2.0983099e+02   9.9889149e-01   9.9999994e-01   9.8224767e-01   7.2674056e-01   1.0000000e+00   9.9128306e-01
   2.2491602e+02   9.9901359e-01   9.9999995e-01   9.8364483e-01   7.3662351e-01   1.0000000e+00   9.9331270e-01
   2.4108553e+02   9.9905750e-01   9.9999996e-01   9.8414487e-01   7.4016963e-01   1.0000000e+00   9.9484540e-01
   2.5841749e+02   9.9905750e-01   9.9999996e-01   9.8414487e-01   7.4016963e-01   1.0000000e+00   9.9600335e-01
   2.7699546e+02   9.9905750e-01   9.9999996e-01   9.8414487e-01   7.4016963e-01   1.0000000e+00   9.9687830e-01
   2.9690903e+02   9.9905750e-01   9.9999996e-01   9.8414487e-01   7.4016963e-01   1.0000000e+00   9.9753916e-01
   3.1825421e+02   9.9905750e-01   9.9999996e-01   9.8414487e-01   7.4016963e-01   1.0000000e+00   9.9803722e-01
   3.4113393e+02   9.9905750e-01   9.9999996e-01   9.8414487e-01   7.4016963e-01   1.0000000e+00   9.9841043e-01
   3.6565850e+02   9.9905750e-01   9.9999996e-01   9.8414487e-01   7.4016963e-01   1.0000000e+00   9.9868622e-01
   3.9194617e+02   9.9905750e-01   9.9999996e-01   9.8414487e-01   7.4016963e-01   1.0000000e+00   9.9888281e-01
   4.2012369e+02   9.9905750e-01   9.9999996e-01   9.8414487e-01   7.4016963e-01   1.0000000e+00   9.9900876e-01
   4.5032694e+02   9.9905750e-01   9.9999996e-01   9.8414487e-01   7.4016963e-01   1.0000000e+00   9.9905750e-01
   4.8270154e+02   9.9905750e-01   9.9999996e-01   9.8414487e-01   7.4016963e-01   1.0000000e+00   9.9905750e-01
   5.1740359e+02   9.9905750e-01   9.9999996e-01   9.8414487e-01   7.4016963e-01   1.0000000e+00   9.9905750e-01
   5.5460042e+02   9.9905750e-01   9.9999996e-01   9.8414487e-01   7.4016963e-01   1.0000000e+00   9.9905750e-01
   5.9447137e+02   9.9905750e-01   9.9999996e-01   9.8414487e-01   7.4016963e-01   1.0000000e+00   9.9905750e-01
   6.3720870e+02   9.9905750e-01   9.9999996e-01   9.8414487e-01   7.4016963e-01   1.0000000e+00   9.9905750e-01
   6.8301848e+02   9.9905750e-01   9.9999996e-01   9.8414487e-01   7.4016963e-01   1.0000000e+00   9.9905750e-01
   7.3212158e+02   9.9905750e-01   9.9999996e-01   9.8414487e-01   7.4016963e-01   1.0000000e+00   9.9905750e-01
   7.8475476e+02   9.9905750e-01   9.9999996e-01   9.8414487e-01   7.4016963e-01   1.0000000e+00   9.9905750e-01
   8.4117182e+02   9.9905750e-01   9.9999996e-01   9.8414487e-01   7.4016963e-01   1.0000000e+00   9.9905750e-01
   9.0164477e+02   9.9905750e-01   9.9999996e-01   9.8414487e-01   7.4016963e-01   1.0000000e+00   9.9905750e-01
   9.6646520e+02   9.9905750e-01   9.9999996e-01   9.8414487e-01   7.4016963e-01   1.0000000e+00   9.9905750e-01
