S870 karim steep flat veryflat verysteep break15
   1.0359457e-03   1.1776453e-03   7.1906489e-04   1.1776453e-03   1.1776453e-03   1.1776453e-03   1.1776453e-03
   1.1104212e-03   1.1776453e-03   7.1906489e-04   1.1776453e-03   1.1776453e-03   1.1776453e-03   1.1776453e-03
   1.1902508e-03   1.1776453e-03   7.1906489e-04   1.1776453e-03   1.1776453e-03   1.1776453e-03   1.1776453e-03
   1.2758195e-03   1.1776453e-03   7.1906489e-04   1.1776453e-03   1.1776453e-03   1.1776453e-03   1.1776453e-03
   1.3675398e-03   1.1776453e-03   7.1906489e-04   1.1776453e-03   1.1776453e-03   1.1776453e-03   1.1776453e-03
   1.4658541e-03   1.1776453e-03   7.1906489e-04   1.1776453e-03   1.1776453e-03   1.1776453e-03   1.1776453e-03
   1.5712363e-03   1.1776453e-03   7.1906489e-04   1.1776453e-03   1.1776453e-03   1.1776453e-03   1.1776453e-03
   1.6841945e-03   1.1776453e-03   7.1906489e-04   1.1776453e-03   1.1776453e-03   1.1776453e-03   1.1776453e-03
   1.8052735e-03   1.1776453e-03   7.1906489e-04   1.1776453e-03   1.1776453e-03   1.1776453e-03   1.1776453e-03
   1.9350570e-03   1.1776453e-03   7.1906489e-04   1.1776453e-03   1.1776453e-03   1.1776453e-03   1.1776453e-03
   2.0741708e-03   1.1776453e-03   7.1906489e-04   1.1776453e-03   1.1776453e-03   1.1776453e-03   1.1776453e-03
   2.2232857e-03   1.1776453e-03   7.1906489e-04   1.1776453e-03   1.1776453e-03   1.1776453e-03   1.1776453e-03
   2.3831206e-03   1.1776453e-03   7.1906489e-04   1.1776453e-03   1.1776453e-03   1.1776453e-03   1.1776453e-03
   2.5544463e-03   1.1776453e-03   7.1906489e-04   1.1776453e-03   1.1776453e-03   1.1776453e-03   1.1776453e-03
   2.7380888e-03   1.1776453e-03   7.1906489e-04   1.1776453e-03   1.1776453e-03   1.1776453e-03   1.1776453e-03
   2.9349336e-03   1.1776453e-03   7.1906489e-04   1.1776453e-03   1.1776453e-03   1.1776453e-03   1.1776453e-03
   3.1459299e-03   1.1776453e-03   7.1906489e-04   1.1776453e-03   1.1776453e-03   1.1776453e-03   1.1776453e-03
   3.3720949e-03   1.1776453e-03   7.1906489e-04   1.1776453e-03   1.1776453e-03   1.1776453e-03   1.1776453e-03
   3.6145193e-03   1.1776453e-03   7.1906489e-04   1.1776453e-03   1.1776453e-03   1.1776453e-03   1.1776453e-03
   3.8743718e-03   1.1776453e-03   7.1906489e-04   1.1776453e-03   1.1776453e-03   1.1776453e-03   1.1776453e-03
   4.1529055e-03   1.1776453e-03   7.1906489e-04   1.1776453e-03   1.1776453e-03   1.1776453e-03   1.1776453e-03
   4.4514634e-03   1.1776453e-03   7.1906489e-04   1.1776453e-03   1.1776453e-03   1.1776453e-03   1.1776453e-03
   4.7714849e-03   1.1776453e-03   7.1906489e-04   1.1776453e-03   1.1776453e-03   1.1776453e-03   1.1776453e-03
   5.1145133e-03   1.1776453e-03   7.1906489e-04   1.1776453e-03   1.1776453e-03   1.1776453e-03   1.1776453e-03
   5.4822024e-03   1.1776453e-03   7.1906489e-04   1.1776453e-03   1.1776453e-03   1.1776453e-03   1.1776453e-03
   5.8763252e-03   1.1776453e-03   7.1906489e-04   1.1776453e-03   1.1776453e-03   1.1776453e-03   1.1776453e-03
   6.2987819e-03   1.1776453e-03   7.1906489e-04   1.1776453e-03   1.1776453e-03   1.1776453e-03   1.1776453e-03
   6.7516097e-03   1.1776453e-03   7.1906489e-04   1.1776453e-03   1.1776453e-03   1.1776453e-03   1.1776453e-03
   7.2369918e-03   1.1776453e-03   7.1906489e-04   1.1776453e-03   1.1776453e-03   1.1776453e-03   1.1776453e-03
   7.7572687e-03   1.1776453e-03   7.1906489e-04   1.1776453e-03   1.1776453e-03   1.1776453e-03   1.1776453e-03
   8.3149490e-03   1.1776453e-03   7.1906489e-04   1.1776453e-03   1.1776453e-03   1.1776453e-03   1.1776453e-03
   8.9127216e-03   1.1776453e-03   7.1906489e-04   1.1776453e-03   1.1776453e-03   1.1776453e-03   1.1776453e-03
   9.5534689e-03   1.1776453e-03   7.1906489e-04   1.1776453e-03   1.1776453e-03   1.1776453e-03   1.1776453e-03
   1.0240280e-02   1.1776453e-03   7.1906489e-04   1.1776453e-03   1.1776453e-03   1.1776453e-03   1.1776453e-03
   1.0976468e-02   1.1776453e-03   7.1906489e-04   1.1776453e-03   1.1776453e-03   1.1776453e-03   1.1776453e-03
   1.1765580e-02   1.1776453e-03   7.1906489e-04   1.1776453e-03   1.1776453e-03   1.1776453e-03   1.1776453e-03
   1.2611424e-02   1.1776453e-03   7.1906489e-04   1.1776453e-03   1.1776453e-03   1.1776453e-03   1.1776453e-03
   1.3518075e-02   1.1776453e-03   7.1906489e-04   1.1776453e-03   1.1776453e-03   1.1776453e-03   1.1776453e-03
   1.4489908e-02   1.1776453e-03   7.1906489e-04   1.1776453e-03   1.1776453e-03   1.1776453e-03   1.1776453e-03
   1.5531606e-02   1.1776453e-03   7.1906489e-04   1.1776453e-03   1.1776453e-03   1.1776453e-03   1.1776453e-03
   1.6648194e-02   1.1776453e-03   7.1906489e-04   1.1776453e-03   1.1776453e-03   1.1776453e-03   1.1776453e-03
   1.7845055e-02   1.1776453e-03   7.1906489e-04   1.1776453e-03   1.1776453e-03   1.1776453e-03   1.1776453e-03
   1.9127959e-02   1.1776453e-03   7.1906489e-04   1.1776453e-03   1.1776453e-03   1.1776453e-03   1.1776453e-03
   2.0503093e-02   1.1776453e-03   7.1906489e-04   1.1776453e-03   1.1776453e-03   1.1776453e-03   1.1776453e-03
   2.1977088e-02   1.1776453e-03   7.1906489e-04   1.1776453e-03   1.1776453e-03   1.1776453e-03   1.1776453e-03
   2.3557050e-02   1.1776453e-03   7.1906489e-04   1.1776453e-03   1.1776453e-03   1.1776453e-03   1.1776453e-03
   2.5250597e-02   1.1776453e-03   7.1906489e-04   1.1776453e-03   1.1776453e-03   1.1776453e-03   1.1776453e-03
   2.7065896e-02   1.1776453e-03   7.1906489e-04   1.1776453e-03   1.1776453e-03   1.1776453e-03   1.1776453e-03
   2.9011699e-02   1.1776453e-03   7.1906489e-04   1.1776453e-03   1.1776453e-03   1.1776453e-03   1.1776453e-03
   3.1097388e-02   1.1776453e-03   7.1906489e-04   1.1776453e-03   1.1776453e-03   1.1776453e-03   1.1776453e-03
   3.3333020e-02   1.1776453e-03   7.1906489e-04   1.1776453e-03   1.1776453e-03   1.1776453e-03   1.1776453e-03
   3.5729375e-02   1.1776453e-03   7.1906489e-04   1.1776453e-03   1.1776453e-03   1.1776453e-03   1.1776453e-03
   3.8298007e-02   1.1776453e-03   7.1906489e-04   1.1776453e-03   1.1776453e-03   1.1776453e-03   1.1776453e-03
   4.1051301e-02   1.1776453e-03   7.1906489e-04   1.1776453e-03   1.1776453e-03   1.1776453e-03   1.1776453e-03
   4.4002533e-02   1.1776453e-03   7.1906489e-04   1.1776453e-03   1.1776453e-03   1.1776453e-03   1.1776453e-03
   4.7165933e-02   1.1776453e-03   7.1906489e-04   1.1776453e-03   1.1776453e-03   1.1776453e-03   1.1776453e-03
   5.0556754e-02   1.1776453e-03   7.1906489e-04   1.1776453e-03   1.1776453e-03   1.1776453e-03   1.1776453e-03
   5.4191346e-02   1.1776453e-03   7.1906489e-04   1.1776453e-03   1.1776453e-03   1.1776453e-03   1.1776453e-03
   5.8087234e-02   1.1776453e-03   7.1906489e-04   1.1776453e-03   1.1776453e-03   1.1776453e-03   1.1776453e-03
   6.2263201e-02   1.1776453e-03   7.1906489e-04   1.1776453e-03   1.1776453e-03   1.1776453e-03   1.1776453e-03
   6.6739385e-02   1.1776453e-03   7.1906489e-04   1.1776453e-03   1.1776453e-03   1.1776453e-03   1.1776453e-03
   7.1537368e-02   1.1776453e-03   7.1906489e-04   1.1776453e-03   1.1776453e-03   1.1776453e-03   1.1776453e-03
   7.6680283e-02   1.1776453e-03   7.1906489e-04   1.1776453e-03   1.1776453e-03   1.1776453e-03   1.1776453e-03
   8.2192930e-02   1.1776453e-03   7.1906489e-04   1.1776453e-03   1.1776453e-03   1.1776453e-03   1.1776453e-03
   8.8101888e-02   1.1776453e-03   7.1906489e-04   1.1776453e-03   1.1776453e-03   1.1776453e-03   1.1776453e-03
   9.4435649e-02   1.1776453e-03   7.1906489e-04   1.1776453e-03   1.1776453e-03   1.1776453e-03   1.1776453e-03
   1.0122475e-01   1.1776453e-03   7.1906489e-04   1.1776453e-03   1.1776453e-03   1.1776453e-03   1.1776453e-03
   1.0850193e-01   1.1776453e-03   7.1906489e-04   1.1776453e-03   1.1776453e-03   1.1776453e-03   1.1776453e-03
   1.1630228e-01   1.1776453e-03   7.1906489e-04   1.1776453e-03   1.1776453e-03   1.1776453e-03   1.1776453e-03
   1.2466341e-01   1.1776453e-03   7.1906489e-04   1.1776453e-03   1.1776453e-03   1.1776453e-03   1.1776453e-03
   1.3362562e-01   1.1776453e-03   7.1906489e-04   1.1776453e-03   1.1776453e-03   1.1776453e-03   1.1776453e-03
   1.4323214e-01   1.1776453e-03   7.1906489e-04   1.1776453e-03   1.1776453e-03   1.1776453e-03   1.1776453e-03
   1.5352929e-01   1.1776453e-03   7.1906489e-04   1.1776453e-03   1.1776453e-03   1.1776453e-03   1.1776453e-03
   1.6456672e-01   1.1776453e-03   7.1906489e-04   1.1776453e-03   1.1776453e-03   1.1776453e-03   1.1776453e-03
   1.7639763e-01   1.1776453e-03   7.1906489e-04   1.1776453e-03   1.1776453e-03   1.1776453e-03   1.1776453e-03
   1.8907909e-01   1.1776453e-03   7.1906489e-04   1.1776453e-03   1.1776453e-03   1.1776453e-03   1.1776453e-03
   2.0267224e-01   1.1776453e-03   7.1906489e-04   1.1776453e-03   1.1776453e-03   1.1776453e-03   1.1776453e-03
   2.1724261e-01   1.1776453e-03   7.1906489e-04   1.1776453e-03   1.1776453e-03   1.1776453e-03   1.1776453e-03
   2.3286047e-01   1.1776453e-03   7.1906489e-04   1.1776453e-03   1.1776453e-03   1.1776453e-03   1.1776453e-03
   2.4960112e-01   1.1776453e-03   7.1906489e-04   1.1776453e-03   1.1776453e-03   1.1776453e-03   1.1776453e-03
   2.6754527e-01   1.1776453e-03   7.1906489e-04   1.1776453e-03   1.1776453e-03   1.1776453e-03   1.1776453e-03
   2.8677945e-01   1.1776453e-03   7.1906489e-04   1.1776453e-03   1.1776453e-03   1.1776453e-03   1.1776453e-03
   3.0739641e-01   1.1776453e-03   7.1906489e-04   1.1776453e-03   1.1776453e-03   1.1776453e-03   1.1776453e-03
   3.2949554e-01   1.1776453e-03   7.1906489e-04   1.1776453e-03   1.1776453e-03   1.1776453e-03   1.1776453e-03
   3.5318341e-01   1.1776453e-03   7.1906489e-04   1.1776453e-03   1.1776453e-03   1.1776453e-03   1.1776453e-03
   3.7857423e-01   1.1776453e-03   7.1906489e-04   1.1776453e-03   1.1776453e-03   1.1776453e-03   1.1776453e-03
   4.0579043e-01   1.1776453e-03   7.1906489e-04   1.1776453e-03   1.1776453e-03   1.1776453e-03   1.1776453e-03
   4.3496324e-01   1.1776453e-03   7.1906489e-04   1.1776453e-03   1.1776453e-03   1.1776453e-03   1.1776453e-03
   4.6623332e-01   1.1776453e-03   7.1906489e-04   1.1776453e-03   1.1776453e-03   1.1776453e-03   1.1776453e-03
   4.9975145e-01   1.1776453e-03   7.1906489e-04   1.1776453e-03   1.1776453e-03   1.1776453e-03   1.1776453e-03
   5.3567924e-01   1.1776453e-03   7.1906489e-04   1.1776453e-03   1.1776453e-03   1.1776453e-03   1.1776453e-03
   5.7418993e-01   1.1776453e-03   7.1906489e-04   1.1776453e-03   1.1776453e-03   1.1776453e-03   1.1776453e-03
   6.1546920e-01   1.1776453e-03   7.1906489e-04   1.1776453e-03   1.1776453e-03   1.1776453e-03   1.1776453e-03
   6.5971609e-01   1.1776453e-03   7.1906489e-04   1.1776453e-03   1.1776453e-03   1.1776453e-03   1.1776453e-03
   7.0714395e-01   1.1776453e-03   7.1906489e-04   1.1776453e-03   1.1776453e-03   1.1776453e-03   1.1776453e-03
   7.5798146e-01   1.1776453e-03   7.1906489e-04   1.1776453e-03   1.1776453e-03   1.1776453e-03   1.1776453e-03
   8.1247375e-01   1.1776453e-03   7.1906489e-04   1.1776453e-03   1.1776453e-03   1.1776453e-03   1.1776453e-03
   8.7088356e-01   1.1776453e-03   7.1906489e-04   1.1776453e-03   1.1776453e-03   1.1776453e-03   1.1776453e-03
   9.3349252e-01   1.1776453e-03   7.1906489e-04   1.1776453e-03   1.1776453e-03   1.1776453e-03   1.1776453e-03
   1.0006025e+00   1.1776453e-03   7.1906489e-04   1.1776453e-03   1.1776453e-03   1.1776453e-03   1.1776453e-03
   1.0725372e+00   1.1776453e-03   7.1906489e-04   1.1776453e-03   1.1776453e-03   1.1776453e-03   1.1776453e-03
   1.1496433e+00   1.1776453e-03   7.1906489e-04   1.1776453e-03   1.1776453e-03   1.1776453e-03   1.1776453e-03
   1.2322927e+00   1.1776453e-03   7.1906489e-04   1.1776453e-03   1.1776453e-03   1.1776453e-03   1.1776453e-03
   1.3208838e+00   1.1776453e-03   7.1906489e-04   1.1776453e-03   1.1776453e-03   1.1776453e-03   1.1776453e-03
   1.4158439e+00   1.1776453e-03   7.1906489e-04   1.1776453e-03   1.1776453e-03   1.1776453e-03   1.1776453e-03
   1.5176308e+00   1.1776453e-03   7.1906489e-04   1.1776453e-03   1.1776453e-03   1.1776453e-03   1.1776453e-03
   1.6267352e+00   1.1776453e-03   7.1906489e-04   1.1776453e-03   1.1776453e-03   1.1776453e-03   1.1776453e-03
   1.7436834e+00   1.1776453e-03   7.1906489e-04   1.1776453e-03   1.1776453e-03   1.1776453e-03   1.1776453e-03
   1.8690391e+00   1.1776453e-03   7.1906489e-04   1.1776453e-03   1.1776453e-03   1.1776453e-03   1.1776453e-03
   2.0034068e+00   1.1776453e-03   7.1906489e-04   1.1776453e-03   1.1776453e-03   1.1776453e-03   1.1776453e-03
   2.1474343e+00   1.1776453e-03   7.1906489e-04   1.1776453e-03   1.1776453e-03   1.1776453e-03   1.1776453e-03
   2.3018162e+00   1.1776453e-03   7.1906489e-04   1.1776453e-03   1.1776453e-03   1.1776453e-03   1.1776453e-03
   2.4672968e+00   1.1776453e-03   7.1906489e-04   1.1776453e-03   1.1776453e-03   1.1776453e-03   1.1776453e-03
   2.6446740e+00   1.1776453e-03   7.1906489e-04   1.1776453e-03   1.1776453e-03   1.1776453e-03   1.1776453e-03
   2.8348031e+00   1.1776453e-03   7.1906489e-04   1.1776453e-03   1.1776453e-03   1.1776453e-03   1.1776453e-03
   3.0386009e+00   1.1776453e-03   7.1906489e-04   1.1776453e-03   1.1776453e-03   1.1776453e-03   1.1776453e-03
   3.2570499e+00   1.1776453e-03   7.1906489e-04   1.1776453e-03   1.1776453e-03   1.1776453e-03   1.1776453e-03
   3.4912035e+00   1.1776453e-03   7.1906489e-04   1.1776453e-03   1.1776453e-03   1.1776453e-03   1.1776453e-03
   3.7421907e+00   1.1776453e-03   7.1906489e-04   1.1776453e-03   1.1776453e-03   1.1776453e-03   1.1776453e-03
   4.0112218e+00   1.1776453e-03   7.1906489e-04   1.1776453e-03   1.1776453e-03   1.1776453e-03   1.1776453e-03
   4.2995938e+00   1.1776453e-03   7.1906489e-04   1.1776453e-03   1.1776453e-03   1.1776453e-03   1.1776453e-03
   4.6086973e+00   1.1776453e-03   7.1906489e-04   1.1776453e-03   1.1776453e-03   1.1776453e-03   1.1776453e-03
   4.9400226e+00   1.1776453e-03   7.1906489e-04   1.1776453e-03   1.1776453e-03   1.1776453e-03   1.1776453e-03
   5.2951673e+00   1.1776453e-03   7.1906489e-04   1.1776453e-03   1.1776453e-03   1.1776453e-03   1.1776453e-03
   5.6758439e+00   1.1776453e-03   7.1906489e-04   1.1776453e-03   1.1776453e-03   1.1776453e-03   1.1776453e-03
   6.0838878e+00   1.1776453e-03   7.1906489e-04   1.1776453e-03   1.1776453e-03   1.1776453e-03   1.1776453e-03
   6.5212665e+00   1.1776453e-03   7.1906489e-04   1.1776453e-03   1.1776453e-03   1.1776453e-03   1.1776453e-03
   6.9900890e+00   1.1776453e-03   7.1906489e-04   1.1776453e-03   1.1776453e-03   1.1776453e-03   1.1776453e-03
   7.4926157e+00   1.1776453e-03   7.1906489e-04   1.1776453e-03   1.1776453e-03   1.1776453e-03   1.1776453e-03
   8.0312697e+00   1.1790882e-03   7.2055563e-04   1.1788268e-03   1.1785345e-03   1.1821820e-03   1.1776453e-03
   8.6086483e+00   1.4817125e-03   1.0557637e-03   1.4217665e-03   1.3573503e-03   2.3776976e-03   1.1776453e-03
   9.2275354e+00   2.0342044e-03   1.7908786e-03   1.8437422e-03   1.6510232e-03   6.1404363e-03   1.1776453e-03
   9.8909151e+00   2.8253555e-03   3.0965451e-03   2.4135636e-03   2.0222269e-03   1.5954225e-02   1.1776453e-03
   1.0601986e+01   3.9389920e-03   5.3837911e-03   3.1691221e-03   2.4823773e-03   3.9835492e-02   1.1776453e-03
   1.1364177e+01   5.4999423e-03   9.3702039e-03   4.1665621e-03   3.0501190e-03   9.1985786e-02   1.1776453e-03
   1.2181162e+01   7.6836643e-03   1.6281479e-02   5.4810412e-03   3.7494096e-03   1.8880310e-01   1.1776453e-03
   1.3056882e+01   1.0734007e-02   2.8171668e-02   7.2115377e-03   4.6100079e-03   3.3469997e-01   1.1776453e-03
   1.3995559e+01   1.4987728e-02   4.8384551e-02   9.4876733e-03   5.6685520e-03   5.1144663e-01   1.1776453e-03
   1.5001718e+01   2.0906756e-02   8.2110359e-02   1.2478556e-02   6.9699902e-03   6.9009186e-01   1.1780712e-03
   1.6080211e+01   2.9116509e-02   1.3675397e-01   1.6402734e-02   8.5688794e-03   8.4997235e-01   1.4575135e-03
   1.7236239e+01   3.9794090e-02   2.1392434e-01   2.1248487e-02   1.0421348e-02   9.4279207e-01   1.9984940e-03
   1.8475375e+01   5.3278293e-02   3.1192268e-01   2.7079323e-02   1.2515073e-02   9.7907589e-01   2.7748282e-03
   1.9803594e+01   7.0518514e-02   4.2845260e-01   3.4217814e-02   1.4927281e-02   9.9255957e-01   3.8680502e-03
   2.1227300e+01   9.2582428e-02   5.5384457e-01   4.3024949e-02   1.7734987e-02   9.9739863e-01   5.4006035e-03
   2.2753359e+01   1.2058026e-01   6.7346906e-01   5.3895163e-02   2.1014760e-02   9.9909845e-01   7.5447852e-03
   2.4389128e+01   1.5560398e-01   7.7469055e-01   6.7274991e-02   2.4850866e-02   9.9968896e-01   1.0540146e-02
   2.6142495e+01   1.9855904e-01   8.5180278e-01   8.3658544e-02   2.9336977e-02   9.9989293e-01   1.4717620e-02
   2.8021913e+01   2.4992819e-01   9.0590363e-01   1.0357284e-01   3.4577335e-02   9.9996318e-01   2.0531333e-02
   3.0036445e+01   3.0950868e-01   9.4168029e-01   1.2755163e-01   4.0687912e-02   9.9998734e-01   2.8599045e-02
   3.2195805e+01   3.7619471e-01   9.6441552e-01   1.5609185e-01   4.7796683e-02   9.9999565e-01   3.9147200e-02
   3.4510404e+01   4.4791970e-01   9.7849824e-01   1.8959435e-01   5.6043653e-02   9.9999850e-01   5.2455627e-02
   3.6991402e+01   5.2183554e-01   9.8708342e-01   2.2828819e-01   6.5579571e-02   9.9999948e-01   6.9463931e-02
   3.9650763e+01   5.9473482e-01   9.9226685e-01   2.7215088e-01   7.6564141e-02   9.9999982e-01   9.1236573e-02
   4.2501309e+01   6.6358958e-01   9.9537856e-01   3.2083636e-01   8.9162607e-02   9.9999994e-01   1.1888154e-01
   4.5556784e+01   7.2602659e-01   9.9724044e-01   3.7363143e-01   1.0354061e-01   9.9999998e-01   1.5349571e-01
   4.8831921e+01   7.8059520e-01   9.9835253e-01   4.2946459e-01   1.1985807e-01   9.9999999e-01   1.9600049e-01
   5.2342512e+01   8.2677627e-01   9.9901619e-01   4.8696826e-01   1.3825903e-01   1.0000000e+00   2.4690856e-01
   5.6105484e+01   8.6481403e-01   9.9941215e-01   5.4460909e-01   1.5886248e-01   1.0000000e+00   3.0606101e-01
   6.0138982e+01   8.9545676e-01   9.9964844e-01   6.0084564e-01   1.8174976e-01   1.0000000e+00   3.7240445e-01
   6.4462452e+01   9.1970943e-01   9.9978952e-01   6.5429121e-01   2.0695245e-01   1.0000000e+00   4.4392265e-01
   6.9096743e+01   9.3864144e-01   9.9987381e-01   7.0383915e-01   2.3443912e-01   1.0000000e+00   5.1780095e-01
   7.4064199e+01   9.5326454e-01   9.9992422e-01   7.4873248e-01   2.6410283e-01   1.0000000e+00   5.9083793e-01
   7.9388772e+01   9.6447181e-01   9.9995440e-01   7.8858253e-01   2.9575893e-01   1.0000000e+00   6.5998225e-01
   8.5096136e+01   9.7301213e-01   9.9997250e-01   8.2332032e-01   3.2913652e-01   1.0000000e+00   7.2281564e-01
   9.1213809e+01   9.7949428e-01   9.9998337e-01   8.5313308e-01   3.6388569e-01   1.0000000e+00   7.7783482e-01
   9.7771290e+01   9.8440127e-01   9.9998991e-01   8.7838297e-01   3.9958593e-01   1.0000000e+00   8.2447288e-01
   1.0480020e+02   9.8810992e-01   9.9999386e-01   8.9953356e-01   4.3576241e-01   1.0000000e+00   8.6293886e-01
   1.1233442e+02   9.9091076e-01   9.9999624e-01   9.1709040e-01   4.7190862e-01   1.0000000e+00   8.9396004e-01
   1.2041029e+02   9.9302545e-01   9.9999769e-01   9.3155419e-01   5.0750309e-01   1.0000000e+00   9.1853318e-01
   1.2906675e+02   9.9462242e-01   9.9999857e-01   9.4339557e-01   5.4203736e-01   1.0000000e+00   9.3772841e-01
   1.3834553e+02   9.9582896e-01   9.9999911e-01   9.5303837e-01   5.7503500e-01   1.0000000e+00   9.5256231e-01
   1.4829137e+02   9.9674061e-01   9.9999944e-01   9.6084974e-01   6.0605319e-01   1.0000000e+00   9.6393535e-01
   1.5895223e+02   9.9742917e-01   9.9999964e-01   9.6714212e-01   6.3469548e-01   1.0000000e+00   9.7260425e-01
   1.7037951e+02   9.9794802e-01   9.9999977e-01   9.7217193e-01   6.6058958e-01   1.0000000e+00   9.7918518e-01
   1.8262832e+02   9.9833662e-01   9.9999985e-01   9.7614384e-01   6.8336868e-01   1.0000000e+00   9.8416754e-01
   1.9575771e+02   9.9862341e-01   9.9999990e-01   9.7921138e-01   7.0262498e-01   1.0000000e+00   9.8793336e-01
   2.0983099e+02   9.9882719e-01   9.9999993e-01   9.8146876e-01   7.1780345e-01   1.0000000e+00   9.9077745e-01
   2.2491602e+02   9.9895638e-01   9.9999994e-01   9.8292722e-01   7.2800964e-01   1.0000000e+00   9.9292481e-01
   2.4108553e+02   9.9900283e-01   9.9999995e-01   9.8344920e-01   7.3167173e-01   1.0000000e+00   9.9454641e-01
   2.5841749e+02   9.9900283e-01   9.9999995e-01   9.8344920e-01   7.3167173e-01   1.0000000e+00   9.9577153e-01
   2.7699546e+02   9.9900283e-01   9.9999995e-01   9.8344920e-01   7.3167173e-01   1.0000000e+00   9.9669724e-01
   2.9690903e+02   9.9900283e-01   9.9999995e-01   9.8344920e-01   7.3167173e-01   1.0000000e+00   9.9739642e-01
   3.1825421e+02   9.9900283e-01   9.9999995e-01   9.8344920e-01   7.3167173e-01   1.0000000e+00   9.9792337e-01
   3.4113393e+02   9.9900283e-01   9.9999995e-01   9.8344920e-01   7.3167173e-01   1.0000000e+00   9.9831823e-01
   3.6565850e+02   9.9900283e-01   9.9999995e-01   9.8344920e-01   7.3167173e-01   1.0000000e+00   9.9861002e-01
   3.9194617e+02   9.9900283e-01   9.9999995e-01   9.8344920e-01   7.3167173e-01   1.0000000e+00   9.9881801e-01
   4.2012369e+02   9.9900283e-01   9.9999995e-01   9.8344920e-01   7.3167173e-01   1.0000000e+00   9.9895127e-01
   4.5032694e+02   9.9900283e-01   9.9999995e-01   9.8344920e-01   7.3167173e-01   1.0000000e+00   9.9900283e-01
   4.8270154e+02   9.9900283e-01   9.9999995e-01   9.8344920e-01   7.3167173e-01   1.0000000e+00   9.9900283e-01
   5.1740359e+02   9.9900283e-01   9.9999995e-01   9.8344920e-01   7.3167173e-01   1.0000000e+00   9.9900283e-01
   5.5460042e+02   9.9900283e-01   9.9999995e-01   9.8344920e-01   7.3167173e-01   1.0000000e+00   9.9900283e-01
   5.9447137e+02   9.9900283e-01   9.9999995e-01   9.8344920e-01   7.3167173e-01   1.0000000e+00   9.9900283e-01
   6.3720870e+02   9.9900283e-01   9.9999995e-01   9.8344920e-01   7.3167173e-01   1.0000000e+00   9.9900283e-01
   6.8301848e+02   9.9900283e-01   9.9999995e-01   9.8344920e-01   7.3167173e-01   1.0000000e+00   9.9900283e-01
   7.3212158e+02   9.9900283e-01   9.9999995e-01   9.8344920e-01   7.3167173e-01   1.0000000e+00   9.9900283e-01
   7.8475476e+02   9.9900283e-01   9.9999995e-01   9.8344920e-01   7.3167173e-01   1.0000000e+00   9.9900283e-01
   8.4117182e+02   9.9900283e-01   9.9999995e-01   9.8344920e-01   7.3167173e-01   1.0000000e+00   9.9900283e-01
   9.0164477e+02   9.9900283e-01   9.9999995e-01   9.8344920e-01   7.3167173e-01   1.0000000e+00   9.9900283e-01
   9.6646520e+02   9.9900283e-01   9.9999995e-01   9.8344920e-01   7.3167173e-01   1.0000000e+00   9.9900283e-01
