S870 karim steep flat veryflat verysteep
   1.0359457e-03   2.4520779e-03   1.4910407e-03   2.4520779e-03   2.4520779e-03   2.4520779e-03
   1.1104212e-03   2.4520779e-03   1.4910407e-03   2.4520779e-03   2.4520779e-03   2.4520779e-03
   1.1902508e-03   2.4520779e-03   1.4910407e-03   2.4520779e-03   2.4520779e-03   2.4520779e-03
   1.2758195e-03   2.4520779e-03   1.4910407e-03   2.4520779e-03   2.4520779e-03   2.4520779e-03
   1.3675398e-03   2.4520779e-03   1.4910407e-03   2.4520779e-03   2.4520779e-03   2.4520779e-03
   1.4658541e-03   2.4520779e-03   1.4910407e-03   2.4520779e-03   2.4520779e-03   2.4520779e-03
   1.5712363e-03   2.4520779e-03   1.4910407e-03   2.4520779e-03   2.4520779e-03   2.4520779e-03
   1.6841945e-03   2.4520779e-03   1.4910407e-03   2.4520779e-03   2.4520779e-03   2.4520779e-03
   1.8052735e-03   2.4520779e-03   1.4910407e-03   2.4520779e-03   2.4520779e-03   2.4520779e-03
   1.9350570e-03   2.4520779e-03   1.4910407e-03   2.4520779e-03   2.4520779e-03   2.4520779e-03
   2.0741708e-03   2.4520779e-03   1.4910407e-03   2.4520779e-03   2.4520779e-03   2.4520779e-03
   2.2232857e-03   2.4520779e-03   1.4910407e-03   2.4520779e-03   2.4520779e-03   2.4520779e-03
   2.3831206e-03   2.4520779e-03   1.4910407e-03   2.4520779e-03   2.4520779e-03   2.4520779e-03
   2.5544463e-03   2.4520779e-03   1.4910407e-03   2.4520779e-03   2.4520779e-03   2.4520779e-03
   2.7380888e-03   2.4520779e-03   1.4910407e-03   2.4520779e-03   2.4520779e-03   2.4520779e-03
   2.9349336e-03   2.4520779e-03   1.4910407e-03   2.4520779e-03   2.4520779e-03   2.4520779e-03
   3.1459299e-03   2.4520779e-03   1.4910407e-03   2.4520779e-03   2.4520779e-03   2.4520779e-03
   3.3720949e-03   2.4520779e-03   1.4910407e-03   2.4520779e-03   2.4520779e-03   2.4520779e-03
   3.6145193e-03   2.4520779e-03   1.4910407e-03   2.4520779e-03   2.4520779e-03   2.4520779e-03
   3.8743718e-03   2.4520779e-03   1.4910407e-03   2.4520779e-03   2.4520779e-03   2.4520779e-03
   4.1529055e-03   2.4520779e-03   1.4910407e-03   2.4520779e-03   2.4520779e-03   2.4520779e-03
   4.4514634e-03   2.4520779e-03   1.4910407e-03   2.4520779e-03   2.4520779e-03   2.4520779e-03
   4.7714849e-03   2.4520779e-03   1.4910407e-03   2.4520779e-03   2.4520779e-03   2.4520779e-03
   5.1145133e-03   2.4520779e-03   1.4910407e-03   2.4520779e-03   2.4520779e-03   2.4520779e-03
   5.4822024e-03   2.4520779e-03   1.4910407e-03   2.4520779e-03   2.4520779e-03   2.4520779e-03
   5.8763252e-03   2.4520779e-03   1.4910407e-03   2.4520779e-03   2.4520779e-03   2.4520779e-03
   6.2987819e-03   2.4520779e-03   1.4910407e-03   2.4520779e-03   2.4520779e-03   2.4520779e-03
   6.7516097e-03   2.4520779e-03   1.4910407e-03   2.4520779e-03   2.4520779e-03   2.4520779e-03
   7.2369918e-03   2.4520779e-03   1.4910407e-03   2.4520779e-03   2.4520779e-03   2.4520779e-03
   7.7572687e-03   2.4520779e-03   1.4910407e-03   2.4520779e-03   2.4520779e-03   2.4520779e-03
   8.3149490e-03   2.4520779e-03   1.4910407e-03   2.4520779e-03   2.4520779e-03   2.4520779e-03
   8.9127216e-03   2.4520779e-03   1.4910407e-03   2.4520779e-03   2.4520779e-03   2.4520779e-03
   9.5534689e-03   2.4520779e-03   1.4910407e-03   2.4520779e-03   2.4520779e-03   2.4520779e-03
   1.0240280e-02   2.4520779e-03   1.4910407e-03   2.4520779e-03   2.4520779e-03   2.4520779e-03
   1.0976468e-02   2.4520779e-03   1.4910407e-03   2.4520779e-03   2.4520779e-03   2.4520779e-03
   1.1765580e-02   2.4520779e-03   1.4910407e-03   2.4520779e-03   2.4520779e-03   2.4520779e-03
   1.2611424e-02   2.4520779e-03   1.4910407e-03   2.4520779e-03   2.4520779e-03   2.4520779e-03
   1.3518075e-02   2.4520779e-03   1.4910407e-03   2.4520779e-03   2.4520779e-03   2.4520779e-03
   1.4489908e-02   2.4520779e-03   1.4910407e-03   2.4520779e-03   2.4520779e-03   2.4520779e-03
   1.5531606e-02   2.4520779e-03   1.4910407e-03   2.4520779e-03   2.4520779e-03   2.4520779e-03
   1.6648194e-02   2.4520779e-03   1.4910407e-03   2.4520779e-03   2.4520779e-03   2.4520779e-03
   1.7845055e-02   2.4520779e-03   1.4910407e-03   2.4520779e-03   2.4520779e-03   2.4520779e-03
   1.9127959e-02   2.4520779e-03   1.4910407e-03   2.4520779e-03   2.4520779e-03   2.4520779e-03
   2.0503093e-02   2.4520779e-03   1.4910407e-03   2.4520779e-03   2.4520779e-03   2.4520779e-03
   2.1977088e-02   2.4520779e-03   1.4910407e-03   2.4520779e-03   2.4520779e-03   2.4520779e-03
   2.3557050e-02   2.4520779e-03   1.4910407e-03   2.4520779e-03   2.4520779e-03   2.4520779e-03
   2.5250597e-02   2.4520779e-03   1.4910407e-03   2.4520779e-03   2.4520779e-03   2.4520779e-03
   2.7065896e-02   2.4520779e-03   1.4910407e-03   2.4520779e-03   2.4520779e-03   2.4520779e-03
   2.9011699e-02   2.4520779e-03   1.4910407e-03   2.4520779e-03   2.4520779e-03   2.4520779e-03
   3.1097388e-02   2.4520779e-03   1.4910407e-03   2.4520779e-03   2.4520779e-03   2.4520779e-03
   3.3333020e-02   2.4520779e-03   1.4910407e-03   2.4520779e-03   2.4520779e-03   2.4520779e-03
   3.5729375e-02   2.4520779e-03   1.4910407e-03   2.4520779e-03   2.4520779e-03   2.4520779e-03
   3.8298007e-02   2.4520779e-03   1.4910407e-03   2.4520779e-03   2.4520779e-03   2.4520779e-03
   4.1051301e-02   2.4520779e-03   1.4910407e-03   2.4520779e-03   2.4520779e-03   2.4520779e-03
   4.4002533e-02   2.4520779e-03   1.4910407e-03   2.4520779e-03   2.4520779e-03   2.4520779e-03
   4.7165933e-02   2.4520779e-03   1.4910407e-03   2.4520779e-03   2.4520779e-03   2.4520779e-03
   5.0556754e-02   2.4520779e-03   1.4910407e-03   2.4520779e-03   2.4520779e-03   2.4520779e-03
   5.4191346e-02   2.4520779e-03   1.4910407e-03   2.4520779e-03   2.4520779e-03   2.4520779e-03
   5.8087234e-02   2.4520779e-03   1.4910407e-03   2.4520779e-03   2.4520779e-03   2.4520779e-03
   6.2263201e-02   2.4520779e-03   1.4910407e-03   2.4520779e-03   2.4520779e-03   2.4520779e-03
   6.6739385e-02   2.4520779e-03   1.4910407e-03   2.4520779e-03   2.4520779e-03   2.4520779e-03
   7.1537368e-02   2.4520779e-03   1.4910407e-03   2.4520779e-03   2.4520779e-03   2.4520779e-03
   7.6680283e-02   2.4520779e-03   1.4910407e-03   2.4520779e-03   2.4520779e-03   2.4520779e-03
   8.2192930e-02   2.4520779e-03   1.4910407e-03   2.4520779e-03   2.4520779e-03   2.4520779e-03
   8.8101888e-02   2.4520779e-03   1.4910407e-03   2.4520779e-03   2.4520779e-03   2.4520779e-03
   9.4435649e-02   2.4520779e-03   1.4910407e-03   2.4520779e-03   2.4520779e-03   2.4520779e-03
   1.0122475e-01   2.4520779e-03   1.4910407e-03   2.4520779e-03   2.4520779e-03   2.4520779e-03
   1.0850193e-01   2.4520779e-03   1.4910407e-03   2.4520779e-03   2.4520779e-03   2.4520779e-03
   1.1630228e-01   2.4520779e-03   1.4910407e-03   2.4520779e-03   2.4520779e-03   2.4520779e-03
   1.2466341e-01   2.4520779e-03   1.4910407e-03   2.4520779e-03   2.4520779e-03   2.4520779e-03
   1.3362562e-01   2.4520779e-03   1.4910407e-03   2.4520779e-03   2.4520779e-03   2.4520779e-03
   1.4323214e-01   2.4520779e-03   1.4910407e-03   2.4520779e-03   2.4520779e-03   2.4520779e-03
   1.5352929e-01   2.4520779e-03   1.4910407e-03   2.4520779e-03   2.4520779e-03   2.4520779e-03
   1.6456672e-01   2.4520779e-03   1.4910407e-03   2.4520779e-03   2.4520779e-03   2.4520779e-03
   1.7639763e-01   2.4520779e-03   1.4910407e-03   2.4520779e-03   2.4520779e-03   2.4520779e-03
   1.8907909e-01   2.4520779e-03   1.4910407e-03   2.4520779e-03   2.4520779e-03   2.4520779e-03
   2.0267224e-01   2.4520779e-03   1.4910407e-03   2.4520779e-03   2.4520779e-03   2.4520779e-03
   2.1724261e-01   2.4520779e-03   1.4910407e-03   2.4520779e-03   2.4520779e-03   2.4520779e-03
   2.3286047e-01   2.4520779e-03   1.4910407e-03   2.4520779e-03   2.4520779e-03   2.4520779e-03
   2.4960112e-01   2.4520779e-03   1.4910407e-03   2.4520779e-03   2.4520779e-03   2.4520779e-03
   2.6754527e-01   2.4520779e-03   1.4910407e-03   2.4520779e-03   2.4520779e-03   2.4520779e-03
   2.8677945e-01   2.4520779e-03   1.4910407e-03   2.4520779e-03   2.4520779e-03   2.4520779e-03
   3.0739641e-01   2.4520779e-03   1.4910407e-03   2.4520779e-03   2.4520779e-03   2.4520779e-03
   3.2949554e-01   2.4520779e-03   1.4910407e-03   2.4520779e-03   2.4520779e-03   2.4520779e-03
   3.5318341e-01   2.4520779e-03   1.4910407e-03   2.4520779e-03   2.4520779e-03   2.4520779e-03
   3.7857423e-01   2.4520779e-03   1.4910407e-03   2.4520779e-03   2.4520779e-03   2.4520779e-03
   4.0579043e-01   2.4520779e-03   1.4910407e-03   2.4520779e-03   2.4520779e-03   2.4520779e-03
   4.3496324e-01   2.4520779e-03   1.4910407e-03   2.4520779e-03   2.4520779e-03   2.4520779e-03
   4.6623332e-01   2.4520779e-03   1.4910407e-03   2.4520779e-03   2.4520779e-03   2.4520779e-03
   4.9975145e-01   2.4520779e-03   1.4910407e-03   2.4520779e-03   2.4520779e-03   2.4520779e-03
   5.3567924e-01   2.4520779e-03   1.4910407e-03   2.4520779e-03   2.4520779e-03   2.4520779e-03
   5.7418993e-01   2.4520779e-03   1.4910407e-03   2.4520779e-03   2.4520779e-03   2.4520779e-03
   6.1546920e-01   2.4520779e-03   1.4910407e-03   2.4520779e-03   2.4520779e-03   2.4520779e-03
   6.5971609e-01   2.4520779e-03   1.4910407e-03   2.4520779e-03   2.4520779e-03   2.4520779e-03
   7.0714395e-01   2.4520779e-03   1.4910407e-03   2.4520779e-03   2.4520779e-03   2.4520779e-03
   7.5798146e-01   2.4520779e-03   1.4910407e-03   2.4520779e-03   2.4520779e-03   2.4520779e-03
   8.1247375e-01   2.4520779e-03   1.4910407e-03   2.4520779e-03   2.4520779e-03   2.4520779e-03
   8.7088356e-01   2.4520779e-03   1.4910407e-03   2.4520779e-03   2.4520779e-03   2.4520779e-03
   9.3349252e-01   2.4520779e-03   1.4910407e-03   2.4520779e-03   2.4520779e-03   2.4520779e-03
   1.0006025e+00   2.4520779e-03   1.4910407e-03   2.4520779e-03   2.4520779e-03   2.4520779e-03
   1.0725372e+00   2.4520779e-03   1.4910407e-03   2.4520779e-03   2.4520779e-03   2.4520779e-03
   1.1496433e+00   2.4520779e-03   1.4910407e-03   2.4520779e-03   2.4520779e-03   2.4520779e-03
   1.2322927e+00   2.4520779e-03   1.4910407e-03   2.4520779e-03   2.4520779e-03   2.4520779e-03
   1.3208838e+00   2.4520779e-03   1.4910407e-03   2.4520779e-03   2.4520779e-03   2.4520779e-03
   1.4158439e+00   2.4520779e-03   1.4910407e-03   2.4520779e-03   2.4520779e-03   2.4520779e-03
   1.5176308e+00   2.4520779e-03   1.4910407e-03   2.4520779e-03   2.4520779e-03   2.4520779e-03
   1.6267352e+00   2.4520779e-03   1.4910407e-03   2.4520779e-03   2.4520779e-03   2.4520779e-03
   1.7436834e+00   2.4520779e-03   1.4910407e-03   2.4520779e-03   2.4520779e-03   2.4520779e-03
   1.8690391e+00   2.4520779e-03   1.4910407e-03   2.4520779e-03   2.4520779e-03   2.4520779e-03
   2.0034068e+00   2.4520779e-03   1.4910407e-03   2.4520779e-03   2.4520779e-03   2.4520779e-03
   2.1474343e+00   2.4520779e-03   1.4910407e-03   2.4520779e-03   2.4520779e-03   2.4520779e-03
   2.3018162e+00   2.4520779e-03   1.4910407e-03   2.4520779e-03   2.4520779e-03   2.4520779e-03
   2.4672968e+00   2.4520779e-03   1.4910407e-03   2.4520779e-03   2.4520779e-03   2.4520779e-03
   2.6446740e+00   2.4520779e-03   1.4910407e-03   2.4520779e-03   2.4520779e-03   2.4520779e-03
   2.8348031e+00   2.4520779e-03   1.4910407e-03   2.4520779e-03   2.4520779e-03   2.4520779e-03
   3.0386009e+00   2.4520779e-03   1.4910407e-03   2.4520779e-03   2.4520779e-03   2.4520779e-03
   3.2570499e+00   2.4520779e-03   1.4910407e-03   2.4520779e-03   2.4520779e-03   2.4520779e-03
   3.4912035e+00   2.4520779e-03   1.4910407e-03   2.4520779e-03   2.4520779e-03   2.4520779e-03
   3.7421907e+00   2.4520779e-03   1.4910407e-03   2.4520779e-03   2.4520779e-03   2.4520779e-03
   4.0112218e+00   2.4520779e-03   1.4910407e-03   2.4520779e-03   2.4520779e-03   2.4520779e-03
   4.2995938e+00   2.4520779e-03   1.4910407e-03   2.4520779e-03   2.4520779e-03   2.4520779e-03
   4.6086973e+00   2.4520779e-03   1.4910407e-03   2.4520779e-03   2.4520779e-03   2.4520779e-03
   4.9400226e+00   2.4520779e-03   1.4910407e-03   2.4520779e-03   2.4520779e-03   2.4520779e-03
   5.2951673e+00   2.4520779e-03   1.4910407e-03   2.4520779e-03   2.4520779e-03   2.4520779e-03
   5.6758439e+00   2.4520779e-03   1.4910407e-03   2.4520779e-03   2.4520779e-03   2.4520779e-03
   6.0838878e+00   2.4520779e-03   1.4910407e-03   2.4520779e-03   2.4520779e-03   2.4520779e-03
   6.5212665e+00   2.4520779e-03   1.4910407e-03   2.4520779e-03   2.4520779e-03   2.4520779e-03
   6.9900890e+00   2.4520779e-03   1.4910407e-03   2.4520779e-03   2.4520779e-03   2.4520779e-03
   7.4926157e+00   2.4520779e-03   1.4910407e-03   2.4520779e-03   2.4520779e-03   2.4520779e-03
   8.0312697e+00   2.4530955e-03   1.4920907e-03   2.4529116e-03   2.4527057e-03   2.4552584e-03
   8.6086483e+00   2.9516919e-03   2.0311339e-03   2.8556196e-03   2.7511101e-03   4.2756975e-03
   9.2275354e+00   3.9869021e-03   3.3415710e-03   3.6562859e-03   3.3159917e-03   1.0199074e-02
   9.8909151e+00   5.4883549e-03   5.6662986e-03   4.7547513e-03   4.0435313e-03   2.4693947e-02
   1.0601986e+01   7.6027595e-03   9.6923580e-03   6.2152504e-03   4.9496096e-03   5.7078659e-02
   1.1364177e+01   1.0558399e-02   1.6602802e-02   8.1422756e-03   6.0688283e-03   1.2086207e-01
   1.2181162e+01   1.4675702e-02   2.8357120e-02   1.0677045e-02   7.4471326e-03   2.2695773e-01
   1.3056882e+01   2.0395398e-02   4.8096741e-02   1.4004961e-02   9.1419355e-03   3.7255199e-01
   1.3995559e+01   2.8316671e-02   8.0619264e-02   1.8366979e-02   1.1223853e-02   5.3943983e-01
   1.5001718e+01   3.9243887e-02   1.3269414e-01   2.4074035e-02   1.3779181e-02   7.0597386e-01
   1.6080211e+01   5.4234114e-02   2.1261562e-01   3.1522014e-02   1.6912016e-02   8.5750673e-01
   1.7236239e+01   7.3398454e-02   3.1662385e-01   4.0636558e-02   2.0525591e-02   9.4590605e-01
   1.8475375e+01   9.7020566e-02   4.3488956e-01   5.1461965e-02   2.4581358e-02   9.8020916e-01
   1.9803594e+01   1.2634002e-01   5.5898969e-01   6.4515005e-02   2.9218195e-02   9.9294684e-01
   2.1227300e+01   1.6263736e-01   6.7667774e-01   8.0385353e-02   3.4587156e-02   9.9753221e-01
   2.2753359e+01   2.0693010e-01   7.7649513e-01   9.9673582e-02   4.0836603e-02   9.9914586e-01
   2.4389128e+01   2.5974837e-01   8.5288422e-01   1.2298339e-01   4.8121064e-02   9.9970612e-01
   2.6142495e+01   3.2087195e-01   9.0667979e-01   1.5089257e-01   5.6606796e-02   9.9989921e-01
   2.8021913e+01   3.8909758e-01   9.4231177e-01   1.8389128e-01   6.6471706e-02   9.9996549e-01
   3.0036445e+01   4.6218649e-01   9.6493854e-01   2.2230043e-01   7.7903507e-02   9.9998819e-01
   3.2195805e+01   5.3709332e-01   9.7891706e-01   2.6618260e-01   9.1097253e-02   9.9999596e-01
   3.4510404e+01   6.1044208e-01   9.8740389e-01   3.1525126e-01   1.0624877e-01   9.9999862e-01
   3.6991402e+01   6.7912920e-01   9.9250222e-01   3.6881658e-01   1.2354811e-01   9.9999953e-01
   3.9650763e+01   7.4081771e-01   9.9554574e-01   4.2577960e-01   1.4316913e-01   9.9999984e-01
   4.2501309e+01   7.9418349e-01   9.9735616e-01   4.8470084e-01   1.6525794e-01   9.9999994e-01
   4.5556784e+01   8.3887948e-01   9.9843100e-01   5.4393194e-01   1.8991750e-01   9.9999998e-01
   4.8831921e+01   8.7531903e-01   9.9906862e-01   6.0180048e-01   2.1719413e-01   9.9999999e-01
   5.2342512e+01   9.0438418e-01   9.9944677e-01   6.5678792e-01   2.4705916e-01   1.0000000e+00
   5.6105484e+01   9.2717048e-01   9.9967109e-01   7.0768325e-01   2.7939761e-01   1.0000000e+00
   6.0138982e+01   9.4479871e-01   9.9980424e-01   7.5366852e-01   3.1400097e-01   1.0000000e+00
   6.4462452e+01   9.5829941e-01   9.9988333e-01   7.9432485e-01   3.5056017e-01   1.0000000e+00
   6.9096743e+01   9.6856273e-01   9.9993036e-01   8.2959421e-01   3.8867591e-01   1.0000000e+00
   7.4064199e+01   9.7632356e-01   9.9995835e-01   8.5969655e-01   4.2787093e-01   1.0000000e+00
   7.9388772e+01   9.8217043e-01   9.9997504e-01   8.8503939e-01   4.6761157e-01   1.0000000e+00
   8.5096136e+01   9.8656449e-01   9.9998501e-01   9.0613400e-01   5.0733328e-01   1.0000000e+00
   9.1213809e+01   9.8986188e-01   9.9999097e-01   9.2353082e-01   5.4647337e-01   1.0000000e+00
   9.7771290e+01   9.9233448e-01   9.9999454e-01   9.3777122e-01   5.8449852e-01   1.0000000e+00
   1.0480020e+02   9.9418848e-01   9.9999669e-01   9.4935985e-01   6.2093570e-01   1.0000000e+00
   1.1233442e+02   9.9557925e-01   9.9999798e-01   9.5874751e-01   6.5538909e-01   1.0000000e+00
   1.2041029e+02   9.9662325e-01   9.9999876e-01   9.6632449e-01   6.8754726e-01   1.0000000e+00
   1.2906675e+02   9.9740767e-01   9.9999924e-01   9.7242195e-01   7.1718687e-01   1.0000000e+00
   1.3834553e+02   9.9799768e-01   9.9999953e-01   9.7731649e-01   7.4416960e-01   1.0000000e+00
   1.4829137e+02   9.9844176e-01   9.9999970e-01   9.8123442e-01   7.6841996e-01   1.0000000e+00
   1.5895223e+02   9.9877590e-01   9.9999981e-01   9.8435853e-01   7.8990711e-01   1.0000000e+00
   1.7037951e+02   9.9902670e-01   9.9999988e-01   9.8683344e-01   8.0861520e-01   1.0000000e+00
   1.8262832e+02   9.9921376e-01   9.9999992e-01   9.8877182e-01   8.2452390e-01   1.0000000e+00
   1.9575771e+02   9.9935117e-01   9.9999995e-01   9.9025719e-01   8.3757309e-01   1.0000000e+00
   2.0983099e+02   9.9944836e-01   9.9999996e-01   9.9134249e-01   8.4759917e-01   1.0000000e+00
   2.2491602e+02   9.9950980e-01   9.9999997e-01   9.9204049e-01   8.5421901e-01   1.0000000e+00
   2.4108553e+02   9.9953191e-01   9.9999997e-01   9.9229024e-01   8.5657610e-01   1.0000000e+00
   2.5841749e+02   9.9953191e-01   9.9999997e-01   9.9229024e-01   8.5657610e-01   1.0000000e+00
   2.7699546e+02   9.9953191e-01   9.9999997e-01   9.9229024e-01   8.5657610e-01   1.0000000e+00
   2.9690903e+02   9.9953191e-01   9.9999997e-01   9.9229024e-01   8.5657610e-01   1.0000000e+00
   3.1825421e+02   9.9953191e-01   9.9999997e-01   9.9229024e-01   8.5657610e-01   1.0000000e+00
   3.4113393e+02   9.9953191e-01   9.9999997e-01   9.9229024e-01   8.5657610e-01   1.0000000e+00
   3.6565850e+02   9.9953191e-01   9.9999997e-01   9.9229024e-01   8.5657610e-01   1.0000000e+00
   3.9194617e+02   9.9953191e-01   9.9999997e-01   9.9229024e-01   8.5657610e-01   1.0000000e+00
   4.2012369e+02   9.9953191e-01   9.9999997e-01   9.9229024e-01   8.5657610e-01   1.0000000e+00
   4.5032694e+02   9.9953191e-01   9.9999997e-01   9.9229024e-01   8.5657610e-01   1.0000000e+00
   4.8270154e+02   9.9953191e-01   9.9999997e-01   9.9229024e-01   8.5657610e-01   1.0000000e+00
   5.1740359e+02   9.9953191e-01   9.9999997e-01   9.9229024e-01   8.5657610e-01   1.0000000e+00
   5.5460042e+02   9.9953191e-01   9.9999997e-01   9.9229024e-01   8.5657610e-01   1.0000000e+00
   5.9447137e+02   9.9953191e-01   9.9999997e-01   9.9229024e-01   8.5657610e-01   1.0000000e+00
   6.3720870e+02   9.9953191e-01   9.9999997e-01   9.9229024e-01   8.5657610e-01   1.0000000e+00
   6.8301848e+02   9.9953191e-01   9.9999997e-01   9.9229024e-01   8.5657610e-01   1.0000000e+00
   7.3212158e+02   9.9953191e-01   9.9999997e-01   9.9229024e-01   8.5657610e-01   1.0000000e+00
   7.8475476e+02   9.9953191e-01   9.9999997e-01   9.9229024e-01   8.5657610e-01   1.0000000e+00
   8.4117182e+02   9.9953191e-01   9.9999997e-01   9.9229024e-01   8.5657610e-01   1.0000000e+00
   9.0164477e+02   9.9953191e-01   9.9999997e-01   9.9229024e-01   8.5657610e-01   1.0000000e+00
   9.6646520e+02   9.9953191e-01   9.9999997e-01   9.9229024e-01   8.5657610e-01   1.0000000e+00
