S870 bestfit flat steep
   1.0359457e-03   6.4921490e-04   2.1980786e-04   2.0632495e-03
   1.1104212e-03   6.4921874e-04   2.1980880e-04   2.0632653e-03
   1.1902508e-03   6.4922285e-04   2.1980981e-04   2.0632822e-03
   1.2758195e-03   6.4922726e-04   2.1981089e-04   2.0633004e-03
   1.3675398e-03   6.4923199e-04   2.1981205e-04   2.0633199e-03
   1.4658541e-03   6.4923705e-04   2.1981329e-04   2.0633407e-03
   1.5712363e-03   6.4924248e-04   2.1981462e-04   2.0633631e-03
   1.6841945e-03   6.4924830e-04   2.1981605e-04   2.0633871e-03
   1.8052735e-03   6.4925454e-04   2.1981758e-04   2.0634128e-03
   1.9350570e-03   6.4926123e-04   2.1981922e-04   2.0634403e-03
   2.0741708e-03   6.4926840e-04   2.1982098e-04   2.0634699e-03
   2.2232857e-03   6.4927608e-04   2.1982286e-04   2.0635015e-03
   2.3831206e-03   6.4928432e-04   2.1982488e-04   2.0635355e-03
   2.5544463e-03   6.4929315e-04   2.1982705e-04   2.0635718e-03
   2.7380888e-03   6.4930261e-04   2.1982937e-04   2.0636108e-03
   2.9349336e-03   6.4931275e-04   2.1983185e-04   2.0636526e-03
   3.1459299e-03   6.4932363e-04   2.1983452e-04   2.0636974e-03
   3.3720949e-03   6.4933528e-04   2.1983738e-04   2.0637454e-03
   3.6145193e-03   6.4934778e-04   2.1984044e-04   2.0637969e-03
   3.8743718e-03   6.4936117e-04   2.1984372e-04   2.0638521e-03
   4.1529055e-03   6.4937552e-04   2.1984724e-04   2.0639112e-03
   4.4514634e-03   6.4939091e-04   2.1985102e-04   2.0639746e-03
   4.7714849e-03   6.4940741e-04   2.1985506e-04   2.0640426e-03
   5.1145133e-03   6.4942509e-04   2.1985940e-04   2.0641154e-03
   5.4822024e-03   6.4944404e-04   2.1986404e-04   2.0641935e-03
   5.8763252e-03   6.4946436e-04   2.1986902e-04   2.0642772e-03
   6.2987819e-03   6.4948613e-04   2.1987436e-04   2.0643669e-03
   6.7516097e-03   6.4950947e-04   2.1988008e-04   2.0644631e-03
   7.2369918e-03   6.4953450e-04   2.1988622e-04   2.0645662e-03
   7.7572687e-03   6.4956132e-04   2.1989279e-04   2.0646767e-03
   8.3149490e-03   6.4959007e-04   2.1989984e-04   2.0647951e-03
   8.9127216e-03   6.4962089e-04   2.1990740e-04   2.0649221e-03
   9.5534689e-03   6.4965393e-04   2.1991550e-04   2.0650583e-03
   1.0240280e-02   6.4968934e-04   2.1992418e-04   2.0652042e-03
   1.0976468e-02   6.4972731e-04   2.1993349e-04   2.0653606e-03
   1.1765580e-02   6.4976800e-04   2.1994346e-04   2.0655283e-03
   1.2611424e-02   6.4981162e-04   2.1995415e-04   2.0657080e-03
   1.3518075e-02   6.4985839e-04   2.1996562e-04   2.0659007e-03
   1.4489908e-02   6.4990852e-04   2.1997790e-04   2.0661073e-03
   1.5531606e-02   6.4996225e-04   2.1999108e-04   2.0663287e-03
   1.6648194e-02   6.5001986e-04   2.2000520e-04   2.0665661e-03
   1.7845055e-02   6.5008161e-04   2.2002033e-04   2.0668206e-03
   1.9127959e-02   6.5014781e-04   2.2003656e-04   2.0670934e-03
   2.0503093e-02   6.5021877e-04   2.2005395e-04   2.0673859e-03
   2.1977088e-02   6.5029485e-04   2.2007259e-04   2.0676995e-03
   2.3557050e-02   6.5037641e-04   2.2009258e-04   2.0680356e-03
   2.5250597e-02   6.5046384e-04   2.2011401e-04   2.0683960e-03
   2.7065896e-02   6.5055757e-04   2.2013697e-04   2.0687823e-03
   2.9011699e-02   6.5065805e-04   2.2016160e-04   2.0691966e-03
   3.1097388e-02   6.5076578e-04   2.2018799e-04   2.0696406e-03
   3.3333020e-02   6.5088127e-04   2.2021629e-04   2.0701168e-03
   3.5729375e-02   6.5100509e-04   2.2024662e-04   2.0706272e-03
   3.8298007e-02   6.5113783e-04   2.2027915e-04   2.0711746e-03
   4.1051301e-02   6.5128015e-04   2.2031401e-04   2.0717614e-03
   4.4002533e-02   6.5143274e-04   2.2035139e-04   2.0723906e-03
   4.7165933e-02   6.5159634e-04   2.2039146e-04   2.0730653e-03
   5.0556754e-02   6.5177175e-04   2.2043442e-04   2.0737887e-03
   5.4191346e-02   6.5195983e-04   2.2048048e-04   2.0745645e-03
   5.8087234e-02   6.5216149e-04   2.2052986e-04   2.0753963e-03
   6.2263201e-02   6.5237772e-04   2.2058280e-04   2.0762884e-03
   6.6739385e-02   6.5260957e-04   2.2063957e-04   2.0772450e-03
   7.1537368e-02   6.5285820e-04   2.2070043e-04   2.0782708e-03
   7.6680283e-02   6.5312480e-04   2.2076569e-04   2.0793711e-03
   8.2192930e-02   6.5341070e-04   2.2083566e-04   2.0805510e-03
   8.8101888e-02   6.5371729e-04   2.2091068e-04   2.0818166e-03
   9.4435649e-02   6.5404610e-04   2.2099113e-04   2.0831741e-03
   1.0122475e-01   6.5439873e-04   2.2107740e-04   2.0846302e-03
   1.0850193e-01   6.5477694e-04   2.2116991e-04   2.0861921e-03
   1.1630228e-01   6.5518259e-04   2.2126911e-04   2.0878677e-03
   1.2466341e-01   6.5561770e-04   2.2137549e-04   2.0896653e-03
   1.3362562e-01   6.5608442e-04   2.2148958e-04   2.0915940e-03
   1.4323214e-01   6.5658508e-04   2.2161194e-04   2.0936633e-03
   1.5352929e-01   6.5712217e-04   2.2174317e-04   2.0958838e-03
   1.6456672e-01   6.5769839e-04   2.2188393e-04   2.0982666e-03
   1.7639763e-01   6.5831662e-04   2.2203491e-04   2.1008238e-03
   1.8907909e-01   6.5897997e-04   2.2219686e-04   2.1035685e-03
   2.0267224e-01   6.5969179e-04   2.2237059e-04   2.1065147e-03
   2.1724261e-01   6.6045567e-04   2.2255696e-04   2.1096775e-03
   2.3286047e-01   6.6127549e-04   2.2275691e-04   2.1130731e-03
   2.4960112e-01   6.6215543e-04   2.2297144e-04   2.1167192e-03
   2.6754527e-01   6.6309999e-04   2.2320163e-04   2.1206346e-03
   2.8677945e-01   6.6411402e-04   2.2344864e-04   2.1248399e-03
   3.0739641e-01   6.6520276e-04   2.2371372e-04   2.1293572e-03
   3.2949554e-01   6.6637183e-04   2.2399822e-04   2.1342103e-03
   3.5318341e-01   6.6762733e-04   2.2430359e-04   2.1394252e-03
   3.7857423e-01   6.6897584e-04   2.2463138e-04   2.1450296e-03
   4.0579043e-01   6.7042445e-04   2.2498329e-04   2.1510540e-03
   4.3496324e-01   6.7198085e-04   2.2536113e-04   2.1575310e-03
   4.6623332e-01   6.7365334e-04   2.2576686e-04   2.1644962e-03
   4.9975145e-01   6.7545089e-04   2.2620259e-04   2.1719881e-03
   5.3567924e-01   6.7738324e-04   2.2667061e-04   2.1800487e-03
   5.7418993e-01   6.7946092e-04   2.2717338e-04   2.1887233e-03
   6.1546920e-01   6.8169537e-04   2.2771358e-04   2.1980614e-03
   6.5971609e-01   6.8409898e-04   2.2829408e-04   2.2081169e-03
   7.0714395e-01   6.8668524e-04   2.2891801e-04   2.2189485e-03
   7.5798146e-01   6.8946876e-04   2.2958875e-04   2.2306203e-03
   8.1247375e-01   6.9246550e-04   2.3030995e-04   2.2432021e-03
   8.7088356e-01   6.9569280e-04   2.3108560e-04   2.2567705e-03
   9.3349252e-01   6.9916957e-04   2.3192000e-04   2.2714092e-03
   1.0006025e+00   7.0291646e-04   2.3281783e-04   2.2872100e-03
   1.0725372e+00   7.0695603e-04   2.3378419e-04   2.3042739e-03
   1.1496433e+00   7.1131297e-04   2.3482461e-04   2.3227117e-03
   1.2322927e+00   7.1601430e-04   2.3594513e-04   2.3426455e-03
   1.3208838e+00   7.2108969e-04   2.3715233e-04   2.3642101e-03
   1.4158439e+00   7.2657172e-04   2.3845339e-04   2.3875544e-03
   1.5176308e+00   7.3249626e-04   2.3985615e-04   2.4128433e-03
   1.6267352e+00   7.3890281e-04   2.4136921e-04   2.4402599e-03
   1.7436834e+00   7.4583500e-04   2.4300198e-04   2.4700074e-03
   1.8690391e+00   7.5334107e-04   2.4476477e-04   2.5023126e-03
   2.0034068e+00   7.6147449e-04   2.4666894e-04   2.5374283e-03
   2.1474343e+00   7.7029460e-04   2.4872697e-04   2.5756379e-03
   2.3018162e+00   7.7986745e-04   2.5095261e-04   2.6172591e-03
   2.4672968e+00   7.9026667e-04   2.5336108e-04   2.6626494e-03
   2.6446740e+00   8.0157458e-04   2.5596917e-04   2.7122121e-03
   2.8348031e+00   8.1388336e-04   2.5879551e-04   2.7664032e-03
   3.0386009e+00   8.2729660e-04   2.6186080e-04   2.8257405e-03
   3.2570499e+00   8.4193093e-04   2.6518806e-04   2.8908131e-03
   3.4912035e+00   8.5791810e-04   2.6880297e-04   2.9622938e-03
   3.7421907e+00   8.7540731e-04   2.7273423e-04   3.0409533e-03
   4.0112218e+00   8.9456812e-04   2.7701402e-04   3.1276782e-03
   4.2995938e+00   9.1559377e-04   2.8167848e-04   3.2234915e-03
   4.6086973e+00   9.3870528e-04   2.8676832e-04   3.3295788e-03
   4.9400226e+00   9.6415634e-04   2.9232954e-04   3.4473195e-03
   5.2951673e+00   9.9223918e-04   2.9841425e-04   3.5783254e-03
   5.6758439e+00   1.0232918e-03   3.0508167e-04   3.7244882e-03
   6.0838878e+00   1.0577066e-03   3.1239933e-04   3.8880387e-03
   6.5212665e+00   1.0959412e-03   3.2044448e-04   4.0716202e-03
   6.9900890e+00   1.1385316e-03   3.2930580e-04   4.2783813e-03
   7.4926157e+00   1.1861087e-03   3.3908547e-04   4.5120922e-03
   8.0312697e+00   1.2394185e-03   3.4990171e-04   4.7772929e-03
   8.6086483e+00   1.2993476e-03   3.6189182e-04   5.0794832e-03
   9.2275354e+00   1.3669559e-03   3.7521595e-04   5.4253661e-03
   9.8909151e+00   1.4435170e-03   3.9006172e-04   5.8231642e-03
   1.0601986e+01   1.5305712e-03   4.0665000e-04   6.2830327e-03
   1.1364177e+01   1.6299921e-03   4.2524207e-04   6.8176032e-03
   1.2181162e+01   1.7440751e-03   4.4614857e-04   7.4427039e-03
   1.3056882e+01   1.8756507e-03   4.6974087e-04   8.1783235e-03
   1.3995559e+01   2.0282359e-03   4.9646549e-04   9.0499107e-03
   1.5001718e+01   2.2062343e-03   5.2686250e-04   1.0090140e-02
   1.6080211e+01   2.4152048e-03   5.6158924e-04   1.1341335e-02
   1.7236239e+01   2.6622256e-03   6.0145121e-04   1.2858817e-02
   1.8475375e+01   2.9563918e-03   6.4744232e-04   1.4715584e-02
   1.9803594e+01   3.3095032e-03   7.0079819e-04   1.7008880e-02
   2.1227300e+01   3.7370246e-03   7.6306697e-04   1.9869514e-02
   2.2753359e+01   4.2594427e-03   8.3620458e-04   2.3475145e-02
   2.4389128e+01   4.9042054e-03   9.2270401e-04   2.8069301e-02
   2.6142495e+01   5.7085256e-03   1.0257725e-03   3.3988665e-02
   2.8021913e+01   6.7234896e-03   1.1495773e-03   4.1702035e-02
   3.0036445e+01   8.0201471e-03   1.2995904e-03   5.1865307e-02
   3.2195805e+01   9.6986584e-03   1.4830774e-03   6.5396985e-02
   3.4510404e+01   1.1902197e-02   1.7098013e-03   8.3576361e-02
   3.6991402e+01   1.4838322e-02   1.9930476e-03   1.0815721e-01
   3.9650763e+01   1.8812138e-02   2.3511398e-03   1.4146466e-01
   4.2501309e+01   2.4278065e-02   2.8097133e-03   1.8638771e-01
   4.5556784e+01   3.1920666e-02   3.4051815e-03   2.4608475e-01
   4.8831921e+01   4.2779527e-02   4.1901040e-03   3.2312113e-01
   5.2342512e+01   5.8436389e-02   5.2416407e-03   4.1783264e-01
   5.6105484e+01   8.1276127e-02   6.6750940e-03   5.2629707e-01
   6.0138982e+01   1.1479193e-01   8.6659642e-03   6.3942227e-01
   6.4462452e+01   1.6377138e-01   1.1486441e-02   7.4503608e-01
   6.9096743e+01   2.3388948e-01   1.5566599e-02   8.3266753e-01
   7.4064199e+01   3.2979678e-01   2.1597948e-02   8.9756823e-01
   7.9388772e+01   4.5096543e-01   3.0708651e-02   9.4102654e-01
   8.5096136e+01   5.8703827e-01   4.4754938e-02   9.6777117e-01
   9.1213809e+01   7.1851939e-01   6.6780288e-02   9.8313715e-01
   9.7771290e+01   8.2627032e-01   1.0164232e-01   9.9148839e-01
   1.0480020e+02   9.0182588e-01   1.5654011e-01   9.9582749e-01
   1.1233442e+02   9.4832905e-01   2.4038211e-01   9.9800183e-01
   1.2041029e+02   9.7423025e-01   3.5966435e-01   9.9906088e-01
   1.2906675e+02   9.8764385e-01   5.0944632e-01   9.9956568e-01
   1.3834553e+02   9.9424039e-01   6.6660530e-01   9.9980236e-01
   1.4829137e+02   9.9736999e-01   8.0005470e-01   9.9991177e-01
   1.5895223e+02   9.9881903e-01   8.9241491e-01   9.9996158e-01
   1.7037951e+02   9.9947866e-01   9.4659100e-01   9.9998379e-01
   1.8262832e+02   9.9977466e-01   9.7487352e-01   9.9999343e-01
   1.9575771e+02   9.9990528e-01   9.8857664e-01   9.9999746e-01
   2.0983099e+02   9.9996160e-01   9.9492476e-01   9.9999907e-01
   2.2491602e+02   9.9998511e-01   9.9778880e-01   9.9999968e-01
   2.4108553e+02   9.9999452e-01   9.9905791e-01   9.9999990e-01
   2.5841749e+02   9.9999810e-01   9.9961024e-01   9.9999997e-01
   2.7699546e+02   9.9999938e-01   9.9984481e-01   9.9999999e-01
   2.9690903e+02   9.9999981e-01   9.9994109e-01   1.0000000e+00
   3.1825421e+02   9.9999995e-01   9.9997886e-01   1.0000000e+00
   3.4113393e+02   9.9999999e-01   9.9999289e-01   1.0000000e+00
   3.6565850e+02   1.0000000e+00   9.9999777e-01   1.0000000e+00
   3.9194617e+02   1.0000000e+00   9.9999936e-01   1.0000000e+00
   4.2012369e+02   1.0000000e+00   9.9999983e-01   1.0000000e+00
   4.5032694e+02   1.0000000e+00   9.9999996e-01   1.0000000e+00
   4.8270154e+02   1.0000000e+00   9.9999999e-01   1.0000000e+00
   5.1740359e+02   1.0000000e+00   1.0000000e+00   1.0000000e+00
   5.5460042e+02   1.0000000e+00   1.0000000e+00   1.0000000e+00
   5.9447137e+02   1.0000000e+00   1.0000000e+00   1.0000000e+00
   6.3720870e+02   1.0000000e+00   1.0000000e+00   1.0000000e+00
   6.8301848e+02   1.0000000e+00   1.0000000e+00   1.0000000e+00
   7.3212158e+02   1.0000000e+00   1.0000000e+00   1.0000000e+00
   7.8475476e+02   1.0000000e+00   1.0000000e+00   1.0000000e+00
   8.4117182e+02   1.0000000e+00   1.0000000e+00   1.0000000e+00
   9.0164477e+02   1.0000000e+00   1.0000000e+00   1.0000000e+00
   9.6646520e+02   1.0000000e+00   1.0000000e+00   1.0000000e+00
