S870 bestfit flat steep
   1.0359457e-03   4.9067102e-02   4.2996062e-02   5.5161220e-02
   1.1104212e-03   4.9067157e-02   4.2996099e-02   5.5161296e-02
   1.1902508e-03   4.9067215e-02   4.2996138e-02   5.5161378e-02
   1.2758195e-03   4.9067278e-02   4.2996181e-02   5.5161466e-02
   1.3675398e-03   4.9067346e-02   4.2996226e-02   5.5161560e-02
   1.4658541e-03   4.9067419e-02   4.2996275e-02   5.5161661e-02
   1.5712363e-03   4.9067496e-02   4.2996327e-02   5.5161770e-02
   1.6841945e-03   4.9067580e-02   4.2996383e-02   5.5161886e-02
   1.8052735e-03   4.9067669e-02   4.2996442e-02   5.5162010e-02
   1.9350570e-03   4.9067765e-02   4.2996507e-02   5.5162143e-02
   2.0741708e-03   4.9067867e-02   4.2996575e-02   5.5162286e-02
   2.2232857e-03   4.9067977e-02   4.2996649e-02   5.5162439e-02
   2.3831206e-03   4.9068095e-02   4.2996728e-02   5.5162603e-02
   2.5544463e-03   4.9068221e-02   4.2996813e-02   5.5162779e-02
   2.7380888e-03   4.9068357e-02   4.2996904e-02   5.5162968e-02
   2.9349336e-03   4.9068502e-02   4.2997001e-02   5.5163170e-02
   3.1459299e-03   4.9068658e-02   4.2997105e-02   5.5163387e-02
   3.3720949e-03   4.9068825e-02   4.2997217e-02   5.5163619e-02
   3.6145193e-03   4.9069003e-02   4.2997337e-02   5.5163868e-02
   3.8743718e-03   4.9069195e-02   4.2997465e-02   5.5164135e-02
   4.1529055e-03   4.9069400e-02   4.2997603e-02   5.5164421e-02
   4.4514634e-03   4.9069621e-02   4.2997751e-02   5.5164728e-02
   4.7714849e-03   4.9069857e-02   4.2997909e-02   5.5165056e-02
   5.1145133e-03   4.9070110e-02   4.2998079e-02   5.5165409e-02
   5.4822024e-03   4.9070381e-02   4.2998260e-02   5.5165786e-02
   5.8763252e-03   4.9070671e-02   4.2998455e-02   5.5166191e-02
   6.2987819e-03   4.9070983e-02   4.2998664e-02   5.5166625e-02
   6.7516097e-03   4.9071317e-02   4.2998888e-02   5.5167090e-02
   7.2369918e-03   4.9071675e-02   4.2999128e-02   5.5167588e-02
   7.7572687e-03   4.9072059e-02   4.2999385e-02   5.5168123e-02
   8.3149490e-03   4.9072470e-02   4.2999661e-02   5.5168696e-02
   8.9127216e-03   4.9072911e-02   4.2999957e-02   5.5169310e-02
   9.5534689e-03   4.9073384e-02   4.3000274e-02   5.5169968e-02
   1.0240280e-02   4.9073890e-02   4.3000613e-02   5.5170673e-02
   1.0976468e-02   4.9074433e-02   4.3000977e-02   5.5171430e-02
   1.1765580e-02   4.9075015e-02   4.3001368e-02   5.5172240e-02
   1.2611424e-02   4.9075639e-02   4.3001786e-02   5.5173109e-02
   1.3518075e-02   4.9076308e-02   4.3002234e-02   5.5174041e-02
   1.4489908e-02   4.9077025e-02   4.3002715e-02   5.5175039e-02
   1.5531606e-02   4.9077794e-02   4.3003230e-02   5.5176109e-02
   1.6648194e-02   4.9078617e-02   4.3003782e-02   5.5177256e-02
   1.7845055e-02   4.9079500e-02   4.3004374e-02   5.5178486e-02
   1.9127959e-02   4.9080447e-02   4.3005009e-02   5.5179804e-02
   2.0503093e-02   4.9081461e-02   4.3005689e-02   5.5181217e-02
   2.1977088e-02   4.9082549e-02   4.3006418e-02   5.5182732e-02
   2.3557050e-02   4.9083714e-02   4.3007199e-02   5.5184355e-02
   2.5250597e-02   4.9084964e-02   4.3008037e-02   5.5186095e-02
   2.7065896e-02   4.9086303e-02   4.3008935e-02   5.5187961e-02
   2.9011699e-02   4.9087739e-02   4.3009897e-02   5.5189961e-02
   3.1097388e-02   4.9089278e-02   4.3010929e-02   5.5192104e-02
   3.3333020e-02   4.9090928e-02   4.3012035e-02   5.5194402e-02
   3.5729375e-02   4.9092696e-02   4.3013220e-02   5.5196866e-02
   3.8298007e-02   4.9094592e-02   4.3014491e-02   5.5199506e-02
   4.1051301e-02   4.9096624e-02   4.3015853e-02   5.5202337e-02
   4.4002533e-02   4.9098802e-02   4.3017313e-02   5.5205371e-02
   4.7165933e-02   4.9101137e-02   4.3018878e-02   5.5208624e-02
   5.0556754e-02   4.9103640e-02   4.3020556e-02   5.5212111e-02
   5.4191346e-02   4.9106324e-02   4.3022354e-02   5.5215849e-02
   5.8087234e-02   4.9109200e-02   4.3024282e-02   5.5219856e-02
   6.2263201e-02   4.9112283e-02   4.3026348e-02   5.5224152e-02
   6.6739385e-02   4.9115588e-02   4.3028563e-02   5.5228757e-02
   7.1537368e-02   4.9119131e-02   4.3030938e-02   5.5233694e-02
   7.6680283e-02   4.9122930e-02   4.3033483e-02   5.5238987e-02
   8.2192930e-02   4.9127001e-02   4.3036212e-02   5.5244661e-02
   8.8101888e-02   4.9131366e-02   4.3039137e-02   5.5250744e-02
   9.4435649e-02   4.9136046e-02   4.3042273e-02   5.5257265e-02
   1.0122475e-01   4.9141062e-02   4.3045634e-02   5.5264256e-02
   1.0850193e-01   4.9146440e-02   4.3049237e-02   5.5271752e-02
   1.1630228e-01   4.9152205e-02   4.3053100e-02   5.5279788e-02
   1.2466341e-01   4.9158386e-02   4.3057241e-02   5.5288404e-02
   1.3362562e-01   4.9165012e-02   4.3061680e-02   5.5297642e-02
   1.4323214e-01   4.9172116e-02   4.3066439e-02   5.5307547e-02
   1.5352929e-01   4.9179731e-02   4.3071541e-02   5.5318166e-02
   1.6456672e-01   4.9187897e-02   4.3077010e-02   5.5329553e-02
   1.7639763e-01   4.9196651e-02   4.3082874e-02   5.5341762e-02
   1.8907909e-01   4.9206036e-02   4.3089160e-02   5.5354854e-02
   2.0267224e-01   4.9216099e-02   4.3095899e-02   5.5368892e-02
   2.1724261e-01   4.9226889e-02   4.3103124e-02   5.5383946e-02
   2.3286047e-01   4.9238457e-02   4.3110870e-02   5.5400089e-02
   2.4960112e-01   4.9250861e-02   4.3119175e-02   5.5417400e-02
   2.6754527e-01   4.9264162e-02   4.3128079e-02   5.5435966e-02
   2.8677945e-01   4.9278424e-02   4.3137625e-02   5.5455877e-02
   3.0739641e-01   4.9293717e-02   4.3147861e-02   5.5477231e-02
   3.2949554e-01   4.9310116e-02   4.3158836e-02   5.5500136e-02
   3.5318341e-01   4.9327702e-02   4.3170603e-02   5.5524703e-02
   3.7857423e-01   4.9346561e-02   4.3183221e-02   5.5551055e-02
   4.0579043e-01   4.9366787e-02   4.3196751e-02   5.5579323e-02
   4.3496324e-01   4.9388479e-02   4.3211259e-02   5.5609649e-02
   4.6623332e-01   4.9411744e-02   4.3226817e-02   5.5642183e-02
   4.9975145e-01   4.9436697e-02   4.3243500e-02   5.5677089e-02
   5.3567924e-01   4.9463463e-02   4.3261392e-02   5.5714543e-02
   5.7418993e-01   4.9492173e-02   4.3280580e-02   5.5754734e-02
   6.1546920e-01   4.9522972e-02   4.3301158e-02   5.5797864e-02
   6.5971609e-01   4.9556013e-02   4.3323229e-02   5.5844152e-02
   7.0714395e-01   4.9591461e-02   4.3346902e-02   5.5893836e-02
   7.5798146e-01   4.9629494e-02   4.3372294e-02   5.5947168e-02
   8.1247375e-01   4.9670303e-02   4.3399531e-02   5.6004423e-02
   8.7088356e-01   4.9714095e-02   4.3428750e-02   5.6065896e-02
   9.3349252e-01   4.9761092e-02   4.3460095e-02   5.6131907e-02
   1.0006025e+00   4.9811531e-02   4.3493724e-02   5.6202800e-02
   1.0725372e+00   4.9865671e-02   4.3529805e-02   5.6278946e-02
   1.1496433e+00   4.9923788e-02   4.3568520e-02   5.6360747e-02
   1.2322927e+00   4.9986182e-02   4.3610064e-02   5.6448638e-02
   1.3208838e+00   5.0053175e-02   4.3654649e-02   5.6543089e-02
   1.4158439e+00   5.0125115e-02   4.3702499e-02   5.6644609e-02
   1.5176308e+00   5.0202377e-02   4.3753860e-02   5.6753749e-02
   1.6267352e+00   5.0285367e-02   4.3808993e-02   5.6871107e-02
   1.7436834e+00   5.0374523e-02   4.3868184e-02   5.6997332e-02
   1.8690391e+00   5.0470319e-02   4.3931737e-02   5.7133129e-02
   2.0034068e+00   5.0573269e-02   4.3999982e-02   5.7279265e-02
   2.1474343e+00   5.0683927e-02   4.4073276e-02   5.7436575e-02
   2.3018162e+00   5.0802894e-02   4.4152003e-02   5.7605966e-02
   2.4672968e+00   5.0930824e-02   4.4236578e-02   5.7788432e-02
   2.6446740e+00   5.1068423e-02   4.4327451e-02   5.7985056e-02
   2.8348031e+00   5.1216461e-02   4.4425107e-02   5.8197024e-02
   3.0386009e+00   5.1375774e-02   4.4530074e-02   5.8425636e-02
   3.2570499e+00   5.1547270e-02   4.4642920e-02   5.8672317e-02
   3.4912035e+00   5.1731941e-02   4.4764264e-02   5.8938636e-02
   3.7421907e+00   5.1930867e-02   4.4894775e-02   5.9226320e-02
   4.0112218e+00   5.2145229e-02   4.5035182e-02   5.9537276e-02
   4.2995938e+00   5.2376317e-02   4.5186276e-02   5.9873613e-02
   4.6086973e+00   5.2625543e-02   4.5348916e-02   6.0237674e-02
   4.9400226e+00   5.2894459e-02   4.5524040e-02   6.0632059e-02
   5.2951673e+00   5.3184766e-02   4.5712668e-02   6.1059671e-02
   5.6758439e+00   5.3498339e-02   4.5915916e-02   6.1523759e-02
   6.0838878e+00   5.3837243e-02   4.6135001e-02   6.2027966e-02
   6.5212665e+00   5.4203761e-02   4.6371256e-02   6.2576401e-02
   6.9900890e+00   5.4600420e-02   4.6626140e-02   6.3173706e-02
   7.4926157e+00   5.5030028e-02   4.6901256e-02   6.3825161e-02
   8.0312697e+00   5.5495705e-02   4.7198364e-02   6.4536788e-02
   8.6086483e+00   5.6000937e-02   4.7519405e-02   6.5315496e-02
   9.2275354e+00   5.6549625e-02   4.7866515e-02   6.6169258e-02
   9.8909151e+00   5.7146149e-02   4.8242058e-02   6.7107327e-02
   1.0601986e+01   5.7795448e-02   4.8648652e-02   6.8140512e-02
   1.1364177e+01   5.8503107e-02   4.9089202e-02   6.9281536e-02
   1.2181162e+01   5.9275478e-02   4.9566941e-02   7.0545485e-02
   1.3056882e+01   6.0119809e-02   5.0085473e-02   7.1950407e-02
   1.3995559e+01   6.1044420e-02   5.0648833e-02   7.3518085e-02
   1.5001718e+01   6.2058913e-02   5.1261544e-02   7.5275074e-02
   1.6080211e+01   6.3174439e-02   5.1928700e-02   7.7254094e-02
   1.7236239e+01   6.4404042e-02   5.2656052e-02   7.9495923e-02
   1.8475375e+01   6.5763088e-02   5.3450118e-02   8.2052003e-02
   1.9803594e+01   6.7269847e-02   5.4318318e-02   8.4988071e-02
   2.1227300e+01   6.8946236e-02   5.5269134e-02   8.8389276e-02
   2.2753359e+01   7.0818835e-02   5.6312306e-02   9.2367479e-02
   2.4389128e+01   7.2920254e-02   5.7459083e-02   9.7071777e-02
   2.6142495e+01   7.5291028e-02   5.8722525e-02   1.0270382e-01
   2.8021913e+01   7.7982276e-02   6.0117898e-02   1.0954028e-01
   3.0036445e+01   8.1059493e-02   6.1663166e-02   1.1796595e-01
   3.2195805e+01   8.4608074e-02   6.3379638e-02   1.2852241e-01
   3.4510404e+01   8.8741470e-02   6.5292816e-02   1.4197860e-01
   3.6991402e+01   9.3613488e-02   6.7433518e-02   1.5943039e-01
   3.9650763e+01   9.9437132e-02   6.9839410e-02   1.8243134e-01
   4.2501309e+01   1.0651391e-01   7.2557113e-02   2.1313930e-01
   4.5556784e+01   1.1528007e-01   7.5645173e-02   2.5441173e-01
   4.8831921e+01   1.2637990e-01   7.9178321e-02   3.0966770e-01
   5.2342512e+01   1.4078196e-01   8.3253754e-02   3.8215207e-01
   5.6105484e+01   1.5995916e-01   8.8000565e-02   4.7314970e-01
   6.0138982e+01   1.8615208e-01   9.3594316e-02   5.7925446e-01
   6.4462452e+01   2.2269871e-01   1.0028006e-01   6.9053102e-01
   6.9096743e+01   2.7427250e-01   1.0840964e-01   7.9276336e-01
   7.4064199e+01   3.4649055e-01   1.1850336e-01   8.7402855e-01
   7.9388772e+01   4.4372679e-01   1.3135374e-01   9.3015781e-01
   8.5096136e+01   5.6407850e-01   1.4820087e-01   9.6438394e-01
   9.1213809e+01   6.9401382e-01   1.7102449e-01   9.8316557e-01
   9.7771290e+01   8.1108918e-01   2.0300150e-01   9.9258943e-01
   1.0480020e+02   8.9756705e-01   2.4910081e-01   9.9695712e-01
   1.1233442e+02   9.5062021e-01   3.1641071e-01   9.9883574e-01
   1.2041029e+02   9.7849989e-01   4.1269790e-01   9.9958609e-01
   1.2906675e+02   9.9144494e-01   5.4027015e-01   9.9986384e-01
   1.3834553e+02   9.9687119e-01   6.8543648e-01   9.9995875e-01
   1.4829137e+02   9.9894744e-01   8.1752837e-01   9.9998856e-01
   1.5895223e+02   9.9967508e-01   9.1053995e-01   9.9999711e-01
   1.7037951e+02   9.9990837e-01   9.6217636e-01   9.9999934e-01
   1.8262832e+02   9.9997652e-01   9.8586816e-01   9.9999986e-01
   1.9575771e+02   9.9999457e-01   9.9525781e-01   9.9999998e-01
   2.0983099e+02   9.9999887e-01   9.9856128e-01   1.0000000e+00
   2.2491602e+02   9.9999979e-01   9.9960535e-01   1.0000000e+00
   2.4108553e+02   9.9999997e-01   9.9990248e-01   1.0000000e+00
   2.5841749e+02   1.0000000e+00   9.9997842e-01   1.0000000e+00
   2.7699546e+02   1.0000000e+00   9.9999575e-01   1.0000000e+00
   2.9690903e+02   1.0000000e+00   9.9999926e-01   1.0000000e+00
   3.1825421e+02   1.0000000e+00   9.9999989e-01   1.0000000e+00
   3.4113393e+02   1.0000000e+00   9.9999999e-01   1.0000000e+00
   3.6565850e+02   1.0000000e+00   1.0000000e+00   1.0000000e+00
   3.9194617e+02   1.0000000e+00   1.0000000e+00   1.0000000e+00
   4.2012369e+02   1.0000000e+00   1.0000000e+00   1.0000000e+00
   4.5032694e+02   1.0000000e+00   1.0000000e+00   1.0000000e+00
   4.8270154e+02   1.0000000e+00   1.0000000e+00   1.0000000e+00
   5.1740359e+02   1.0000000e+00   1.0000000e+00   1.0000000e+00
   5.5460042e+02   1.0000000e+00   1.0000000e+00   1.0000000e+00
   5.9447137e+02   1.0000000e+00   1.0000000e+00   1.0000000e+00
   6.3720870e+02   1.0000000e+00   1.0000000e+00   1.0000000e+00
   6.8301848e+02   1.0000000e+00   1.0000000e+00   1.0000000e+00
   7.3212158e+02   1.0000000e+00   1.0000000e+00   1.0000000e+00
   7.8475476e+02   1.0000000e+00   1.0000000e+00   1.0000000e+00
   8.4117182e+02   1.0000000e+00   1.0000000e+00   1.0000000e+00
   9.0164477e+02   1.0000000e+00   1.0000000e+00   1.0000000e+00
   9.6646520e+02   1.0000000e+00   1.0000000e+00   1.0000000e+00
