S870 karim steep flat veryflat verysteep break15
   1.0359457e-03   5.6070568e-02   5.3468403e-02   5.6070568e-02   5.6070568e-02   5.6070568e-02   5.6070568e-02
   1.1104212e-03   5.6070568e-02   5.3468403e-02   5.6070568e-02   5.6070568e-02   5.6070568e-02   5.6070568e-02
   1.1902508e-03   5.6070568e-02   5.3468403e-02   5.6070568e-02   5.6070568e-02   5.6070568e-02   5.6070568e-02
   1.2758195e-03   5.6070568e-02   5.3468403e-02   5.6070568e-02   5.6070568e-02   5.6070568e-02   5.6070568e-02
   1.3675398e-03   5.6070568e-02   5.3468403e-02   5.6070568e-02   5.6070568e-02   5.6070568e-02   5.6070568e-02
   1.4658541e-03   5.6070568e-02   5.3468403e-02   5.6070568e-02   5.6070568e-02   5.6070568e-02   5.6070568e-02
   1.5712363e-03   5.6070568e-02   5.3468403e-02   5.6070568e-02   5.6070568e-02   5.6070568e-02   5.6070568e-02
   1.6841945e-03   5.6070568e-02   5.3468403e-02   5.6070568e-02   5.6070568e-02   5.6070568e-02   5.6070568e-02
   1.8052735e-03   5.6070568e-02   5.3468403e-02   5.6070568e-02   5.6070568e-02   5.6070568e-02   5.6070568e-02
   1.9350570e-03   5.6070568e-02   5.3468403e-02   5.6070568e-02   5.6070568e-02   5.6070568e-02   5.6070568e-02
   2.0741708e-03   5.6070568e-02   5.3468403e-02   5.6070568e-02   5.6070568e-02   5.6070568e-02   5.6070568e-02
   2.2232857e-03   5.6070568e-02   5.3468403e-02   5.6070568e-02   5.6070568e-02   5.6070568e-02   5.6070568e-02
   2.3831206e-03   5.6070568e-02   5.3468403e-02   5.6070568e-02   5.6070568e-02   5.6070568e-02   5.6070568e-02
   2.5544463e-03   5.6070568e-02   5.3468403e-02   5.6070568e-02   5.6070568e-02   5.6070568e-02   5.6070568e-02
   2.7380888e-03   5.6070568e-02   5.3468403e-02   5.6070568e-02   5.6070568e-02   5.6070568e-02   5.6070568e-02
   2.9349336e-03   5.6070568e-02   5.3468403e-02   5.6070568e-02   5.6070568e-02   5.6070568e-02   5.6070568e-02
   3.1459299e-03   5.6070568e-02   5.3468403e-02   5.6070568e-02   5.6070568e-02   5.6070568e-02   5.6070568e-02
   3.3720949e-03   5.6070568e-02   5.3468403e-02   5.6070568e-02   5.6070568e-02   5.6070568e-02   5.6070568e-02
   3.6145193e-03   5.6070568e-02   5.3468403e-02   5.6070568e-02   5.6070568e-02   5.6070568e-02   5.6070568e-02
   3.8743718e-03   5.6070568e-02   5.3468403e-02   5.6070568e-02   5.6070568e-02   5.6070568e-02   5.6070568e-02
   4.1529055e-03   5.6070568e-02   5.3468403e-02   5.6070568e-02   5.6070568e-02   5.6070568e-02   5.6070568e-02
   4.4514634e-03   5.6070568e-02   5.3468403e-02   5.6070568e-02   5.6070568e-02   5.6070568e-02   5.6070568e-02
   4.7714849e-03   5.6070568e-02   5.3468403e-02   5.6070568e-02   5.6070568e-02   5.6070568e-02   5.6070568e-02
   5.1145133e-03   5.6070568e-02   5.3468403e-02   5.6070568e-02   5.6070568e-02   5.6070568e-02   5.6070568e-02
   5.4822024e-03   5.6070568e-02   5.3468403e-02   5.6070568e-02   5.6070568e-02   5.6070568e-02   5.6070568e-02
   5.8763252e-03   5.6070568e-02   5.3468403e-02   5.6070568e-02   5.6070568e-02   5.6070568e-02   5.6070568e-02
   6.2987819e-03   5.6070568e-02   5.3468403e-02   5.6070568e-02   5.6070568e-02   5.6070568e-02   5.6070568e-02
   6.7516097e-03   5.6070568e-02   5.3468403e-02   5.6070568e-02   5.6070568e-02   5.6070568e-02   5.6070568e-02
   7.2369918e-03   5.6070568e-02   5.3468403e-02   5.6070568e-02   5.6070568e-02   5.6070568e-02   5.6070568e-02
   7.7572687e-03   5.6070568e-02   5.3468403e-02   5.6070568e-02   5.6070568e-02   5.6070568e-02   5.6070568e-02
   8.3149490e-03   5.6070568e-02   5.3468403e-02   5.6070568e-02   5.6070568e-02   5.6070568e-02   5.6070568e-02
   8.9127216e-03   5.6070568e-02   5.3468403e-02   5.6070568e-02   5.6070568e-02   5.6070568e-02   5.6070568e-02
   9.5534689e-03   5.6070568e-02   5.3468403e-02   5.6070568e-02   5.6070568e-02   5.6070568e-02   5.6070568e-02
   1.0240280e-02   5.6070568e-02   5.3468403e-02   5.6070568e-02   5.6070568e-02   5.6070568e-02   5.6070568e-02
   1.0976468e-02   5.6070568e-02   5.3468403e-02   5.6070568e-02   5.6070568e-02   5.6070568e-02   5.6070568e-02
   1.1765580e-02   5.6070568e-02   5.3468403e-02   5.6070568e-02   5.6070568e-02   5.6070568e-02   5.6070568e-02
   1.2611424e-02   5.6070568e-02   5.3468403e-02   5.6070568e-02   5.6070568e-02   5.6070568e-02   5.6070568e-02
   1.3518075e-02   5.6070568e-02   5.3468403e-02   5.6070568e-02   5.6070568e-02   5.6070568e-02   5.6070568e-02
   1.4489908e-02   5.6070568e-02   5.3468403e-02   5.6070568e-02   5.6070568e-02   5.6070568e-02   5.6070568e-02
   1.5531606e-02   5.6070568e-02   5.3468403e-02   5.6070568e-02   5.6070568e-02   5.6070568e-02   5.6070568e-02
   1.6648194e-02   5.6070568e-02   5.3468403e-02   5.6070568e-02   5.6070568e-02   5.6070568e-02   5.6070568e-02
   1.7845055e-02   5.6070568e-02   5.3468403e-02   5.6070568e-02   5.6070568e-02   5.6070568e-02   5.6070568e-02
   1.9127959e-02   5.6070568e-02   5.3468403e-02   5.6070568e-02   5.6070568e-02   5.6070568e-02   5.6070568e-02
   2.0503093e-02   5.6070568e-02   5.3468403e-02   5.6070568e-02   5.6070568e-02   5.6070568e-02   5.6070568e-02
   2.1977088e-02   5.6070568e-02   5.3468403e-02   5.6070568e-02   5.6070568e-02   5.6070568e-02   5.6070568e-02
   2.3557050e-02   5.6070568e-02   5.3468403e-02   5.6070568e-02   5.6070568e-02   5.6070568e-02   5.6070568e-02
   2.5250597e-02   5.6070568e-02   5.3468403e-02   5.6070568e-02   5.6070568e-02   5.6070568e-02   5.6070568e-02
   2.7065896e-02   5.6070568e-02   5.3468403e-02   5.6070568e-02   5.6070568e-02   5.6070568e-02   5.6070568e-02
   2.9011699e-02   5.6070568e-02   5.3468403e-02   5.6070568e-02   5.6070568e-02   5.6070568e-02   5.6070568e-02
   3.1097388e-02   5.6070568e-02   5.3468403e-02   5.6070568e-02   5.6070568e-02   5.6070568e-02   5.6070568e-02
   3.3333020e-02   5.6070568e-02   5.3468403e-02   5.6070568e-02   5.6070568e-02   5.6070568e-02   5.6070568e-02
   3.5729375e-02   5.6070568e-02   5.3468403e-02   5.6070568e-02   5.6070568e-02   5.6070568e-02   5.6070568e-02
   3.8298007e-02   5.6070568e-02   5.3468403e-02   5.6070568e-02   5.6070568e-02   5.6070568e-02   5.6070568e-02
   4.1051301e-02   5.6070568e-02   5.3468403e-02   5.6070568e-02   5.6070568e-02   5.6070568e-02   5.6070568e-02
   4.4002533e-02   5.6070568e-02   5.3468403e-02   5.6070568e-02   5.6070568e-02   5.6070568e-02   5.6070568e-02
   4.7165933e-02   5.6070568e-02   5.3468403e-02   5.6070568e-02   5.6070568e-02   5.6070568e-02   5.6070568e-02
   5.0556754e-02   5.6070568e-02   5.3468403e-02   5.6070568e-02   5.6070568e-02   5.6070568e-02   5.6070568e-02
   5.4191346e-02   5.6070568e-02   5.3468403e-02   5.6070568e-02   5.6070568e-02   5.6070568e-02   5.6070568e-02
   5.8087234e-02   5.6070568e-02   5.3468403e-02   5.6070568e-02   5.6070568e-02   5.6070568e-02   5.6070568e-02
   6.2263201e-02   5.6070568e-02   5.3468403e-02   5.6070568e-02   5.6070568e-02   5.6070568e-02   5.6070568e-02
   6.6739385e-02   5.6070568e-02   5.3468403e-02   5.6070568e-02   5.6070568e-02   5.6070568e-02   5.6070568e-02
   7.1537368e-02   5.6070568e-02   5.3468403e-02   5.6070568e-02   5.6070568e-02   5.6070568e-02   5.6070568e-02
   7.6680283e-02   5.6070568e-02   5.3468403e-02   5.6070568e-02   5.6070568e-02   5.6070568e-02   5.6070568e-02
   8.2192930e-02   5.6070568e-02   5.3468403e-02   5.6070568e-02   5.6070568e-02   5.6070568e-02   5.6070568e-02
   8.8101888e-02   5.6070568e-02   5.3468403e-02   5.6070568e-02   5.6070568e-02   5.6070568e-02   5.6070568e-02
   9.4435649e-02   5.6070568e-02   5.3468403e-02   5.6070568e-02   5.6070568e-02   5.6070568e-02   5.6070568e-02
   1.0122475e-01   5.6070568e-02   5.3468403e-02   5.6070568e-02   5.6070568e-02   5.6070568e-02   5.6070568e-02
   1.0850193e-01   5.6070568e-02   5.3468403e-02   5.6070568e-02   5.6070568e-02   5.6070568e-02   5.6070568e-02
   1.1630228e-01   5.6070568e-02   5.3468403e-02   5.6070568e-02   5.6070568e-02   5.6070568e-02   5.6070568e-02
   1.2466341e-01   5.6070568e-02   5.3468403e-02   5.6070568e-02   5.6070568e-02   5.6070568e-02   5.6070568e-02
   1.3362562e-01   5.6070568e-02   5.3468403e-02   5.6070568e-02   5.6070568e-02   5.6070568e-02   5.6070568e-02
   1.4323214e-01   5.6070568e-02   5.3468403e-02   5.6070568e-02   5.6070568e-02   5.6070568e-02   5.6070568e-02
   1.5352929e-01   5.6070568e-02   5.3468403e-02   5.6070568e-02   5.6070568e-02   5.6070568e-02   5.6070568e-02
   1.6456672e-01   5.6070568e-02   5.3468403e-02   5.6070568e-02   5.6070568e-02   5.6070568e-02   5.6070568e-02
   1.7639763e-01   5.6070568e-02   5.3468403e-02   5.6070568e-02   5.6070568e-02   5.6070568e-02   5.6070568e-02
   1.8907909e-01   5.6070568e-02   5.3468403e-02   5.6070568e-02   5.6070568e-02   5.6070568e-02   5.6070568e-02
   2.0267224e-01   5.6070568e-02   5.3468403e-02   5.6070568e-02   5.6070568e-02   5.6070568e-02   5.6070568e-02
   2.1724261e-01   5.6070568e-02   5.3468403e-02   5.6070568e-02   5.6070568e-02   5.6070568e-02   5.6070568e-02
   2.3286047e-01   5.6070568e-02   5.3468403e-02   5.6070568e-02   5.6070568e-02   5.6070568e-02   5.6070568e-02
   2.4960112e-01   5.6070568e-02   5.3468403e-02   5.6070568e-02   5.6070568e-02   5.6070568e-02   5.6070568e-02
   2.6754527e-01   5.6070568e-02   5.3468403e-02   5.6070568e-02   5.6070568e-02   5.6070568e-02   5.6070568e-02
   2.8677945e-01   5.6070568e-02   5.3468403e-02   5.6070568e-02   5.6070568e-02   5.6070568e-02   5.6070568e-02
   3.0739641e-01   5.6070568e-02   5.3468403e-02   5.6070568e-02   5.6070568e-02   5.6070568e-02   5.6070568e-02
   3.2949554e-01   5.6070568e-02   5.3468403e-02   5.6070568e-02   5.6070568e-02   5.6070568e-02   5.6070568e-02
   3.5318341e-01   5.6070568e-02   5.3468403e-02   5.6070568e-02   5.6070568e-02   5.6070568e-02   5.6070568e-02
   3.7857423e-01   5.6070568e-02   5.3468403e-02   5.6070568e-02   5.6070568e-02   5.6070568e-02   5.6070568e-02
   4.0579043e-01   5.6070568e-02   5.3468403e-02   5.6070568e-02   5.6070568e-02   5.6070568e-02   5.6070568e-02
   4.3496324e-01   5.6070568e-02   5.3468403e-02   5.6070568e-02   5.6070568e-02   5.6070568e-02   5.6070568e-02
   4.6623332e-01   5.6070568e-02   5.3468403e-02   5.6070568e-02   5.6070568e-02   5.6070568e-02   5.6070568e-02
   4.9975145e-01   5.6070568e-02   5.3468403e-02   5.6070568e-02   5.6070568e-02   5.6070568e-02   5.6070568e-02
   5.3567924e-01   5.6070568e-02   5.3468403e-02   5.6070568e-02   5.6070568e-02   5.6070568e-02   5.6070568e-02
   5.7418993e-01   5.6070568e-02   5.3468403e-02   5.6070568e-02   5.6070568e-02   5.6070568e-02   5.6070568e-02
   6.1546920e-01   5.6070568e-02   5.3468403e-02   5.6070568e-02   5.6070568e-02   5.6070568e-02   5.6070568e-02
   6.5971609e-01   5.6070568e-02   5.3468403e-02   5.6070568e-02   5.6070568e-02   5.6070568e-02   5.6070568e-02
   7.0714395e-01   5.6070568e-02   5.3468403e-02   5.6070568e-02   5.6070568e-02   5.6070568e-02   5.6070568e-02
   7.5798146e-01   5.6070568e-02   5.3468403e-02   5.6070568e-02   5.6070568e-02   5.6070568e-02   5.6070568e-02
   8.1247375e-01   5.6070568e-02   5.3468403e-02   5.6070568e-02   5.6070568e-02   5.6070568e-02   5.6070568e-02
   8.7088356e-01   5.6070568e-02   5.3468403e-02   5.6070568e-02   5.6070568e-02   5.6070568e-02   5.6070568e-02
   9.3349252e-01   5.6070568e-02   5.3468403e-02   5.6070568e-02   5.6070568e-02   5.6070568e-02   5.6070568e-02
   1.0006025e+00   5.6070568e-02   5.3468403e-02   5.6070568e-02   5.6070568e-02   5.6070568e-02   5.6070568e-02
   1.0725372e+00   5.6070568e-02   5.3468403e-02   5.6070568e-02   5.6070568e-02   5.6070568e-02   5.6070568e-02
   1.1496433e+00   5.6070568e-02   5.3468403e-02   5.6070568e-02   5.6070568e-02   5.6070568e-02   5.6070568e-02
   1.2322927e+00   5.6070568e-02   5.3468403e-02   5.6070568e-02   5.6070568e-02   5.6070568e-02   5.6070568e-02
   1.3208838e+00   5.6070568e-02   5.3468403e-02   5.6070568e-02   5.6070568e-02   5.6070568e-02   5.6070568e-02
   1.4158439e+00   5.6070568e-02   5.3468403e-02   5.6070568e-02   5.6070568e-02   5.6070568e-02   5.6070568e-02
   1.5176308e+00   5.6070568e-02   5.3468403e-02   5.6070568e-02   5.6070568e-02   5.6070568e-02   5.6070568e-02
   1.6267352e+00   5.6070568e-02   5.3468403e-02   5.6070568e-02   5.6070568e-02   5.6070568e-02   5.6070568e-02
   1.7436834e+00   5.6070568e-02   5.3468403e-02   5.6070568e-02   5.6070568e-02   5.6070568e-02   5.6070568e-02
   1.8690391e+00   5.6070568e-02   5.3468403e-02   5.6070568e-02   5.6070568e-02   5.6070568e-02   5.6070568e-02
   2.0034068e+00   5.6070568e-02   5.3468403e-02   5.6070568e-02   5.6070568e-02   5.6070568e-02   5.6070568e-02
   2.1474343e+00   5.6070568e-02   5.3468403e-02   5.6070568e-02   5.6070568e-02   5.6070568e-02   5.6070568e-02
   2.3018162e+00   5.6070568e-02   5.3468403e-02   5.6070568e-02   5.6070568e-02   5.6070568e-02   5.6070568e-02
   2.4672968e+00   5.6070568e-02   5.3468403e-02   5.6070568e-02   5.6070568e-02   5.6070568e-02   5.6070568e-02
   2.6446740e+00   5.6070568e-02   5.3468403e-02   5.6070568e-02   5.6070568e-02   5.6070568e-02   5.6070568e-02
   2.8348031e+00   5.6070568e-02   5.3468403e-02   5.6070568e-02   5.6070568e-02   5.6070568e-02   5.6070568e-02
   3.0386009e+00   5.6070568e-02   5.3468403e-02   5.6070568e-02   5.6070568e-02   5.6070568e-02   5.6070568e-02
   3.2570499e+00   5.6070568e-02   5.3468403e-02   5.6070568e-02   5.6070568e-02   5.6070568e-02   5.6070568e-02
   3.4912035e+00   5.6070568e-02   5.3468403e-02   5.6070568e-02   5.6070568e-02   5.6070568e-02   5.6070568e-02
   3.7421907e+00   5.6070568e-02   5.3468403e-02   5.6070568e-02   5.6070568e-02   5.6070568e-02   5.6070568e-02
   4.0112218e+00   5.6070568e-02   5.3468403e-02   5.6070568e-02   5.6070568e-02   5.6070568e-02   5.6070568e-02
   4.2995938e+00   5.6070568e-02   5.3468403e-02   5.6070568e-02   5.6070568e-02   5.6070568e-02   5.6070568e-02
   4.6086973e+00   5.6070568e-02   5.3468403e-02   5.6070568e-02   5.6070568e-02   5.6070568e-02   5.6070568e-02
   4.9400226e+00   5.6070568e-02   5.3468403e-02   5.6070568e-02   5.6070568e-02   5.6070568e-02   5.6070568e-02
   5.2951673e+00   5.6070568e-02   5.3468403e-02   5.6070568e-02   5.6070568e-02   5.6070568e-02   5.6070568e-02
   5.6758439e+00   5.6070568e-02   5.3468403e-02   5.6070568e-02   5.6070568e-02   5.6070568e-02   5.6070568e-02
   6.0838878e+00   5.6070568e-02   5.3468403e-02   5.6070568e-02   5.6070568e-02   5.6070568e-02   5.6070568e-02
   6.5212665e+00   5.6070568e-02   5.3468403e-02   5.6070568e-02   5.6070568e-02   5.6070568e-02   5.6070568e-02
   6.9900890e+00   5.6070568e-02   5.3468403e-02   5.6070568e-02   5.6070568e-02   5.6070568e-02   5.6070568e-02
   7.4926157e+00   5.6070568e-02   5.3468403e-02   5.6070568e-02   5.6070568e-02   5.6070568e-02   5.6070568e-02
   8.0312697e+00   5.6139267e-02   5.3579251e-02   5.6126824e-02   5.6112906e-02   5.6286570e-02   5.6070568e-02
   8.6086483e+00   7.0547951e-02   7.8504738e-02   6.7693777e-02   6.4626760e-02   1.1320799e-01   5.6070568e-02
   9.2275354e+00   9.0153182e-02   1.1804916e-01   8.2751840e-02   7.5171022e-02   2.3710453e-01   5.6070568e-02
   9.8909151e+00   1.0069274e-01   1.4295350e-01   9.0416934e-02   8.0215920e-02   3.4727620e-01   5.6070568e-02
   1.0601986e+01   1.0776059e-01   1.6254029e-01   9.5268755e-02   8.3206491e-02   4.6332438e-01   5.6070568e-02
   1.1364177e+01   1.1342445e-01   1.8083100e-01   9.8936378e-02   8.5321943e-02   5.9191526e-01   5.6070568e-02
   1.2181162e+01   1.1857106e-01   2.0004221e-01   1.0207999e-01   8.7018242e-02   7.2417941e-01   5.6070568e-02
   1.3056882e+01   1.2372165e-01   2.2208075e-01   1.0504862e-01   8.8516893e-02   8.3898691e-01   5.6070568e-02
   1.3995559e+01   1.2928239e-01   2.4910812e-01   1.0807513e-01   8.9946712e-02   9.1897971e-01   5.6070568e-02
   1.5001718e+01   1.3565028e-01   2.8382791e-01   1.1135180e-01   9.1396096e-02   9.6400118e-01   5.6090847e-02
   1.6080211e+01   1.4327337e-01   3.2950433e-01   1.1506679e-01   9.2935819e-02   9.8539508e-01   6.9395779e-02
   1.7236239e+01   1.5269548e-01   3.8944368e-01   1.1942647e-01   9.4630650e-02   9.9443091e-01   8.9385539e-02
   1.8475375e+01   1.6459421e-01   4.6556040e-01   1.2467242e-01   9.6546207e-02   9.9796308e-01   1.0023500e-01
   1.9803594e+01   1.7980732e-01   5.5607088e-01   1.3109485e-01   9.8753146e-02   9.9927569e-01   1.0742154e-01
   2.1227300e+01   1.9927695e-01   6.5346463e-01   1.3901855e-01   1.0132193e-01   9.9974676e-01   1.1313422e-01
   2.2753359e+01   2.2398278e-01   7.4637870e-01   1.4879838e-01   1.0432260e-01   9.9991224e-01   1.1829401e-01
   2.4389128e+01   2.5488840e-01   8.2499889e-01   1.6083608e-01   1.0783227e-01   9.9996972e-01   1.2343357e-01
   2.6142495e+01   2.9279279e-01   8.8489308e-01   1.7557621e-01   1.1193663e-01   9.9998958e-01   1.2896199e-01
   2.8021913e+01   3.3812193e-01   9.2691399e-01   1.9349292e-01   1.1673106e-01   9.9999642e-01   1.3527508e-01
   3.0036445e+01   3.9069692e-01   9.5470224e-01   2.1506641e-01   1.2232165e-01   9.9999877e-01   1.4281675e-01
   3.2195805e+01   4.4954199e-01   9.7236102e-01   2.4074378e-01   1.2882549e-01   9.9999958e-01   1.5212465e-01
   3.4510404e+01   5.1283352e-01   9.8329927e-01   2.7088566e-01   1.3637067e-01   9.9999985e-01   1.6386827e-01
   3.6991402e+01   5.7805831e-01   9.8996751e-01   3.0569814e-01   1.4509512e-01   9.9999995e-01   1.7887673e-01
   3.9650763e+01   6.4238606e-01   9.9399355e-01   3.4516100e-01   1.5514495e-01   9.9999998e-01   1.9808934e-01
   4.2501309e+01   7.0314485e-01   9.9641046e-01   3.8896286e-01   1.6667133e-01   9.9999999e-01   2.2248379e-01
   4.5556784e+01   7.5824049e-01   9.9785661e-01   4.3646209e-01   1.7982582e-01   1.0000000e+00   2.5302802e-01
   4.8831921e+01   8.0639290e-01   9.9872038e-01   4.8669466e-01   1.9475474e-01   1.0000000e+00   2.9053508e-01
   5.2342512e+01   8.4714398e-01   9.9923586e-01   5.3843017e-01   2.1158984e-01   1.0000000e+00   3.3545735e-01
   5.6105484e+01   8.8070925e-01   9.9954341e-01   5.9028908e-01   2.3044002e-01   1.0000000e+00   3.8765463e-01
   6.0138982e+01   9.0774900e-01   9.9972694e-01   6.4088457e-01   2.5137968e-01   1.0000000e+00   4.4619738e-01
   6.4462452e+01   9.2915003e-01   9.9983652e-01   6.8896905e-01   2.7443772e-01   1.0000000e+00   5.0930645e-01
   6.9096743e+01   9.4585600e-01   9.9990199e-01   7.3354687e-01   2.9958538e-01   1.0000000e+00   5.7449811e-01
   7.4064199e+01   9.5875971e-01   9.9994114e-01   7.7393698e-01   3.2672483e-01   1.0000000e+00   6.3894737e-01
   7.9388772e+01   9.6864923e-01   9.9996458e-01   8.0978969e-01   3.5568711e-01   1.0000000e+00   6.9996167e-01
   8.5096136e+01   9.7618537e-01   9.9997864e-01   8.4104296e-01   3.8622440e-01   1.0000000e+00   7.5540709e-01
   9.1213809e+01   9.8190535e-01   9.9998708e-01   8.6786521e-01   4.1801655e-01   1.0000000e+00   8.0395709e-01
   9.7771290e+01   9.8623538e-01   9.9999216e-01   8.9058230e-01   4.5067884e-01   1.0000000e+00   8.4511143e-01
   1.0480020e+02   9.8950796e-01   9.9999523e-01   9.0961129e-01   4.8377684e-01   1.0000000e+00   8.7905456e-01
   1.1233442e+02   9.9197947e-01   9.9999708e-01   9.2540701e-01   5.1684714e-01   1.0000000e+00   9.0642826e-01
   1.2041029e+02   9.9384552e-01   9.9999820e-01   9.3841995e-01   5.4941267e-01   1.0000000e+00   9.2811208e-01
   1.2906675e+02   9.9525472e-01   9.9999889e-01   9.4907352e-01   5.8100820e-01   1.0000000e+00   9.4505033e-01
   1.3834553e+02   9.9631939e-01   9.9999931e-01   9.5774906e-01   6.1119787e-01   1.0000000e+00   9.5814005e-01
   1.4829137e+02   9.9712385e-01   9.9999956e-01   9.6477688e-01   6.3957654e-01   1.0000000e+00   9.6817584e-01
   1.5895223e+02   9.9773145e-01   9.9999972e-01   9.7043807e-01   6.6578147e-01   1.0000000e+00   9.7582545e-01
   1.7037951e+02   9.9818929e-01   9.9999982e-01   9.7496334e-01   6.8947209e-01   1.0000000e+00   9.8163259e-01
   1.8262832e+02   9.9853220e-01   9.9999988e-01   9.7853684e-01   7.1031278e-01   1.0000000e+00   9.8602912e-01
   1.9575771e+02   9.9878527e-01   9.9999992e-01   9.8129668e-01   7.2793044e-01   1.0000000e+00   9.8935216e-01
   2.0983099e+02   9.9896509e-01   9.9999994e-01   9.8332762e-01   7.4181728e-01   1.0000000e+00   9.9186184e-01
   2.2491602e+02   9.9907909e-01   9.9999996e-01   9.8463978e-01   7.5115496e-01   1.0000000e+00   9.9375672e-01
   2.4108553e+02   9.9912008e-01   9.9999996e-01   9.8510940e-01   7.5450543e-01   1.0000000e+00   9.9518765e-01
   2.5841749e+02   9.9912008e-01   9.9999996e-01   9.8510940e-01   7.5450543e-01   1.0000000e+00   9.9626872e-01
   2.7699546e+02   9.9912008e-01   9.9999996e-01   9.8510940e-01   7.5450543e-01   1.0000000e+00   9.9708558e-01
   2.9690903e+02   9.9912008e-01   9.9999996e-01   9.8510940e-01   7.5450543e-01   1.0000000e+00   9.9770255e-01
   3.1825421e+02   9.9912008e-01   9.9999996e-01   9.8510940e-01   7.5450543e-01   1.0000000e+00   9.9816754e-01
   3.4113393e+02   9.9912008e-01   9.9999996e-01   9.8510940e-01   7.5450543e-01   1.0000000e+00   9.9851598e-01
   3.6565850e+02   9.9912008e-01   9.9999996e-01   9.8510940e-01   7.5450543e-01   1.0000000e+00   9.9877345e-01
   3.9194617e+02   9.9912008e-01   9.9999996e-01   9.8510940e-01   7.5450543e-01   1.0000000e+00   9.9895699e-01
   4.2012369e+02   9.9912008e-01   9.9999996e-01   9.8510940e-01   7.5450543e-01   1.0000000e+00   9.9907458e-01
   4.5032694e+02   9.9912008e-01   9.9999996e-01   9.8510940e-01   7.5450543e-01   1.0000000e+00   9.9912008e-01
   4.8270154e+02   9.9912008e-01   9.9999996e-01   9.8510940e-01   7.5450543e-01   1.0000000e+00   9.9912008e-01
   5.1740359e+02   9.9912008e-01   9.9999996e-01   9.8510940e-01   7.5450543e-01   1.0000000e+00   9.9912008e-01
   5.5460042e+02   9.9912008e-01   9.9999996e-01   9.8510940e-01   7.5450543e-01   1.0000000e+00   9.9912008e-01
   5.9447137e+02   9.9912008e-01   9.9999996e-01   9.8510940e-01   7.5450543e-01   1.0000000e+00   9.9912008e-01
   6.3720870e+02   9.9912008e-01   9.9999996e-01   9.8510940e-01   7.5450543e-01   1.0000000e+00   9.9912008e-01
   6.8301848e+02   9.9912008e-01   9.9999996e-01   9.8510940e-01   7.5450543e-01   1.0000000e+00   9.9912008e-01
   7.3212158e+02   9.9912008e-01   9.9999996e-01   9.8510940e-01   7.5450543e-01   1.0000000e+00   9.9912008e-01
   7.8475476e+02   9.9912008e-01   9.9999996e-01   9.8510940e-01   7.5450543e-01   1.0000000e+00   9.9912008e-01
   8.4117182e+02   9.9912008e-01   9.9999996e-01   9.8510940e-01   7.5450543e-01   1.0000000e+00   9.9912008e-01
   9.0164477e+02   9.9912008e-01   9.9999996e-01   9.8510940e-01   7.5450543e-01   1.0000000e+00   9.9912008e-01
   9.6646520e+02   9.9912008e-01   9.9999996e-01   9.8510940e-01   7.5450543e-01   1.0000000e+00   9.9912008e-01
