S870 bestfit flat steep
   1.0359457e-03   2.2684284e-02   1.7779481e-02   2.8582842e-02
   1.1104212e-03   2.2684328e-02   1.7779507e-02   2.8582914e-02
   1.1902508e-03   2.2684375e-02   1.7779535e-02   2.8582990e-02
   1.2758195e-03   2.2684425e-02   1.7779565e-02   2.8583072e-02
   1.3675398e-03   2.2684479e-02   1.7779597e-02   2.8583161e-02
   1.4658541e-03   2.2684537e-02   1.7779631e-02   2.8583255e-02
   1.5712363e-03   2.2684599e-02   1.7779668e-02   2.8583356e-02
   1.6841945e-03   2.2684666e-02   1.7779707e-02   2.8583465e-02
   1.8052735e-03   2.2684737e-02   1.7779749e-02   2.8583581e-02
   1.9350570e-03   2.2684813e-02   1.7779795e-02   2.8583706e-02
   2.0741708e-03   2.2684895e-02   1.7779843e-02   2.8583839e-02
   2.2232857e-03   2.2684983e-02   1.7779895e-02   2.8583982e-02
   2.3831206e-03   2.2685077e-02   1.7779951e-02   2.8584136e-02
   2.5544463e-03   2.2685178e-02   1.7780011e-02   2.8584301e-02
   2.7380888e-03   2.2685286e-02   1.7780075e-02   2.8584477e-02
   2.9349336e-03   2.2685402e-02   1.7780143e-02   2.8584666e-02
   3.1459299e-03   2.2685526e-02   1.7780217e-02   2.8584869e-02
   3.3720949e-03   2.2685659e-02   1.7780296e-02   2.8585086e-02
   3.6145193e-03   2.2685802e-02   1.7780380e-02   2.8585319e-02
   3.8743718e-03   2.2685955e-02   1.7780471e-02   2.8585568e-02
   4.1529055e-03   2.2686119e-02   1.7780568e-02   2.8585836e-02
   4.4514634e-03   2.2686295e-02   1.7780672e-02   2.8586123e-02
   4.7714849e-03   2.2686483e-02   1.7780783e-02   2.8586430e-02
   5.1145133e-03   2.2686685e-02   1.7780903e-02   2.8586760e-02
   5.4822024e-03   2.2686901e-02   1.7781031e-02   2.8587113e-02
   5.8763252e-03   2.2687133e-02   1.7781168e-02   2.8587491e-02
   6.2987819e-03   2.2687382e-02   1.7781316e-02   2.8587897e-02
   6.7516097e-03   2.2687648e-02   1.7781474e-02   2.8588332e-02
   7.2369918e-03   2.2687934e-02   1.7781643e-02   2.8588798e-02
   7.7572687e-03   2.2688240e-02   1.7781824e-02   2.8589298e-02
   8.3149490e-03   2.2688569e-02   1.7782019e-02   2.8589834e-02
   8.9127216e-03   2.2688921e-02   1.7782227e-02   2.8590408e-02
   9.5534689e-03   2.2689298e-02   1.7782450e-02   2.8591024e-02
   1.0240280e-02   2.2689702e-02   1.7782690e-02   2.8591684e-02
   1.0976468e-02   2.2690136e-02   1.7782946e-02   2.8592391e-02
   1.1765580e-02   2.2690600e-02   1.7783222e-02   2.8593149e-02
   1.2611424e-02   2.2691098e-02   1.7783516e-02   2.8593962e-02
   1.3518075e-02   2.2691632e-02   1.7783833e-02   2.8594833e-02
   1.4489908e-02   2.2692204e-02   1.7784171e-02   2.8595767e-02
   1.5531606e-02   2.2692817e-02   1.7784535e-02   2.8596768e-02
   1.6648194e-02   2.2693475e-02   1.7784924e-02   2.8597842e-02
   1.7845055e-02   2.2694180e-02   1.7785341e-02   2.8598992e-02
   1.9127959e-02   2.2694935e-02   1.7785789e-02   2.8600225e-02
   2.0503093e-02   2.2695745e-02   1.7786268e-02   2.8601547e-02
   2.1977088e-02   2.2696613e-02   1.7786782e-02   2.8602964e-02
   2.3557050e-02   2.2697543e-02   1.7787333e-02   2.8604483e-02
   2.5250597e-02   2.2698541e-02   1.7787924e-02   2.8606111e-02
   2.7065896e-02   2.2699610e-02   1.7788557e-02   2.8607857e-02
   2.9011699e-02   2.2700756e-02   1.7789235e-02   2.8609728e-02
   3.1097388e-02   2.2701985e-02   1.7789963e-02   2.8611733e-02
   3.3333020e-02   2.2703302e-02   1.7790743e-02   2.8613884e-02
   3.5729375e-02   2.2704714e-02   1.7791579e-02   2.8616189e-02
   3.8298007e-02   2.2706227e-02   1.7792475e-02   2.8618660e-02
   4.1051301e-02   2.2707849e-02   1.7793435e-02   2.8621309e-02
   4.4002533e-02   2.2709588e-02   1.7794465e-02   2.8624149e-02
   4.7165933e-02   2.2711453e-02   1.7795568e-02   2.8627193e-02
   5.0556754e-02   2.2713451e-02   1.7796751e-02   2.8630457e-02
   5.4191346e-02   2.2715594e-02   1.7798020e-02   2.8633956e-02
   5.8087234e-02   2.2717891e-02   1.7799379e-02   2.8637707e-02
   6.2263201e-02   2.2720353e-02   1.7800837e-02   2.8641729e-02
   6.6739385e-02   2.2722992e-02   1.7802399e-02   2.8646041e-02
   7.1537368e-02   2.2725822e-02   1.7804074e-02   2.8650663e-02
   7.6680283e-02   2.2728856e-02   1.7805869e-02   2.8655620e-02
   8.2192930e-02   2.2732108e-02   1.7807794e-02   2.8660933e-02
   8.8101888e-02   2.2735595e-02   1.7809858e-02   2.8666631e-02
   9.4435649e-02   2.2739333e-02   1.7812070e-02   2.8672739e-02
   1.0122475e-01   2.2743340e-02   1.7814441e-02   2.8679289e-02
   1.0850193e-01   2.2747637e-02   1.7816983e-02   2.8686312e-02
   1.1630228e-01   2.2752244e-02   1.7819709e-02   2.8693843e-02
   1.2466341e-01   2.2757183e-02   1.7822631e-02   2.8701918e-02
   1.3362562e-01   2.2762478e-02   1.7825763e-02   2.8710577e-02
   1.4323214e-01   2.2768156e-02   1.7829122e-02   2.8719862e-02
   1.5352929e-01   2.2774244e-02   1.7832722e-02   2.8729820e-02
   1.6456672e-01   2.2780772e-02   1.7836583e-02   2.8740499e-02
   1.7639763e-01   2.2787771e-02   1.7840722e-02   2.8751952e-02
   1.8907909e-01   2.2795277e-02   1.7845159e-02   2.8764235e-02
   2.0267224e-01   2.2803325e-02   1.7849918e-02   2.8777410e-02
   2.1724261e-01   2.2811956e-02   1.7855019e-02   2.8791541e-02
   2.3286047e-01   2.2821212e-02   1.7860490e-02   2.8806698e-02
   2.4960112e-01   2.2831138e-02   1.7866355e-02   2.8822958e-02
   2.6754527e-01   2.2841783e-02   1.7872645e-02   2.8840400e-02
   2.8677945e-01   2.2853200e-02   1.7879390e-02   2.8859113e-02
   3.0739641e-01   2.2865445e-02   1.7886622e-02   2.8879190e-02
   3.2949554e-01   2.2878580e-02   1.7894378e-02   2.8900732e-02
   3.5318341e-01   2.2892669e-02   1.7902696e-02   2.8923848e-02
   3.7857423e-01   2.2907782e-02   1.7911617e-02   2.8948654e-02
   4.0579043e-01   2.2923995e-02   1.7921184e-02   2.8975276e-02
   4.3496324e-01   2.2941388e-02   1.7931446e-02   2.9003851e-02
   4.6623332e-01   2.2960050e-02   1.7942452e-02   2.9034523e-02
   4.9975145e-01   2.2980073e-02   1.7954258e-02   2.9067450e-02
   5.3567924e-01   2.3001559e-02   1.7966923e-02   2.9102803e-02
   5.7418993e-01   2.3024616e-02   1.7980509e-02   2.9140763e-02
   6.1546920e-01   2.3049361e-02   1.7995084e-02   2.9181530e-02
   6.5971609e-01   2.3075921e-02   1.8010721e-02   2.9225316e-02
   7.0714395e-01   2.3104431e-02   1.8027500e-02   2.9272352e-02
   7.5798146e-01   2.3135037e-02   1.8045504e-02   2.9322887e-02
   8.1247375e-01   2.3167897e-02   1.8064824e-02   2.9377191e-02
   8.7088356e-01   2.3203182e-02   1.8085559e-02   2.9435555e-02
   9.3349252e-01   2.3241075e-02   1.8107814e-02   2.9498296e-02
   1.0006025e+00   2.3281774e-02   1.8131703e-02   2.9565756e-02
   1.0725372e+00   2.3325493e-02   1.8157347e-02   2.9638306e-02
   1.1496433e+00   2.3372465e-02   1.8184880e-02   2.9716350e-02
   1.2322927e+00   2.3422940e-02   1.8214444e-02   2.9800325e-02
   1.3208838e+00   2.3477189e-02   1.8246193e-02   2.9890709e-02
   1.4158439e+00   2.3535505e-02   1.8280292e-02   2.9988020e-02
   1.5176308e+00   2.3598206e-02   1.8316921e-02   3.0092822e-02
   1.6267352e+00   2.3665638e-02   1.8356275e-02   3.0205734e-02
   1.7436834e+00   2.3738175e-02   1.8398561e-02   3.0327428e-02
   1.8690391e+00   2.3816224e-02   1.8444008e-02   3.0458643e-02
   2.0034068e+00   2.3900226e-02   1.8492861e-02   3.0600184e-02
   2.1474343e+00   2.3990664e-02   1.8545385e-02   3.0752938e-02
   2.3018162e+00   2.4088062e-02   1.8601870e-02   3.0917878e-02
   2.4672968e+00   2.4192992e-02   1.8662628e-02   3.1096076e-02
   2.6446740e+00   2.4306079e-02   1.8727999e-02   3.1288713e-02
   2.8348031e+00   2.4428006e-02   1.8798353e-02   3.1497093e-02
   3.0386009e+00   2.4559520e-02   1.8874092e-02   3.1722663e-02
   3.2570499e+00   2.4701443e-02   1.8955653e-02   3.1967026e-02
   3.4912035e+00   2.4854674e-02   1.9043514e-02   3.2231965e-02
   3.7421907e+00   2.5020204e-02   1.9138196e-02   3.2519469e-02
   4.0112218e+00   2.5199126e-02   1.9240269e-02   3.2831764e-02
   4.2995938e+00   2.5392644e-02   1.9350354e-02   3.3171341e-02
   4.6086973e+00   2.5602092e-02   1.9469135e-02   3.3541008e-02
   4.9400226e+00   2.5828947e-02   1.9597360e-02   3.3943928e-02
   5.2951673e+00   2.6074851e-02   1.9735853e-02   3.4383689e-02
   5.6758439e+00   2.6341632e-02   1.9885520e-02   3.4864364e-02
   6.0838878e+00   2.6631332e-02   2.0047359e-02   3.5390606e-02
   6.5212665e+00   2.6946236e-02   2.0222473e-02   3.5967745e-02
   6.9900890e+00   2.7288910e-02   2.0412084e-02   3.6601920e-02
   7.4926157e+00   2.7662244e-02   2.0617546e-02   3.7300234e-02
   8.0312697e+00   2.8069505e-02   2.0840364e-02   3.8070946e-02
   8.6086483e+00   2.8514397e-02   2.1082213e-02   3.8923717e-02
   9.2275354e+00   2.9001137e-02   2.1344968e-02   3.9869914e-02
   9.8909151e+00   2.9534546e-02   2.1630722e-02   4.0922992e-02
   1.0601986e+01   3.0120161e-02   2.1941830e-02   4.2098990e-02
   1.1364177e+01   3.0764366e-02   2.2280939e-02   4.3417162e-02
   1.2181162e+01   3.1474568e-02   2.2651043e-02   4.4900798e-02
   1.3056882e+01   3.2259401e-02   2.3055531e-02   4.6578301e-02
   1.3995559e+01   3.3128993e-02   2.3498256e-02   4.8484605e-02
   1.5001718e+01   3.4095302e-02   2.3983618e-02   5.0663065e-02
   1.6080211e+01   3.5172543e-02   2.4516656e-02   5.3168006e-02
   1.7236239e+01   3.6377744e-02   2.5103170e-02   5.6068178e-02
   1.8475375e+01   3.7731473e-02   2.5749860e-02   5.9451482e-02
   1.9803594e+01   3.9258797e-02   2.6464512e-02   6.3431518e-02
   2.1227300e+01   4.0990565e-02   2.7256214e-02   6.8156683e-02
   2.2753359e+01   4.2965145e-02   2.8135637e-02   7.3822938e-02
   2.4389128e+01   4.5230811e-02   2.9115384e-02   8.0691758e-02
   2.6142495e+01   4.7849058e-02   3.0210445e-02   8.9115422e-02
   2.8021913e+01   5.0899281e-02   3.1438769e-02   9.9572416e-02
   3.0036445e+01   5.4485466e-02   3.2822023e-02   1.1271628e-01
   3.2195805e+01   5.8745897e-02   3.4386589e-02   1.2944086e-01
   3.4510404e+01   6.3867436e-02   3.6164888e-02   1.5096176e-01
   3.6991402e+01   7.0106767e-02   3.8197191e-02   1.7890420e-01
   3.9650763e+01   7.7822363e-02   4.0534090e-02   2.1536266e-01
   4.2501309e+01   8.7522830e-02   4.3239969e-02   2.6284739e-01
   4.5556784e+01   9.9939943e-02   4.6397929e-02   3.2395086e-01
   4.8831921e+01   1.1613742e-01   5.0116930e-02   4.0049632e-01
   5.2342512e+01   1.3766668e-01   5.4542331e-02   4.9203730e-01
   5.6105484e+01   1.6676983e-01   5.9871754e-02   5.9414875e-01
   6.0138982e+01   2.0658535e-01   6.6379439e-02   6.9792988e-01
   6.4462452e+01   2.6118475e-01   7.4454295e-02   7.9228345e-01
   6.9096743e+01   3.3500104e-01   8.4660267e-02   8.6836356e-01
   7.4064199e+01   4.3089748e-01   9.7832962e-02   9.2290987e-01
   7.9388772e+01   5.4647888e-01   1.1523390e-01   9.5805463e-01
   8.5096136e+01   6.7061827e-01   1.3879039e-01   9.7868122e-01
   9.1213809e+01   7.8534134e-01   1.7144069e-01   9.8984168e-01
   9.7771290e+01   8.7498213e-01   2.1753091e-01   9.9545540e-01
   1.0480020e+02   9.3449499e-01   2.8294076e-01   9.9809208e-01
   1.1233442e+02   9.6876773e-01   3.7394631e-01   9.9924987e-01
   1.2041029e+02   9.8631186e-01   4.9303508e-01   9.9972464e-01
   1.2906675e+02   9.9445192e-01   6.3151185e-01   9.9990599e-01
   1.3834553e+02   9.9791596e-01   7.6636422e-01   9.9997027e-01
   1.4829137e+02   9.9927513e-01   8.7223349e-01   9.9999134e-01
   1.5895223e+02   9.9976719e-01   9.3919914e-01   9.9999768e-01
   1.7037951e+02   9.9993122e-01   9.7435138e-01   9.9999943e-01
   1.8262832e+02   9.9998140e-01   9.9025083e-01   9.9999987e-01
   1.9575771e+02   9.9999542e-01   9.9662949e-01   9.9999998e-01
   2.0983099e+02   9.9999898e-01   9.9893681e-01   1.0000000e+00
   2.2491602e+02   9.9999979e-01   9.9969429e-01   1.0000000e+00
   2.4108553e+02   9.9999996e-01   9.9992013e-01   1.0000000e+00
   2.5841749e+02   9.9999999e-01   9.9998113e-01   1.0000000e+00
   2.7699546e+02   1.0000000e+00   9.9999599e-01   1.0000000e+00
   2.9690903e+02   1.0000000e+00   9.9999924e-01   1.0000000e+00
   3.1825421e+02   1.0000000e+00   9.9999987e-01   1.0000000e+00
   3.4113393e+02   1.0000000e+00   9.9999998e-01   1.0000000e+00
   3.6565850e+02   1.0000000e+00   1.0000000e+00   1.0000000e+00
   3.9194617e+02   1.0000000e+00   1.0000000e+00   1.0000000e+00
   4.2012369e+02   1.0000000e+00   1.0000000e+00   1.0000000e+00
   4.5032694e+02   1.0000000e+00   1.0000000e+00   1.0000000e+00
   4.8270154e+02   1.0000000e+00   1.0000000e+00   1.0000000e+00
   5.1740359e+02   1.0000000e+00   1.0000000e+00   1.0000000e+00
   5.5460042e+02   1.0000000e+00   1.0000000e+00   1.0000000e+00
   5.9447137e+02   1.0000000e+00   1.0000000e+00   1.0000000e+00
   6.3720870e+02   1.0000000e+00   1.0000000e+00   1.0000000e+00
   6.8301848e+02   1.0000000e+00   1.0000000e+00   1.0000000e+00
   7.3212158e+02   1.0000000e+00   1.0000000e+00   1.0000000e+00
   7.8475476e+02   1.0000000e+00   1.0000000e+00   1.0000000e+00
   8.4117182e+02   1.0000000e+00   1.0000000e+00   1.0000000e+00
   9.0164477e+02   1.0000000e+00   1.0000000e+00   1.0000000e+00
   9.6646520e+02   1.0000000e+00   1.0000000e+00   1.0000000e+00
