S870 bestfit flat steep
   1.0359457e-03   3.1288497e-04   1.0413879e-04   9.9259993e-04
   1.1104212e-03   3.1288686e-04   1.0413925e-04   9.9260764e-04
   1.1902508e-03   3.1288888e-04   1.0413974e-04   9.9261590e-04
   1.2758195e-03   3.1289105e-04   1.0414026e-04   9.9262476e-04
   1.3675398e-03   3.1289338e-04   1.0414083e-04   9.9263426e-04
   1.4658541e-03   3.1289587e-04   1.0414143e-04   9.9264444e-04
   1.5712363e-03   3.1289854e-04   1.0414208e-04   9.9265535e-04
   1.6841945e-03   3.1290141e-04   1.0414277e-04   9.9266704e-04
   1.8052735e-03   3.1290448e-04   1.0414351e-04   9.9267958e-04
   1.9350570e-03   3.1290777e-04   1.0414431e-04   9.9269302e-04
   2.0741708e-03   3.1291130e-04   1.0414516e-04   9.9270742e-04
   2.2232857e-03   3.1291508e-04   1.0414608e-04   9.9272286e-04
   2.3831206e-03   3.1291913e-04   1.0414706e-04   9.9273941e-04
   2.5544463e-03   3.1292348e-04   1.0414811e-04   9.9275715e-04
   2.7380888e-03   3.1292814e-04   1.0414924e-04   9.9277617e-04
   2.9349336e-03   3.1293313e-04   1.0415045e-04   9.9279655e-04
   3.1459299e-03   3.1293848e-04   1.0415174e-04   9.9281840e-04
   3.3720949e-03   3.1294422e-04   1.0415313e-04   9.9284182e-04
   3.6145193e-03   3.1295037e-04   1.0415462e-04   9.9286693e-04
   3.8743718e-03   3.1295696e-04   1.0415622e-04   9.9289384e-04
   4.1529055e-03   3.1296402e-04   1.0415793e-04   9.9292268e-04
   4.4514634e-03   3.1297159e-04   1.0415976e-04   9.9295360e-04
   4.7714849e-03   3.1297971e-04   1.0416173e-04   9.9298675e-04
   5.1145133e-03   3.1298841e-04   1.0416383e-04   9.9302228e-04
   5.4822024e-03   3.1299774e-04   1.0416609e-04   9.9306036e-04
   5.8763252e-03   3.1300774e-04   1.0416851e-04   9.9310119e-04
   6.2987819e-03   3.1301846e-04   1.0417111e-04   9.9314495e-04
   6.7516097e-03   3.1302994e-04   1.0417389e-04   9.9319186e-04
   7.2369918e-03   3.1304226e-04   1.0417687e-04   9.9324214e-04
   7.7572687e-03   3.1305546e-04   1.0418006e-04   9.9329604e-04
   8.3149490e-03   3.1306961e-04   1.0418349e-04   9.9335382e-04
   8.9127216e-03   3.1308478e-04   1.0418716e-04   9.9341576e-04
   9.5534689e-03   3.1310104e-04   1.0419110e-04   9.9348216e-04
   1.0240280e-02   3.1311847e-04   1.0419532e-04   9.9355333e-04
   1.0976468e-02   3.1313715e-04   1.0419984e-04   9.9362963e-04
   1.1765580e-02   3.1315718e-04   1.0420469e-04   9.9371142e-04
   1.2611424e-02   3.1317865e-04   1.0420988e-04   9.9379909e-04
   1.3518075e-02   3.1320166e-04   1.0421545e-04   9.9389308e-04
   1.4489908e-02   3.1322633e-04   1.0422142e-04   9.9399384e-04
   1.5531606e-02   3.1325278e-04   1.0422783e-04   9.9410185e-04
   1.6648194e-02   3.1328113e-04   1.0423469e-04   9.9421764e-04
   1.7845055e-02   3.1331152e-04   1.0424204e-04   9.9434177e-04
   1.9127959e-02   3.1334410e-04   1.0424993e-04   9.9447484e-04
   2.0503093e-02   3.1337903e-04   1.0425838e-04   9.9461749e-04
   2.1977088e-02   3.1341647e-04   1.0426744e-04   9.9477043e-04
   2.3557050e-02   3.1345661e-04   1.0427715e-04   9.9493439e-04
   2.5250597e-02   3.1349964e-04   1.0428757e-04   9.9511017e-04
   2.7065896e-02   3.1354577e-04   1.0429873e-04   9.9529862e-04
   2.9011699e-02   3.1359522e-04   1.0431069e-04   9.9550066e-04
   3.1097388e-02   3.1364824e-04   1.0432352e-04   9.9571728e-04
   3.3333020e-02   3.1370508e-04   1.0433727e-04   9.9594952e-04
   3.5729375e-02   3.1376602e-04   1.0435202e-04   9.9619851e-04
   3.8298007e-02   3.1383136e-04   1.0436782e-04   9.9646549e-04
   4.1051301e-02   3.1390140e-04   1.0438476e-04   9.9675173e-04
   4.4002533e-02   3.1397651e-04   1.0440293e-04   9.9705865e-04
   4.7165933e-02   3.1405703e-04   1.0442240e-04   9.9738775e-04
   5.0556754e-02   3.1414336e-04   1.0444328e-04   9.9774063e-04
   5.4191346e-02   3.1423593e-04   1.0446567e-04   9.9811902e-04
   5.8087234e-02   3.1433518e-04   1.0448967e-04   9.9852478e-04
   6.2263201e-02   3.1444161e-04   1.0451540e-04   9.9895991e-04
   6.6739385e-02   3.1455572e-04   1.0454298e-04   9.9942653e-04
   7.1537368e-02   3.1467810e-04   1.0457256e-04   9.9992695e-04
   7.6680283e-02   3.1480932e-04   1.0460428e-04   1.0004636e-03
   8.2192930e-02   3.1495004e-04   1.0463829e-04   1.0010392e-03
   8.8101888e-02   3.1510095e-04   1.0467475e-04   1.0016566e-03
   9.4435649e-02   3.1526279e-04   1.0471385e-04   1.0023188e-03
   1.0122475e-01   3.1543637e-04   1.0475578e-04   1.0030291e-03
   1.0850193e-01   3.1562253e-04   1.0480074e-04   1.0037911e-03
   1.1630228e-01   3.1582220e-04   1.0484896e-04   1.0046085e-03
   1.2466341e-01   3.1603638e-04   1.0490066e-04   1.0054854e-03
   1.3362562e-01   3.1626612e-04   1.0495612e-04   1.0064262e-03
   1.4323214e-01   3.1651257e-04   1.0501559e-04   1.0074358e-03
   1.5352929e-01   3.1677696e-04   1.0507938e-04   1.0085190e-03
   1.6456672e-01   3.1706061e-04   1.0514780e-04   1.0096815e-03
   1.7639763e-01   3.1736495e-04   1.0522119e-04   1.0109291e-03
   1.8907909e-01   3.1769151e-04   1.0529991e-04   1.0122682e-03
   2.0267224e-01   3.1804194e-04   1.0538436e-04   1.0137056e-03
   2.1724261e-01   3.1841800e-04   1.0547496e-04   1.0152487e-03
   2.3286047e-01   3.1882161e-04   1.0557216e-04   1.0169054e-03
   2.4960112e-01   3.1925484e-04   1.0567645e-04   1.0186844e-03
   2.6754527e-01   3.1971989e-04   1.0578835e-04   1.0205949e-03
   2.8677945e-01   3.2021916e-04   1.0590844e-04   1.0226468e-03
   3.0739641e-01   3.2075522e-04   1.0603732e-04   1.0248510e-03
   3.2949554e-01   3.2133087e-04   1.0617564e-04   1.0272192e-03
   3.5318341e-01   3.2194909e-04   1.0632411e-04   1.0297640e-03
   3.7857423e-01   3.2261314e-04   1.0648349e-04   1.0324990e-03
   4.0579043e-01   3.2332651e-04   1.0665461e-04   1.0354390e-03
   4.3496324e-01   3.2409299e-04   1.0683834e-04   1.0386001e-03
   4.6623332e-01   3.2491669e-04   1.0703564e-04   1.0419996e-03
   4.9975145e-01   3.2580202e-04   1.0724754e-04   1.0456563e-03
   5.3567924e-01   3.2675380e-04   1.0747516e-04   1.0495907e-03
   5.7418993e-01   3.2777723e-04   1.0771970e-04   1.0538251e-03
   6.1546920e-01   3.2887794e-04   1.0798245e-04   1.0583837e-03
   6.5971609e-01   3.3006207e-04   1.0826482e-04   1.0632927e-03
   7.0714395e-01   3.3133626e-04   1.0856834e-04   1.0685810e-03
   7.5798146e-01   3.3270776e-04   1.0889465e-04   1.0742799e-03
   8.1247375e-01   3.3418444e-04   1.0924555e-04   1.0804236e-03
   8.7088356e-01   3.3577486e-04   1.0962297e-04   1.0870496e-03
   9.3349252e-01   3.3748840e-04   1.1002901e-04   1.0941989e-03
   1.0006025e+00   3.3933526e-04   1.1046596e-04   1.1019165e-03
   1.0725372e+00   3.4132660e-04   1.1093632e-04   1.1102519e-03
   1.1496433e+00   3.4347464e-04   1.1144278e-04   1.1192593e-03
   1.2322927e+00   3.4579278e-04   1.1198830e-04   1.1289987e-03
   1.3208838e+00   3.4829570e-04   1.1257609e-04   1.1395363e-03
   1.4158439e+00   3.5099955e-04   1.1320967e-04   1.1509450e-03
   1.5176308e+00   3.5392211e-04   1.1389289e-04   1.1633059e-03
   1.6267352e+00   3.5708298e-04   1.1462994e-04   1.1767089e-03
   1.7436834e+00   3.6050381e-04   1.1542545e-04   1.1912538e-03
   1.8690391e+00   3.6420855e-04   1.1628446e-04   1.2070520e-03
   2.0034068e+00   3.6822375e-04   1.1721256e-04   1.2242281e-03
   2.1474343e+00   3.7257893e-04   1.1821585e-04   1.2429213e-03
   2.3018162e+00   3.7730692e-04   1.1930112e-04   1.2632881e-03
   2.4672968e+00   3.8244437e-04   1.2047582e-04   1.2855046e-03
   2.6446740e+00   3.8803226e-04   1.2174821e-04   1.3097696e-03
   2.8348031e+00   3.9411653e-04   1.2312748e-04   1.3363080e-03
   3.0386009e+00   4.0074882e-04   1.2462381e-04   1.3653752e-03
   3.2570499e+00   4.0798734e-04   1.2624855e-04   1.3972623e-03
   3.4912035e+00   4.1589787e-04   1.2801437e-04   1.4323016e-03
   3.7421907e+00   4.2455498e-04   1.2993544e-04   1.4708745e-03
   4.0112218e+00   4.3404347e-04   1.3202766e-04   1.5134197e-03
   4.2995938e+00   4.4446009e-04   1.3430891e-04   1.5604441e-03
   4.6086973e+00   4.5591558e-04   1.3679936e-04   1.6125356e-03
   4.9400226e+00   4.6853717e-04   1.3952181e-04   1.6703788e-03
   5.2951673e+00   4.8247157e-04   1.4250211e-04   1.7347746e-03
   5.6758439e+00   4.9788864e-04   1.4576969e-04   1.8066639e-03
   6.0838878e+00   5.1498579e-04   1.4935814e-04   1.8871578e-03
   6.5212665e+00   5.3399354e-04   1.5330592e-04   1.9775745e-03
   6.9900890e+00   5.5518218e-04   1.5765728e-04   2.0794860e-03
   7.4926157e+00   5.7887019e-04   1.6246324e-04   2.1947780e-03
   8.0312697e+00   6.0543473e-04   1.6778291e-04   2.3257245e-03
   8.6086483e+00   6.3532468e-04   1.7368507e-04   2.4750854e-03
   9.2275354e+00   6.6907734e-04   1.8025006e-04   2.6462305e-03
   9.8909151e+00   7.0733944e-04   1.8757214e-04   2.8433027e-03
   1.0601986e+01   7.5089424e-04   1.9576250e-04   3.0714304e-03
   1.1364177e+01   8.0069635e-04   2.0495287e-04   3.3370090e-03
   1.2181162e+01   8.5791710e-04   2.1530021e-04   3.6480759e-03
   1.3056882e+01   9.2400393e-04   2.2699250e-04   4.0148136e-03
   1.3995559e+01   1.0007589e-03   2.4025624e-04   4.4502341e-03
   1.5001718e+01   1.0904432e-03   2.5536600e-04   4.9711134e-03
   1.6080211e+01   1.1959182e-03   2.7265673e-04   5.5992861e-03
   1.7236239e+01   1.3208366e-03   2.9253988e-04   6.3634520e-03
   1.8475375e+01   1.4699047e-03   3.1552444e-04   7.3017261e-03
   1.9803594e+01   1.6492470e-03   3.4224490e-04   8.4652758e-03
   2.1227300e+01   1.8669170e-03   3.7349851e-04   9.9235633e-03
   2.2753359e+01   2.1336231e-03   4.1029559e-04   1.1771980e-02
   2.4389128e+01   2.4637710e-03   4.5392801e-04   1.4143081e-02
   2.6142495e+01   2.8769831e-03   5.0606346e-04   1.7223250e-02
   2.8021913e+01   3.4003410e-03   5.6887678e-04   2.1277634e-02
   3.0036445e+01   4.0717419e-03   6.4523480e-04   2.6687558e-02
   3.2195805e+01   4.9449991e-03   7.3896016e-04   3.4006673e-02
   3.4510404e+01   6.0977034e-03   8.5521252e-04   4.4044345e-02
   3.6991402e+01   7.6435283e-03   1.0010474e-03   5.7986407e-02
   3.9650763e+01   9.7517678e-03   1.1862478e-03   7.7560366e-02
   4.2501309e+01   1.2678783e-02   1.4245802e-03   1.0523437e-01
   4.5556784e+01   1.6819198e-02   1.7357249e-03   1.4438337e-01
   4.8831921e+01   2.2789826e-02   2.1482931e-03   1.9922315e-01
   5.2342512e+01   3.1567145e-02   2.7046299e-03   2.7408361e-01
   5.6105484e+01   4.4708881e-02   3.4686061e-03   3.7143233e-01
   6.0138982e+01   6.4694814e-02   4.5385079e-03   4.8860257e-01
   6.4462452e+01   9.5392627e-02   6.0687841e-03   6.1517979e-01
   6.9096743e+01   1.4250583e-01   8.3074522e-03   7.3490643e-01
   7.4064199e+01   2.1341307e-01   1.1661588e-02   8.3302191e-01
   7.9388772e+01   3.1496400e-01   1.6813599e-02   9.0313010e-01
   8.5096136e+01   4.4758115e-01   2.4928947e-02   9.4762782e-01
   9.1213809e+01   5.9788182e-01   3.8023636e-02   9.7328524e-01
   9.7771290e+01   7.3983323e-01   5.9586180e-02   9.8700058e-01
   1.0480020e+02   8.5003007e-01   9.5503026e-02   9.9390731e-01
   1.1233442e+02   9.2161405e-01   1.5495026e-01   9.9722505e-01
   1.2041029e+02   9.6198315e-01   2.4955949e-01   9.9876170e-01
   1.2906675e+02   9.8252324e-01   3.8682565e-01   9.9945493e-01
   1.3834553e+02   9.9225164e-01   5.5605946e-01   9.9976243e-01
   1.4829137e+02   9.9664208e-01   7.2228045e-01   9.9989752e-01
   1.5895223e+02   9.9856415e-01   8.4920517e-01   9.9995647e-01
   1.7037951e+02   9.9939168e-01   9.2674112e-01   9.9998193e-01
   1.8262832e+02   9.9974510e-01   9.6694501e-01   9.9999275e-01
   1.9575771e+02   9.9989509e-01   9.8571383e-01   9.9999721e-01
   2.0983099e+02   9.9995801e-01   9.9396246e-01   9.9999898e-01
   2.2491602e+02   9.9998384e-01   9.9747917e-01   9.9999965e-01
   2.4108553e+02   9.9999407e-01   9.9895947e-01   9.9999989e-01
   2.5841749e+02   9.9999795e-01   9.9957831e-01   9.9999997e-01
   2.7699546e+02   9.9999934e-01   9.9983406e-01   9.9999999e-01
   2.9690903e+02   9.9999980e-01   9.9993736e-01   1.0000000e+00
   3.1825421e+02   9.9999994e-01   9.9997757e-01   1.0000000e+00
   3.4113393e+02   9.9999999e-01   9.9999245e-01   1.0000000e+00
   3.6565850e+02   1.0000000e+00   9.9999763e-01   1.0000000e+00
   3.9194617e+02   1.0000000e+00   9.9999931e-01   1.0000000e+00
   4.2012369e+02   1.0000000e+00   9.9999982e-01   1.0000000e+00
   4.5032694e+02   1.0000000e+00   9.9999996e-01   1.0000000e+00
   4.8270154e+02   1.0000000e+00   9.9999999e-01   1.0000000e+00
   5.1740359e+02   1.0000000e+00   1.0000000e+00   1.0000000e+00
   5.5460042e+02   1.0000000e+00   1.0000000e+00   1.0000000e+00
   5.9447137e+02   1.0000000e+00   1.0000000e+00   1.0000000e+00
   6.3720870e+02   1.0000000e+00   1.0000000e+00   1.0000000e+00
   6.8301848e+02   1.0000000e+00   1.0000000e+00   1.0000000e+00
   7.3212158e+02   1.0000000e+00   1.0000000e+00   1.0000000e+00
   7.8475476e+02   1.0000000e+00   1.0000000e+00   1.0000000e+00
   8.4117182e+02   1.0000000e+00   1.0000000e+00   1.0000000e+00
   9.0164477e+02   1.0000000e+00   1.0000000e+00   1.0000000e+00
   9.6646520e+02   1.0000000e+00   1.0000000e+00   1.0000000e+00
