S870 karim steep flat veryflat verysteep break15
   1.0359457e-03   7.7323902e-02   7.3803651e-02   7.7323902e-02   7.7323902e-02   7.7323902e-02   7.7323902e-02
   1.1104212e-03   7.7323902e-02   7.3803651e-02   7.7323902e-02   7.7323902e-02   7.7323902e-02   7.7323902e-02
   1.1902508e-03   7.7323902e-02   7.3803651e-02   7.7323902e-02   7.7323902e-02   7.7323902e-02   7.7323902e-02
   1.2758195e-03   7.7323902e-02   7.3803651e-02   7.7323902e-02   7.7323902e-02   7.7323902e-02   7.7323902e-02
   1.3675398e-03   7.7323902e-02   7.3803651e-02   7.7323902e-02   7.7323902e-02   7.7323902e-02   7.7323902e-02
   1.4658541e-03   7.7323902e-02   7.3803651e-02   7.7323902e-02   7.7323902e-02   7.7323902e-02   7.7323902e-02
   1.5712363e-03   7.7323902e-02   7.3803651e-02   7.7323902e-02   7.7323902e-02   7.7323902e-02   7.7323902e-02
   1.6841945e-03   7.7323902e-02   7.3803651e-02   7.7323902e-02   7.7323902e-02   7.7323902e-02   7.7323902e-02
   1.8052735e-03   7.7323902e-02   7.3803651e-02   7.7323902e-02   7.7323902e-02   7.7323902e-02   7.7323902e-02
   1.9350570e-03   7.7323902e-02   7.3803651e-02   7.7323902e-02   7.7323902e-02   7.7323902e-02   7.7323902e-02
   2.0741708e-03   7.7323902e-02   7.3803651e-02   7.7323902e-02   7.7323902e-02   7.7323902e-02   7.7323902e-02
   2.2232857e-03   7.7323902e-02   7.3803651e-02   7.7323902e-02   7.7323902e-02   7.7323902e-02   7.7323902e-02
   2.3831206e-03   7.7323902e-02   7.3803651e-02   7.7323902e-02   7.7323902e-02   7.7323902e-02   7.7323902e-02
   2.5544463e-03   7.7323902e-02   7.3803651e-02   7.7323902e-02   7.7323902e-02   7.7323902e-02   7.7323902e-02
   2.7380888e-03   7.7323902e-02   7.3803651e-02   7.7323902e-02   7.7323902e-02   7.7323902e-02   7.7323902e-02
   2.9349336e-03   7.7323902e-02   7.3803651e-02   7.7323902e-02   7.7323902e-02   7.7323902e-02   7.7323902e-02
   3.1459299e-03   7.7323902e-02   7.3803651e-02   7.7323902e-02   7.7323902e-02   7.7323902e-02   7.7323902e-02
   3.3720949e-03   7.7323902e-02   7.3803651e-02   7.7323902e-02   7.7323902e-02   7.7323902e-02   7.7323902e-02
   3.6145193e-03   7.7323902e-02   7.3803651e-02   7.7323902e-02   7.7323902e-02   7.7323902e-02   7.7323902e-02
   3.8743718e-03   7.7323902e-02   7.3803651e-02   7.7323902e-02   7.7323902e-02   7.7323902e-02   7.7323902e-02
   4.1529055e-03   7.7323902e-02   7.3803651e-02   7.7323902e-02   7.7323902e-02   7.7323902e-02   7.7323902e-02
   4.4514634e-03   7.7323902e-02   7.3803651e-02   7.7323902e-02   7.7323902e-02   7.7323902e-02   7.7323902e-02
   4.7714849e-03   7.7323902e-02   7.3803651e-02   7.7323902e-02   7.7323902e-02   7.7323902e-02   7.7323902e-02
   5.1145133e-03   7.7323902e-02   7.3803651e-02   7.7323902e-02   7.7323902e-02   7.7323902e-02   7.7323902e-02
   5.4822024e-03   7.7323902e-02   7.3803651e-02   7.7323902e-02   7.7323902e-02   7.7323902e-02   7.7323902e-02
   5.8763252e-03   7.7323902e-02   7.3803651e-02   7.7323902e-02   7.7323902e-02   7.7323902e-02   7.7323902e-02
   6.2987819e-03   7.7323902e-02   7.3803651e-02   7.7323902e-02   7.7323902e-02   7.7323902e-02   7.7323902e-02
   6.7516097e-03   7.7323902e-02   7.3803651e-02   7.7323902e-02   7.7323902e-02   7.7323902e-02   7.7323902e-02
   7.2369918e-03   7.7323902e-02   7.3803651e-02   7.7323902e-02   7.7323902e-02   7.7323902e-02   7.7323902e-02
   7.7572687e-03   7.7323902e-02   7.3803651e-02   7.7323902e-02   7.7323902e-02   7.7323902e-02   7.7323902e-02
   8.3149490e-03   7.7323902e-02   7.3803651e-02   7.7323902e-02   7.7323902e-02   7.7323902e-02   7.7323902e-02
   8.9127216e-03   7.7323902e-02   7.3803651e-02   7.7323902e-02   7.7323902e-02   7.7323902e-02   7.7323902e-02
   9.5534689e-03   7.7323902e-02   7.3803651e-02   7.7323902e-02   7.7323902e-02   7.7323902e-02   7.7323902e-02
   1.0240280e-02   7.7323902e-02   7.3803651e-02   7.7323902e-02   7.7323902e-02   7.7323902e-02   7.7323902e-02
   1.0976468e-02   7.7323902e-02   7.3803651e-02   7.7323902e-02   7.7323902e-02   7.7323902e-02   7.7323902e-02
   1.1765580e-02   7.7323902e-02   7.3803651e-02   7.7323902e-02   7.7323902e-02   7.7323902e-02   7.7323902e-02
   1.2611424e-02   7.7323902e-02   7.3803651e-02   7.7323902e-02   7.7323902e-02   7.7323902e-02   7.7323902e-02
   1.3518075e-02   7.7323902e-02   7.3803651e-02   7.7323902e-02   7.7323902e-02   7.7323902e-02   7.7323902e-02
   1.4489908e-02   7.7323902e-02   7.3803651e-02   7.7323902e-02   7.7323902e-02   7.7323902e-02   7.7323902e-02
   1.5531606e-02   7.7323902e-02   7.3803651e-02   7.7323902e-02   7.7323902e-02   7.7323902e-02   7.7323902e-02
   1.6648194e-02   7.7323902e-02   7.3803651e-02   7.7323902e-02   7.7323902e-02   7.7323902e-02   7.7323902e-02
   1.7845055e-02   7.7323902e-02   7.3803651e-02   7.7323902e-02   7.7323902e-02   7.7323902e-02   7.7323902e-02
   1.9127959e-02   7.7323902e-02   7.3803651e-02   7.7323902e-02   7.7323902e-02   7.7323902e-02   7.7323902e-02
   2.0503093e-02   7.7323902e-02   7.3803651e-02   7.7323902e-02   7.7323902e-02   7.7323902e-02   7.7323902e-02
   2.1977088e-02   7.7323902e-02   7.3803651e-02   7.7323902e-02   7.7323902e-02   7.7323902e-02   7.7323902e-02
   2.3557050e-02   7.7323902e-02   7.3803651e-02   7.7323902e-02   7.7323902e-02   7.7323902e-02   7.7323902e-02
   2.5250597e-02   7.7323902e-02   7.3803651e-02   7.7323902e-02   7.7323902e-02   7.7323902e-02   7.7323902e-02
   2.7065896e-02   7.7323902e-02   7.3803651e-02   7.7323902e-02   7.7323902e-02   7.7323902e-02   7.7323902e-02
   2.9011699e-02   7.7323902e-02   7.3803651e-02   7.7323902e-02   7.7323902e-02   7.7323902e-02   7.7323902e-02
   3.1097388e-02   7.7323902e-02   7.3803651e-02   7.7323902e-02   7.7323902e-02   7.7323902e-02   7.7323902e-02
   3.3333020e-02   7.7323902e-02   7.3803651e-02   7.7323902e-02   7.7323902e-02   7.7323902e-02   7.7323902e-02
   3.5729375e-02   7.7323902e-02   7.3803651e-02   7.7323902e-02   7.7323902e-02   7.7323902e-02   7.7323902e-02
   3.8298007e-02   7.7323902e-02   7.3803651e-02   7.7323902e-02   7.7323902e-02   7.7323902e-02   7.7323902e-02
   4.1051301e-02   7.7323902e-02   7.3803651e-02   7.7323902e-02   7.7323902e-02   7.7323902e-02   7.7323902e-02
   4.4002533e-02   7.7323902e-02   7.3803651e-02   7.7323902e-02   7.7323902e-02   7.7323902e-02   7.7323902e-02
   4.7165933e-02   7.7323902e-02   7.3803651e-02   7.7323902e-02   7.7323902e-02   7.7323902e-02   7.7323902e-02
   5.0556754e-02   7.7323902e-02   7.3803651e-02   7.7323902e-02   7.7323902e-02   7.7323902e-02   7.7323902e-02
   5.4191346e-02   7.7323902e-02   7.3803651e-02   7.7323902e-02   7.7323902e-02   7.7323902e-02   7.7323902e-02
   5.8087234e-02   7.7323902e-02   7.3803651e-02   7.7323902e-02   7.7323902e-02   7.7323902e-02   7.7323902e-02
   6.2263201e-02   7.7323902e-02   7.3803651e-02   7.7323902e-02   7.7323902e-02   7.7323902e-02   7.7323902e-02
   6.6739385e-02   7.7323902e-02   7.3803651e-02   7.7323902e-02   7.7323902e-02   7.7323902e-02   7.7323902e-02
   7.1537368e-02   7.7323902e-02   7.3803651e-02   7.7323902e-02   7.7323902e-02   7.7323902e-02   7.7323902e-02
   7.6680283e-02   7.7323902e-02   7.3803651e-02   7.7323902e-02   7.7323902e-02   7.7323902e-02   7.7323902e-02
   8.2192930e-02   7.7323902e-02   7.3803651e-02   7.7323902e-02   7.7323902e-02   7.7323902e-02   7.7323902e-02
   8.8101888e-02   7.7323902e-02   7.3803651e-02   7.7323902e-02   7.7323902e-02   7.7323902e-02   7.7323902e-02
   9.4435649e-02   7.7323902e-02   7.3803651e-02   7.7323902e-02   7.7323902e-02   7.7323902e-02   7.7323902e-02
   1.0122475e-01   7.7323902e-02   7.3803651e-02   7.7323902e-02   7.7323902e-02   7.7323902e-02   7.7323902e-02
   1.0850193e-01   7.7323902e-02   7.3803651e-02   7.7323902e-02   7.7323902e-02   7.7323902e-02   7.7323902e-02
   1.1630228e-01   7.7323902e-02   7.3803651e-02   7.7323902e-02   7.7323902e-02   7.7323902e-02   7.7323902e-02
   1.2466341e-01   7.7323902e-02   7.3803651e-02   7.7323902e-02   7.7323902e-02   7.7323902e-02   7.7323902e-02
   1.3362562e-01   7.7323902e-02   7.3803651e-02   7.7323902e-02   7.7323902e-02   7.7323902e-02   7.7323902e-02
   1.4323214e-01   7.7323902e-02   7.3803651e-02   7.7323902e-02   7.7323902e-02   7.7323902e-02   7.7323902e-02
   1.5352929e-01   7.7323902e-02   7.3803651e-02   7.7323902e-02   7.7323902e-02   7.7323902e-02   7.7323902e-02
   1.6456672e-01   7.7323902e-02   7.3803651e-02   7.7323902e-02   7.7323902e-02   7.7323902e-02   7.7323902e-02
   1.7639763e-01   7.7323902e-02   7.3803651e-02   7.7323902e-02   7.7323902e-02   7.7323902e-02   7.7323902e-02
   1.8907909e-01   7.7323902e-02   7.3803651e-02   7.7323902e-02   7.7323902e-02   7.7323902e-02   7.7323902e-02
   2.0267224e-01   7.7323902e-02   7.3803651e-02   7.7323902e-02   7.7323902e-02   7.7323902e-02   7.7323902e-02
   2.1724261e-01   7.7323902e-02   7.3803651e-02   7.7323902e-02   7.7323902e-02   7.7323902e-02   7.7323902e-02
   2.3286047e-01   7.7323902e-02   7.3803651e-02   7.7323902e-02   7.7323902e-02   7.7323902e-02   7.7323902e-02
   2.4960112e-01   7.7323902e-02   7.3803651e-02   7.7323902e-02   7.7323902e-02   7.7323902e-02   7.7323902e-02
   2.6754527e-01   7.7323902e-02   7.3803651e-02   7.7323902e-02   7.7323902e-02   7.7323902e-02   7.7323902e-02
   2.8677945e-01   7.7323902e-02   7.3803651e-02   7.7323902e-02   7.7323902e-02   7.7323902e-02   7.7323902e-02
   3.0739641e-01   7.7323902e-02   7.3803651e-02   7.7323902e-02   7.7323902e-02   7.7323902e-02   7.7323902e-02
   3.2949554e-01   7.7323902e-02   7.3803651e-02   7.7323902e-02   7.7323902e-02   7.7323902e-02   7.7323902e-02
   3.5318341e-01   7.7323902e-02   7.3803651e-02   7.7323902e-02   7.7323902e-02   7.7323902e-02   7.7323902e-02
   3.7857423e-01   7.7323902e-02   7.3803651e-02   7.7323902e-02   7.7323902e-02   7.7323902e-02   7.7323902e-02
   4.0579043e-01   7.7323902e-02   7.3803651e-02   7.7323902e-02   7.7323902e-02   7.7323902e-02   7.7323902e-02
   4.3496324e-01   7.7323902e-02   7.3803651e-02   7.7323902e-02   7.7323902e-02   7.7323902e-02   7.7323902e-02
   4.6623332e-01   7.7323902e-02   7.3803651e-02   7.7323902e-02   7.7323902e-02   7.7323902e-02   7.7323902e-02
   4.9975145e-01   7.7323902e-02   7.3803651e-02   7.7323902e-02   7.7323902e-02   7.7323902e-02   7.7323902e-02
   5.3567924e-01   7.7323902e-02   7.3803651e-02   7.7323902e-02   7.7323902e-02   7.7323902e-02   7.7323902e-02
   5.7418993e-01   7.7323902e-02   7.3803651e-02   7.7323902e-02   7.7323902e-02   7.7323902e-02   7.7323902e-02
   6.1546920e-01   7.7323902e-02   7.3803651e-02   7.7323902e-02   7.7323902e-02   7.7323902e-02   7.7323902e-02
   6.5971609e-01   7.7323902e-02   7.3803651e-02   7.7323902e-02   7.7323902e-02   7.7323902e-02   7.7323902e-02
   7.0714395e-01   7.7323902e-02   7.3803651e-02   7.7323902e-02   7.7323902e-02   7.7323902e-02   7.7323902e-02
   7.5798146e-01   7.7323902e-02   7.3803651e-02   7.7323902e-02   7.7323902e-02   7.7323902e-02   7.7323902e-02
   8.1247375e-01   7.7323902e-02   7.3803651e-02   7.7323902e-02   7.7323902e-02   7.7323902e-02   7.7323902e-02
   8.7088356e-01   7.7323902e-02   7.3803651e-02   7.7323902e-02   7.7323902e-02   7.7323902e-02   7.7323902e-02
   9.3349252e-01   7.7323902e-02   7.3803651e-02   7.7323902e-02   7.7323902e-02   7.7323902e-02   7.7323902e-02
   1.0006025e+00   7.7323902e-02   7.3803651e-02   7.7323902e-02   7.7323902e-02   7.7323902e-02   7.7323902e-02
   1.0725372e+00   7.7323902e-02   7.3803651e-02   7.7323902e-02   7.7323902e-02   7.7323902e-02   7.7323902e-02
   1.1496433e+00   7.7323902e-02   7.3803651e-02   7.7323902e-02   7.7323902e-02   7.7323902e-02   7.7323902e-02
   1.2322927e+00   7.7323902e-02   7.3803651e-02   7.7323902e-02   7.7323902e-02   7.7323902e-02   7.7323902e-02
   1.3208838e+00   7.7323902e-02   7.3803651e-02   7.7323902e-02   7.7323902e-02   7.7323902e-02   7.7323902e-02
   1.4158439e+00   7.7323902e-02   7.3803651e-02   7.7323902e-02   7.7323902e-02   7.7323902e-02   7.7323902e-02
   1.5176308e+00   7.7323902e-02   7.3803651e-02   7.7323902e-02   7.7323902e-02   7.7323902e-02   7.7323902e-02
   1.6267352e+00   7.7323902e-02   7.3803651e-02   7.7323902e-02   7.7323902e-02   7.7323902e-02   7.7323902e-02
   1.7436834e+00   7.7323902e-02   7.3803651e-02   7.7323902e-02   7.7323902e-02   7.7323902e-02   7.7323902e-02
   1.8690391e+00   7.7323902e-02   7.3803651e-02   7.7323902e-02   7.7323902e-02   7.7323902e-02   7.7323902e-02
   2.0034068e+00   7.7323902e-02   7.3803651e-02   7.7323902e-02   7.7323902e-02   7.7323902e-02   7.7323902e-02
   2.1474343e+00   7.7323902e-02   7.3803651e-02   7.7323902e-02   7.7323902e-02   7.7323902e-02   7.7323902e-02
   2.3018162e+00   7.7323902e-02   7.3803651e-02   7.7323902e-02   7.7323902e-02   7.7323902e-02   7.7323902e-02
   2.4672968e+00   7.7323902e-02   7.3803651e-02   7.7323902e-02   7.7323902e-02   7.7323902e-02   7.7323902e-02
   2.6446740e+00   7.7323902e-02   7.3803651e-02   7.7323902e-02   7.7323902e-02   7.7323902e-02   7.7323902e-02
   2.8348031e+00   7.7323902e-02   7.3803651e-02   7.7323902e-02   7.7323902e-02   7.7323902e-02   7.7323902e-02
   3.0386009e+00   7.7323902e-02   7.3803651e-02   7.7323902e-02   7.7323902e-02   7.7323902e-02   7.7323902e-02
   3.2570499e+00   7.7323902e-02   7.3803651e-02   7.7323902e-02   7.7323902e-02   7.7323902e-02   7.7323902e-02
   3.4912035e+00   7.7323902e-02   7.3803651e-02   7.7323902e-02   7.7323902e-02   7.7323902e-02   7.7323902e-02
   3.7421907e+00   7.7323902e-02   7.3803651e-02   7.7323902e-02   7.7323902e-02   7.7323902e-02   7.7323902e-02
   4.0112218e+00   7.7323902e-02   7.3803651e-02   7.7323902e-02   7.7323902e-02   7.7323902e-02   7.7323902e-02
   4.2995938e+00   7.7323902e-02   7.3803651e-02   7.7323902e-02   7.7323902e-02   7.7323902e-02   7.7323902e-02
   4.6086973e+00   7.7323902e-02   7.3803651e-02   7.7323902e-02   7.7323902e-02   7.7323902e-02   7.7323902e-02
   4.9400226e+00   7.7323902e-02   7.3803651e-02   7.7323902e-02   7.7323902e-02   7.7323902e-02   7.7323902e-02
   5.2951673e+00   7.7323902e-02   7.3803651e-02   7.7323902e-02   7.7323902e-02   7.7323902e-02   7.7323902e-02
   5.6758439e+00   7.7323902e-02   7.3803651e-02   7.7323902e-02   7.7323902e-02   7.7323902e-02   7.7323902e-02
   6.0838878e+00   7.7323902e-02   7.3803651e-02   7.7323902e-02   7.7323902e-02   7.7323902e-02   7.7323902e-02
   6.5212665e+00   7.7323902e-02   7.3803651e-02   7.7323902e-02   7.7323902e-02   7.7323902e-02   7.7323902e-02
   6.9900890e+00   7.7323902e-02   7.3803651e-02   7.7323902e-02   7.7323902e-02   7.7323902e-02   7.7323902e-02
   7.4926157e+00   7.7323902e-02   7.3803651e-02   7.7323902e-02   7.7323902e-02   7.7323902e-02   7.7323902e-02
   8.0312697e+00   7.7381006e-02   7.3895995e-02   7.7370677e-02   7.7359117e-02   7.7502806e-02   7.7323902e-02
   8.6086483e+00   9.5030781e-02   1.0412264e-01   9.1586034e-02   8.7859993e-02   1.4428747e-01   7.7323902e-02
   9.2275354e+00   1.2065238e-01   1.5457213e-01   1.1139895e-01   1.0183601e-01   2.9137204e-01   7.7323902e-02
   9.8909151e+00   1.3463517e-01   1.8641687e-01   1.2166583e-01   1.0866167e-01   4.1593979e-01   7.7323902e-02
   1.0601986e+01   1.4411862e-01   2.1146675e-01   1.2825234e-01   1.1277039e-01   5.3943098e-01   7.7323902e-02
   1.1364177e+01   1.5178421e-01   2.3480927e-01   1.3328390e-01   1.1571209e-01   6.6627387e-01   7.7323902e-02
   1.2181162e+01   1.5878780e-01   2.5917591e-01   1.3762822e-01   1.1809162e-01   7.8564482e-01   7.7323902e-02
   1.3056882e+01   1.6581058e-01   2.8680258e-01   1.4174702e-01   1.2020527e-01   8.8039773e-01   7.7323902e-02
   1.3995559e+01   1.7338203e-01   3.2005545e-01   1.4594990e-01   1.2222674e-01   9.4172576e-01   7.7323902e-02
   1.5001718e+01   1.8201358e-01   3.6162619e-01   1.5049220e-01   1.2427578e-01   9.7458016e-01   7.7344169e-02
   1.6080211e+01   1.9227242e-01   4.1432003e-01   1.5562263e-01   1.2644863e-01   9.8977342e-01   9.3542785e-02
   1.7236239e+01   2.0483061e-01   4.8020056e-01   1.6161147e-01   1.2883342e-01   9.9611102e-01   1.1964061e-01
   1.8475375e+01   2.2049744e-01   5.5898077e-01   1.6877030e-01   1.3151893e-01   9.9857742e-01   1.3402429e-01
   1.9803594e+01   2.4023407e-01   6.4636437e-01   1.7746884e-01   1.3460103e-01   9.9949356e-01   1.4366160e-01
   2.1227300e+01   2.6508959e-01   7.3387278e-01   1.8812965e-01   1.3818123e-01   9.9982293e-01   1.5139013e-01
   2.2753359e+01   2.9602782e-01   8.1177964e-01   2.0119528e-01   1.4235846e-01   9.9993870e-01   1.5841022e-01
   2.4389128e+01   3.3381121e-01   8.7382286e-01   2.1714048e-01   1.4723876e-01   9.9997889e-01   1.6541783e-01
   2.6142495e+01   3.7879431e-01   9.1885351e-01   2.3645806e-01   1.5293820e-01   9.9999275e-01   1.7294651e-01
   2.8021913e+01   4.3068854e-01   9.4933032e-01   2.5962669e-01   1.5958373e-01   9.9999751e-01   1.8150646e-01
   3.0036445e+01   4.8838613e-01   9.6897604e-01   2.8706237e-01   1.6731307e-01   9.9999915e-01   1.9166039e-01
   3.2195805e+01   5.4994369e-01   9.8123987e-01   3.1905494e-01   1.7627400e-01   9.9999971e-01   2.0407371e-01
   3.4510404e+01   6.1278945e-01   9.8874160e-01   3.5569408e-01   1.8662232e-01   9.9999990e-01   2.1954763e-01
   3.6991402e+01   6.7413173e-01   9.9327350e-01   3.9679687e-01   1.9851847e-01   9.9999997e-01   2.3903522e-01
   3.9650763e+01   7.3144195e-01   9.9599099e-01   4.4185504e-01   2.1212261e-01   9.9999999e-01   2.6358559e-01
   4.2501309e+01   7.8284314e-01   9.9761348e-01   4.9002081e-01   2.2758778e-01   1.0000000e+00   2.9416951e-01
   4.5556784e+01   8.2728954e-01   9.9857988e-01   5.4014652e-01   2.4505064e-01   1.0000000e+00   3.3156522e-01
   4.8831921e+01   8.6453080e-01   9.9915485e-01   5.9088537e-01   2.6462179e-01   1.0000000e+00   3.7615607e-01
   5.2342512e+01   8.9492511e-01   9.9949677e-01   6.4082873e-01   2.8637270e-01   1.0000000e+00   4.2769404e-01
   5.6105484e+01   9.1920880e-01   9.9970013e-01   6.8866210e-01   3.1032410e-01   1.0000000e+00   4.8511823e-01
   6.0138982e+01   9.3828619e-01   9.9982113e-01   7.3329447e-01   3.3643283e-01   1.0000000e+00   5.4652751e-01
   6.4462452e+01   9.5308000e-01   9.9989317e-01   7.7394514e-01   3.6458353e-01   1.0000000e+00   6.0937530e-01
   6.9096743e+01   9.6443925e-01   9.9993610e-01   8.1016604e-01   3.9457965e-01   1.0000000e+00   6.7086931e-01
   7.4064199e+01   9.7309831e-01   9.9996171e-01   8.4182234e-01   4.2614661e-01   1.0000000e+00   7.2845510e-01
   7.9388772e+01   9.7966459e-01   9.9997701e-01   8.6903024e-01   4.5893494e-01   1.0000000e+00   7.8021339e-01
   8.5096136e+01   9.8462587e-01   9.9998616e-01   8.9208525e-01   4.9253331e-01   1.0000000e+00   8.2505224e-01
   9.1213809e+01   9.8836545e-01   9.9999165e-01   9.1139065e-01   5.2648535e-01   1.0000000e+00   8.6268178e-01
   9.7771290e+01   9.9118034e-01   9.9999494e-01   9.2740039e-01   5.6031607e-01   1.0000000e+00   8.9343301e-01
   1.0480020e+02   9.9329783e-01   9.9999693e-01   9.4057265e-01   5.9355247e-01   1.0000000e+00   9.1802741e-01
   1.1233442e+02   9.9489066e-01   9.9999812e-01   9.5134216e-01   6.2574961e-01   1.0000000e+00   9.3736436e-01
   1.2041029e+02   9.9608930e-01   9.9999885e-01   9.6010240e-01   6.5650759e-01   1.0000000e+00   9.5236883e-01
   1.2906675e+02   9.9699188e-01   9.9999929e-01   9.6719831e-01   6.8548489e-01   1.0000000e+00   9.6389522e-01
   1.3834553e+02   9.9767198e-01   9.9999956e-01   9.7292473e-01   7.1240344e-01   1.0000000e+00   9.7268482e-01
   1.4829137e+02   9.9818468e-01   9.9999972e-01   9.7752875e-01   7.3704674e-01   1.0000000e+00   9.7935169e-01
   1.5895223e+02   9.9857109e-01   9.9999982e-01   9.8121411e-01   7.5925214e-01   1.0000000e+00   9.8438980e-01
   1.7037951e+02   9.9886180e-01   9.9999989e-01   9.8414552e-01   7.7889349e-01   1.0000000e+00   9.8818766e-01
   1.8262832e+02   9.9907919e-01   9.9999992e-01   9.8645084e-01   7.9584082e-01   1.0000000e+00   9.9104658e-01
   1.9575771e+02   9.9923931e-01   9.9999995e-01   9.8822417e-01   8.0992273e-01   1.0000000e+00   9.9319722e-01
   2.0983099e+02   9.9935279e-01   9.9999996e-01   9.8952380e-01   8.2085671e-01   1.0000000e+00   9.9481499e-01
   2.2491602e+02   9.9942453e-01   9.9999997e-01   9.9036023e-01   8.2812087e-01   1.0000000e+00   9.9603234e-01
   2.4108553e+02   9.9945021e-01   9.9999997e-01   9.9065802e-01   8.3070192e-01   1.0000000e+00   9.9694898e-01
   2.5841749e+02   9.9945021e-01   9.9999997e-01   9.9065802e-01   8.3070192e-01   1.0000000e+00   9.9763965e-01
   2.7699546e+02   9.9945021e-01   9.9999997e-01   9.9065802e-01   8.3070192e-01   1.0000000e+00   9.9816031e-01
   2.9690903e+02   9.9945021e-01   9.9999997e-01   9.9065802e-01   8.3070192e-01   1.0000000e+00   9.9855273e-01
   3.1825421e+02   9.9945021e-01   9.9999997e-01   9.9065802e-01   8.3070192e-01   1.0000000e+00   9.9884800e-01
   3.4113393e+02   9.9945021e-01   9.9999997e-01   9.9065802e-01   8.3070192e-01   1.0000000e+00   9.9906892e-01
   3.6565850e+02   9.9945021e-01   9.9999997e-01   9.9065802e-01   8.3070192e-01   1.0000000e+00   9.9923185e-01
   3.9194617e+02   9.9945021e-01   9.9999997e-01   9.9065802e-01   8.3070192e-01   1.0000000e+00   9.9934768e-01
   4.2012369e+02   9.9945021e-01   9.9999997e-01   9.9065802e-01   8.3070192e-01   1.0000000e+00   9.9942170e-01
   4.5032694e+02   9.9945021e-01   9.9999997e-01   9.9065802e-01   8.3070192e-01   1.0000000e+00   9.9945021e-01
   4.8270154e+02   9.9945021e-01   9.9999997e-01   9.9065802e-01   8.3070192e-01   1.0000000e+00   9.9945021e-01
   5.1740359e+02   9.9945021e-01   9.9999997e-01   9.9065802e-01   8.3070192e-01   1.0000000e+00   9.9945021e-01
   5.5460042e+02   9.9945021e-01   9.9999997e-01   9.9065802e-01   8.3070192e-01   1.0000000e+00   9.9945021e-01
   5.9447137e+02   9.9945021e-01   9.9999997e-01   9.9065802e-01   8.3070192e-01   1.0000000e+00   9.9945021e-01
   6.3720870e+02   9.9945021e-01   9.9999997e-01   9.9065802e-01   8.3070192e-01   1.0000000e+00   9.9945021e-01
   6.8301848e+02   9.9945021e-01   9.9999997e-01   9.9065802e-01   8.3070192e-01   1.0000000e+00   9.9945021e-01
   7.3212158e+02   9.9945021e-01   9.9999997e-01   9.9065802e-01   8.3070192e-01   1.0000000e+00   9.9945021e-01
   7.8475476e+02   9.9945021e-01   9.9999997e-01   9.9065802e-01   8.3070192e-01   1.0000000e+00   9.9945021e-01
   8.4117182e+02   9.9945021e-01   9.9999997e-01   9.9065802e-01   8.3070192e-01   1.0000000e+00   9.9945021e-01
   9.0164477e+02   9.9945021e-01   9.9999997e-01   9.9065802e-01   8.3070192e-01   1.0000000e+00   9.9945021e-01
   9.6646520e+02   9.9945021e-01   9.9999997e-01   9.9065802e-01   8.3070192e-01   1.0000000e+00   9.9945021e-01
