S870 karim steep flat veryflat verysteep
   1.0359457e-03   9.9753779e-02   9.5311214e-02   9.9753779e-02   9.9753779e-02   9.9753779e-02
   1.1104212e-03   9.9753779e-02   9.5311214e-02   9.9753779e-02   9.9753779e-02   9.9753779e-02
   1.1902508e-03   9.9753779e-02   9.5311214e-02   9.9753779e-02   9.9753779e-02   9.9753779e-02
   1.2758195e-03   9.9753779e-02   9.5311214e-02   9.9753779e-02   9.9753779e-02   9.9753779e-02
   1.3675398e-03   9.9753779e-02   9.5311214e-02   9.9753779e-02   9.9753779e-02   9.9753779e-02
   1.4658541e-03   9.9753779e-02   9.5311214e-02   9.9753779e-02   9.9753779e-02   9.9753779e-02
   1.5712363e-03   9.9753779e-02   9.5311214e-02   9.9753779e-02   9.9753779e-02   9.9753779e-02
   1.6841945e-03   9.9753779e-02   9.5311214e-02   9.9753779e-02   9.9753779e-02   9.9753779e-02
   1.8052735e-03   9.9753779e-02   9.5311214e-02   9.9753779e-02   9.9753779e-02   9.9753779e-02
   1.9350570e-03   9.9753779e-02   9.5311214e-02   9.9753779e-02   9.9753779e-02   9.9753779e-02
   2.0741708e-03   9.9753779e-02   9.5311214e-02   9.9753779e-02   9.9753779e-02   9.9753779e-02
   2.2232857e-03   9.9753779e-02   9.5311214e-02   9.9753779e-02   9.9753779e-02   9.9753779e-02
   2.3831206e-03   9.9753779e-02   9.5311214e-02   9.9753779e-02   9.9753779e-02   9.9753779e-02
   2.5544463e-03   9.9753779e-02   9.5311214e-02   9.9753779e-02   9.9753779e-02   9.9753779e-02
   2.7380888e-03   9.9753779e-02   9.5311214e-02   9.9753779e-02   9.9753779e-02   9.9753779e-02
   2.9349336e-03   9.9753779e-02   9.5311214e-02   9.9753779e-02   9.9753779e-02   9.9753779e-02
   3.1459299e-03   9.9753779e-02   9.5311214e-02   9.9753779e-02   9.9753779e-02   9.9753779e-02
   3.3720949e-03   9.9753779e-02   9.5311214e-02   9.9753779e-02   9.9753779e-02   9.9753779e-02
   3.6145193e-03   9.9753779e-02   9.5311214e-02   9.9753779e-02   9.9753779e-02   9.9753779e-02
   3.8743718e-03   9.9753779e-02   9.5311214e-02   9.9753779e-02   9.9753779e-02   9.9753779e-02
   4.1529055e-03   9.9753779e-02   9.5311214e-02   9.9753779e-02   9.9753779e-02   9.9753779e-02
   4.4514634e-03   9.9753779e-02   9.5311214e-02   9.9753779e-02   9.9753779e-02   9.9753779e-02
   4.7714849e-03   9.9753779e-02   9.5311214e-02   9.9753779e-02   9.9753779e-02   9.9753779e-02
   5.1145133e-03   9.9753779e-02   9.5311214e-02   9.9753779e-02   9.9753779e-02   9.9753779e-02
   5.4822024e-03   9.9753779e-02   9.5311214e-02   9.9753779e-02   9.9753779e-02   9.9753779e-02
   5.8763252e-03   9.9753779e-02   9.5311214e-02   9.9753779e-02   9.9753779e-02   9.9753779e-02
   6.2987819e-03   9.9753779e-02   9.5311214e-02   9.9753779e-02   9.9753779e-02   9.9753779e-02
   6.7516097e-03   9.9753779e-02   9.5311214e-02   9.9753779e-02   9.9753779e-02   9.9753779e-02
   7.2369918e-03   9.9753779e-02   9.5311214e-02   9.9753779e-02   9.9753779e-02   9.9753779e-02
   7.7572687e-03   9.9753779e-02   9.5311214e-02   9.9753779e-02   9.9753779e-02   9.9753779e-02
   8.3149490e-03   9.9753779e-02   9.5311214e-02   9.9753779e-02   9.9753779e-02   9.9753779e-02
   8.9127216e-03   9.9753779e-02   9.5311214e-02   9.9753779e-02   9.9753779e-02   9.9753779e-02
   9.5534689e-03   9.9753779e-02   9.5311214e-02   9.9753779e-02   9.9753779e-02   9.9753779e-02
   1.0240280e-02   9.9753779e-02   9.5311214e-02   9.9753779e-02   9.9753779e-02   9.9753779e-02
   1.0976468e-02   9.9753779e-02   9.5311214e-02   9.9753779e-02   9.9753779e-02   9.9753779e-02
   1.1765580e-02   9.9753779e-02   9.5311214e-02   9.9753779e-02   9.9753779e-02   9.9753779e-02
   1.2611424e-02   9.9753779e-02   9.5311214e-02   9.9753779e-02   9.9753779e-02   9.9753779e-02
   1.3518075e-02   9.9753779e-02   9.5311214e-02   9.9753779e-02   9.9753779e-02   9.9753779e-02
   1.4489908e-02   9.9753779e-02   9.5311214e-02   9.9753779e-02   9.9753779e-02   9.9753779e-02
   1.5531606e-02   9.9753779e-02   9.5311214e-02   9.9753779e-02   9.9753779e-02   9.9753779e-02
   1.6648194e-02   9.9753779e-02   9.5311214e-02   9.9753779e-02   9.9753779e-02   9.9753779e-02
   1.7845055e-02   9.9753779e-02   9.5311214e-02   9.9753779e-02   9.9753779e-02   9.9753779e-02
   1.9127959e-02   9.9753779e-02   9.5311214e-02   9.9753779e-02   9.9753779e-02   9.9753779e-02
   2.0503093e-02   9.9753779e-02   9.5311214e-02   9.9753779e-02   9.9753779e-02   9.9753779e-02
   2.1977088e-02   9.9753779e-02   9.5311214e-02   9.9753779e-02   9.9753779e-02   9.9753779e-02
   2.3557050e-02   9.9753779e-02   9.5311214e-02   9.9753779e-02   9.9753779e-02   9.9753779e-02
   2.5250597e-02   9.9753779e-02   9.5311214e-02   9.9753779e-02   9.9753779e-02   9.9753779e-02
   2.7065896e-02   9.9753779e-02   9.5311214e-02   9.9753779e-02   9.9753779e-02   9.9753779e-02
   2.9011699e-02   9.9753779e-02   9.5311214e-02   9.9753779e-02   9.9753779e-02   9.9753779e-02
   3.1097388e-02   9.9753779e-02   9.5311214e-02   9.9753779e-02   9.9753779e-02   9.9753779e-02
   3.3333020e-02   9.9753779e-02   9.5311214e-02   9.9753779e-02   9.9753779e-02   9.9753779e-02
   3.5729375e-02   9.9753779e-02   9.5311214e-02   9.9753779e-02   9.9753779e-02   9.9753779e-02
   3.8298007e-02   9.9753779e-02   9.5311214e-02   9.9753779e-02   9.9753779e-02   9.9753779e-02
   4.1051301e-02   9.9753779e-02   9.5311214e-02   9.9753779e-02   9.9753779e-02   9.9753779e-02
   4.4002533e-02   9.9753779e-02   9.5311214e-02   9.9753779e-02   9.9753779e-02   9.9753779e-02
   4.7165933e-02   9.9753779e-02   9.5311214e-02   9.9753779e-02   9.9753779e-02   9.9753779e-02
   5.0556754e-02   9.9753779e-02   9.5311214e-02   9.9753779e-02   9.9753779e-02   9.9753779e-02
   5.4191346e-02   9.9753779e-02   9.5311214e-02   9.9753779e-02   9.9753779e-02   9.9753779e-02
   5.8087234e-02   9.9753779e-02   9.5311214e-02   9.9753779e-02   9.9753779e-02   9.9753779e-02
   6.2263201e-02   9.9753779e-02   9.5311214e-02   9.9753779e-02   9.9753779e-02   9.9753779e-02
   6.6739385e-02   9.9753779e-02   9.5311214e-02   9.9753779e-02   9.9753779e-02   9.9753779e-02
   7.1537368e-02   9.9753779e-02   9.5311214e-02   9.9753779e-02   9.9753779e-02   9.9753779e-02
   7.6680283e-02   9.9753779e-02   9.5311214e-02   9.9753779e-02   9.9753779e-02   9.9753779e-02
   8.2192930e-02   9.9753779e-02   9.5311214e-02   9.9753779e-02   9.9753779e-02   9.9753779e-02
   8.8101888e-02   9.9753779e-02   9.5311214e-02   9.9753779e-02   9.9753779e-02   9.9753779e-02
   9.4435649e-02   9.9753779e-02   9.5311214e-02   9.9753779e-02   9.9753779e-02   9.9753779e-02
   1.0122475e-01   9.9753779e-02   9.5311214e-02   9.9753779e-02   9.9753779e-02   9.9753779e-02
   1.0850193e-01   9.9753779e-02   9.5311214e-02   9.9753779e-02   9.9753779e-02   9.9753779e-02
   1.1630228e-01   9.9753779e-02   9.5311214e-02   9.9753779e-02   9.9753779e-02   9.9753779e-02
   1.2466341e-01   9.9753779e-02   9.5311214e-02   9.9753779e-02   9.9753779e-02   9.9753779e-02
   1.3362562e-01   9.9753779e-02   9.5311214e-02   9.9753779e-02   9.9753779e-02   9.9753779e-02
   1.4323214e-01   9.9753779e-02   9.5311214e-02   9.9753779e-02   9.9753779e-02   9.9753779e-02
   1.5352929e-01   9.9753779e-02   9.5311214e-02   9.9753779e-02   9.9753779e-02   9.9753779e-02
   1.6456672e-01   9.9753779e-02   9.5311214e-02   9.9753779e-02   9.9753779e-02   9.9753779e-02
   1.7639763e-01   9.9753779e-02   9.5311214e-02   9.9753779e-02   9.9753779e-02   9.9753779e-02
   1.8907909e-01   9.9753779e-02   9.5311214e-02   9.9753779e-02   9.9753779e-02   9.9753779e-02
   2.0267224e-01   9.9753779e-02   9.5311214e-02   9.9753779e-02   9.9753779e-02   9.9753779e-02
   2.1724261e-01   9.9753779e-02   9.5311214e-02   9.9753779e-02   9.9753779e-02   9.9753779e-02
   2.3286047e-01   9.9753779e-02   9.5311214e-02   9.9753779e-02   9.9753779e-02   9.9753779e-02
   2.4960112e-01   9.9753779e-02   9.5311214e-02   9.9753779e-02   9.9753779e-02   9.9753779e-02
   2.6754527e-01   9.9753779e-02   9.5311214e-02   9.9753779e-02   9.9753779e-02   9.9753779e-02
   2.8677945e-01   9.9753779e-02   9.5311214e-02   9.9753779e-02   9.9753779e-02   9.9753779e-02
   3.0739641e-01   9.9753779e-02   9.5311214e-02   9.9753779e-02   9.9753779e-02   9.9753779e-02
   3.2949554e-01   9.9753779e-02   9.5311214e-02   9.9753779e-02   9.9753779e-02   9.9753779e-02
   3.5318341e-01   9.9753779e-02   9.5311214e-02   9.9753779e-02   9.9753779e-02   9.9753779e-02
   3.7857423e-01   9.9753779e-02   9.5311214e-02   9.9753779e-02   9.9753779e-02   9.9753779e-02
   4.0579043e-01   9.9753779e-02   9.5311214e-02   9.9753779e-02   9.9753779e-02   9.9753779e-02
   4.3496324e-01   9.9753779e-02   9.5311214e-02   9.9753779e-02   9.9753779e-02   9.9753779e-02
   4.6623332e-01   9.9753779e-02   9.5311214e-02   9.9753779e-02   9.9753779e-02   9.9753779e-02
   4.9975145e-01   9.9753779e-02   9.5311214e-02   9.9753779e-02   9.9753779e-02   9.9753779e-02
   5.3567924e-01   9.9753779e-02   9.5311214e-02   9.9753779e-02   9.9753779e-02   9.9753779e-02
   5.7418993e-01   9.9753779e-02   9.5311214e-02   9.9753779e-02   9.9753779e-02   9.9753779e-02
   6.1546920e-01   9.9753779e-02   9.5311214e-02   9.9753779e-02   9.9753779e-02   9.9753779e-02
   6.5971609e-01   9.9753779e-02   9.5311214e-02   9.9753779e-02   9.9753779e-02   9.9753779e-02
   7.0714395e-01   9.9753779e-02   9.5311214e-02   9.9753779e-02   9.9753779e-02   9.9753779e-02
   7.5798146e-01   9.9753779e-02   9.5311214e-02   9.9753779e-02   9.9753779e-02   9.9753779e-02
   8.1247375e-01   9.9753779e-02   9.5311214e-02   9.9753779e-02   9.9753779e-02   9.9753779e-02
   8.7088356e-01   9.9753779e-02   9.5311214e-02   9.9753779e-02   9.9753779e-02   9.9753779e-02
   9.3349252e-01   9.9753779e-02   9.5311214e-02   9.9753779e-02   9.9753779e-02   9.9753779e-02
   1.0006025e+00   9.9753779e-02   9.5311214e-02   9.9753779e-02   9.9753779e-02   9.9753779e-02
   1.0725372e+00   9.9753779e-02   9.5311214e-02   9.9753779e-02   9.9753779e-02   9.9753779e-02
   1.1496433e+00   9.9753779e-02   9.5311214e-02   9.9753779e-02   9.9753779e-02   9.9753779e-02
   1.2322927e+00   9.9753779e-02   9.5311214e-02   9.9753779e-02   9.9753779e-02   9.9753779e-02
   1.3208838e+00   9.9753779e-02   9.5311214e-02   9.9753779e-02   9.9753779e-02   9.9753779e-02
   1.4158439e+00   9.9753779e-02   9.5311214e-02   9.9753779e-02   9.9753779e-02   9.9753779e-02
   1.5176308e+00   9.9753779e-02   9.5311214e-02   9.9753779e-02   9.9753779e-02   9.9753779e-02
   1.6267352e+00   9.9753779e-02   9.5311214e-02   9.9753779e-02   9.9753779e-02   9.9753779e-02
   1.7436834e+00   9.9753779e-02   9.5311214e-02   9.9753779e-02   9.9753779e-02   9.9753779e-02
   1.8690391e+00   9.9753779e-02   9.5311214e-02   9.9753779e-02   9.9753779e-02   9.9753779e-02
   2.0034068e+00   9.9753779e-02   9.5311214e-02   9.9753779e-02   9.9753779e-02   9.9753779e-02
   2.1474343e+00   9.9753779e-02   9.5311214e-02   9.9753779e-02   9.9753779e-02   9.9753779e-02
   2.3018162e+00   9.9753779e-02   9.5311214e-02   9.9753779e-02   9.9753779e-02   9.9753779e-02
   2.4672968e+00   9.9753779e-02   9.5311214e-02   9.9753779e-02   9.9753779e-02   9.9753779e-02
   2.6446740e+00   9.9753779e-02   9.5311214e-02   9.9753779e-02   9.9753779e-02   9.9753779e-02
   2.8348031e+00   9.9753779e-02   9.5311214e-02   9.9753779e-02   9.9753779e-02   9.9753779e-02
   3.0386009e+00   9.9753779e-02   9.5311214e-02   9.9753779e-02   9.9753779e-02   9.9753779e-02
   3.2570499e+00   9.9753779e-02   9.5311214e-02   9.9753779e-02   9.9753779e-02   9.9753779e-02
   3.4912035e+00   9.9753779e-02   9.5311214e-02   9.9753779e-02   9.9753779e-02   9.9753779e-02
   3.7421907e+00   9.9753779e-02   9.5311214e-02   9.9753779e-02   9.9753779e-02   9.9753779e-02
   4.0112218e+00   9.9753779e-02   9.5311214e-02   9.9753779e-02   9.9753779e-02   9.9753779e-02
   4.2995938e+00   9.9753779e-02   9.5311214e-02   9.9753779e-02   9.9753779e-02   9.9753779e-02
   4.6086973e+00   9.9753779e-02   9.5311214e-02   9.9753779e-02   9.9753779e-02   9.9753779e-02
   4.9400226e+00   9.9753779e-02   9.5311214e-02   9.9753779e-02   9.9753779e-02   9.9753779e-02
   5.2951673e+00   9.9753779e-02   9.5311214e-02   9.9753779e-02   9.9753779e-02   9.9753779e-02
   5.6758439e+00   9.9753779e-02   9.5311214e-02   9.9753779e-02   9.9753779e-02   9.9753779e-02
   6.0838878e+00   9.9753779e-02   9.5311214e-02   9.9753779e-02   9.9753779e-02   9.9753779e-02
   6.5212665e+00   9.9753779e-02   9.5311214e-02   9.9753779e-02   9.9753779e-02   9.9753779e-02
   6.9900890e+00   9.9753779e-02   9.5311214e-02   9.9753779e-02   9.9753779e-02   9.9753779e-02
   7.4926157e+00   9.9753779e-02   9.5311214e-02   9.9753779e-02   9.9753779e-02   9.9753779e-02
   8.0312697e+00   9.9795179e-02   9.5378335e-02   9.9787697e-02   9.9779320e-02   9.9883170e-02
   8.6086483e+00   1.2007874e-01   1.2983539e-01   1.1617039e-01   1.1191881e-01   1.7394104e-01
   9.2275354e+00   1.5140793e-01   1.9023362e-01   1.4054593e-01   1.2922846e-01   3.3949747e-01
   9.8909151e+00   1.6868255e-01   2.2828445e-01   1.5334336e-01   1.3781724e-01   4.7338628e-01
   1.0601986e+01   1.8048432e-01   2.5811604e-01   1.6163116e-01   1.4304660e-01   5.9916709e-01
   1.1364177e+01   1.9007387e-01   2.8577234e-01   1.6800775e-01   1.4682355e-01   7.2050916e-01
   1.2181162e+01   1.9886167e-01   3.1440737e-01   1.7354055e-01   1.4989840e-01   8.2717345e-01
   1.3056882e+01   2.0767727e-01   3.4646566e-01   1.7879921e-01   1.5264063e-01   9.0657990e-01
   1.3995559e+01   2.1715922e-01   3.8434084e-01   1.8416531e-01   1.5526755e-01   9.5545650e-01
   1.5001718e+01   2.2791599e-01   4.3048916e-01   1.8995284e-01   1.5792966e-01   9.8080368e-01
   1.6080211e+01   2.4060786e-01   4.8703847e-01   1.9646500e-01   1.6074791e-01   9.9231962e-01
   1.7236239e+01   2.5599565e-01   5.5479727e-01   2.0402723e-01   1.6383278e-01   9.9708434e-01
   1.8475375e+01   2.7496276e-01   6.3184447e-01   2.1300895e-01   1.6729515e-01   9.9893328e-01
   1.9803594e+01   2.9850449e-01   7.1269265e-01   2.2383890e-01   1.7125357e-01   9.9961984e-01
   2.1227300e+01   3.2764903e-01   7.8936351e-01   2.3700635e-01   1.7583700e-01   9.9986699e-01
   2.2753359e+01   3.6321339e-01   8.5439208e-01   2.5300957e-01   1.8117209e-01   9.9995396e-01
   2.4389128e+01   4.0562323e-01   9.0415769e-01   2.7234944e-01   1.8739075e-01   9.9998416e-01
   2.6142495e+01   4.5470173e-01   9.3920418e-01   2.9550537e-01   1.9463494e-01   9.9999457e-01
   2.8021913e+01   5.0948274e-01   9.6241754e-01   3.2288402e-01   2.0305651e-01   9.9999814e-01
   3.0036445e+01   5.6816865e-01   9.7715832e-01   3.5475165e-01   2.1281572e-01   9.9999936e-01
   3.2195805e+01   6.2831426e-01   9.8626499e-01   3.9116018e-01   2.2407909e-01   9.9999978e-01
   3.4510404e+01   6.8720883e-01   9.9179395e-01   4.3187188e-01   2.3701378e-01   9.9999993e-01
   3.6991402e+01   7.4236038e-01   9.9511538e-01   4.7631440e-01   2.5178205e-01   9.9999997e-01
   3.9650763e+01   7.9189248e-01   9.9709816e-01   5.2357596e-01   2.6853231e-01   9.9999999e-01
   4.2501309e+01   8.3474193e-01   9.9827760e-01   5.7246224e-01   2.8738930e-01   1.0000000e+00
   4.5556784e+01   8.7063008e-01   9.9897784e-01   6.2160560e-01   3.0844091e-01   1.0000000e+00
   4.8831921e+01   8.9988881e-01   9.9939323e-01   6.6961846e-01   3.3172669e-01   1.0000000e+00
   5.2342512e+01   9.2322635e-01   9.9963958e-01   7.1524090e-01   3.5722216e-01   1.0000000e+00
   5.6105484e+01   9.4152235e-01   9.9978572e-01   7.5746817e-01   3.8482916e-01   1.0000000e+00
   6.0138982e+01   9.5567674e-01   9.9987247e-01   7.9562162e-01   4.1436969e-01   1.0000000e+00
   6.4462452e+01   9.6651698e-01   9.9992399e-01   8.2935370e-01   4.4557991e-01   1.0000000e+00
   6.9096743e+01   9.7475780e-01   9.9995463e-01   8.5861629e-01   4.7811892e-01   1.0000000e+00
   7.4064199e+01   9.8098927e-01   9.9997287e-01   8.8359185e-01   5.1157930e-01   1.0000000e+00
   7.9388772e+01   9.8568395e-01   9.9998374e-01   9.0461851e-01   5.4550548e-01   1.0000000e+00
   8.5096136e+01   9.8921211e-01   9.9999023e-01   9.2212046e-01   5.7941549e-01   1.0000000e+00
   9.1213809e+01   9.9185971e-01   9.9999412e-01   9.3655440e-01   6.1282899e-01   1.0000000e+00
   9.7771290e+01   9.9384505e-01   9.9999645e-01   9.4836950e-01   6.4529067e-01   1.0000000e+00
   1.0480020e+02   9.9533371e-01   9.9999784e-01   9.5798445e-01   6.7639671e-01   1.0000000e+00
   1.1233442e+02   9.9645040e-01   9.9999869e-01   9.6577328e-01   7.0580921e-01   1.0000000e+00
   1.2041029e+02   9.9728868e-01   9.9999920e-01   9.7205982e-01   7.3326232e-01   1.0000000e+00
   1.2906675e+02   9.9791852e-01   9.9999950e-01   9.7711881e-01   7.5856535e-01   1.0000000e+00
   1.3834553e+02   9.9839226e-01   9.9999969e-01   9.8117976e-01   7.8160022e-01   1.0000000e+00
   1.4829137e+02   9.9874883e-01   9.9999981e-01   9.8443041e-01   8.0230251e-01   1.0000000e+00
   1.5895223e+02   9.9901712e-01   9.9999988e-01   9.8702245e-01   8.2064586e-01   1.0000000e+00
   1.7037951e+02   9.9921850e-01   9.9999992e-01   9.8907586e-01   8.3661676e-01   1.0000000e+00
   1.8262832e+02   9.9936870e-01   9.9999995e-01   9.9068411e-01   8.5019786e-01   1.0000000e+00
   1.9575771e+02   9.9947903e-01   9.9999996e-01   9.9191651e-01   8.6133782e-01   1.0000000e+00
   2.0983099e+02   9.9955707e-01   9.9999997e-01   9.9281696e-01   8.6989698e-01   1.0000000e+00
   2.2491602e+02   9.9960640e-01   9.9999998e-01   9.9339609e-01   8.7554827e-01   1.0000000e+00
   2.4108553e+02   9.9962415e-01   9.9999998e-01   9.9360330e-01   8.7756049e-01   1.0000000e+00
   2.5841749e+02   9.9962415e-01   9.9999998e-01   9.9360330e-01   8.7756049e-01   1.0000000e+00
   2.7699546e+02   9.9962415e-01   9.9999998e-01   9.9360330e-01   8.7756049e-01   1.0000000e+00
   2.9690903e+02   9.9962415e-01   9.9999998e-01   9.9360330e-01   8.7756049e-01   1.0000000e+00
   3.1825421e+02   9.9962415e-01   9.9999998e-01   9.9360330e-01   8.7756049e-01   1.0000000e+00
   3.4113393e+02   9.9962415e-01   9.9999998e-01   9.9360330e-01   8.7756049e-01   1.0000000e+00
   3.6565850e+02   9.9962415e-01   9.9999998e-01   9.9360330e-01   8.7756049e-01   1.0000000e+00
   3.9194617e+02   9.9962415e-01   9.9999998e-01   9.9360330e-01   8.7756049e-01   1.0000000e+00
   4.2012369e+02   9.9962415e-01   9.9999998e-01   9.9360330e-01   8.7756049e-01   1.0000000e+00
   4.5032694e+02   9.9962415e-01   9.9999998e-01   9.9360330e-01   8.7756049e-01   1.0000000e+00
   4.8270154e+02   9.9962415e-01   9.9999998e-01   9.9360330e-01   8.7756049e-01   1.0000000e+00
   5.1740359e+02   9.9962415e-01   9.9999998e-01   9.9360330e-01   8.7756049e-01   1.0000000e+00
   5.5460042e+02   9.9962415e-01   9.9999998e-01   9.9360330e-01   8.7756049e-01   1.0000000e+00
   5.9447137e+02   9.9962415e-01   9.9999998e-01   9.9360330e-01   8.7756049e-01   1.0000000e+00
   6.3720870e+02   9.9962415e-01   9.9999998e-01   9.9360330e-01   8.7756049e-01   1.0000000e+00
   6.8301848e+02   9.9962415e-01   9.9999998e-01   9.9360330e-01   8.7756049e-01   1.0000000e+00
   7.3212158e+02   9.9962415e-01   9.9999998e-01   9.9360330e-01   8.7756049e-01   1.0000000e+00
   7.8475476e+02   9.9962415e-01   9.9999998e-01   9.9360330e-01   8.7756049e-01   1.0000000e+00
   8.4117182e+02   9.9962415e-01   9.9999998e-01   9.9360330e-01   8.7756049e-01   1.0000000e+00
   9.0164477e+02   9.9962415e-01   9.9999998e-01   9.9360330e-01   8.7756049e-01   1.0000000e+00
   9.6646520e+02   9.9962415e-01   9.9999998e-01   9.9360330e-01   8.7756049e-01   1.0000000e+00
