S870 bestfit flat steep
   1.0359457e-03   1.1941289e-02   9.2831175e-03   1.5106310e-02
   1.1104212e-03   1.1941313e-02   9.2831316e-03   1.5106349e-02
   1.1902508e-03   1.1941339e-02   9.2831468e-03   1.5106391e-02
   1.2758195e-03   1.1941367e-02   9.2831631e-03   1.5106436e-02
   1.3675398e-03   1.1941396e-02   9.2831805e-03   1.5106484e-02
   1.4658541e-03   1.1941428e-02   9.2831992e-03   1.5106535e-02
   1.5712363e-03   1.1941462e-02   9.2832193e-03   1.5106591e-02
   1.6841945e-03   1.1941498e-02   9.2832408e-03   1.5106650e-02
   1.8052735e-03   1.1941538e-02   9.2832638e-03   1.5106713e-02
   1.9350570e-03   1.1941579e-02   9.2832885e-03   1.5106781e-02
   2.0741708e-03   1.1941624e-02   9.2833149e-03   1.5106854e-02
   2.2232857e-03   1.1941672e-02   9.2833433e-03   1.5106932e-02
   2.3831206e-03   1.1941724e-02   9.2833737e-03   1.5107015e-02
   2.5544463e-03   1.1941779e-02   9.2834063e-03   1.5107105e-02
   2.7380888e-03   1.1941839e-02   9.2834412e-03   1.5107201e-02
   2.9349336e-03   1.1941902e-02   9.2834787e-03   1.5107304e-02
   3.1459299e-03   1.1941970e-02   9.2835188e-03   1.5107414e-02
   3.3720949e-03   1.1942043e-02   9.2835618e-03   1.5107533e-02
   3.6145193e-03   1.1942122e-02   9.2836079e-03   1.5107660e-02
   3.8743718e-03   1.1942206e-02   9.2836574e-03   1.5107796e-02
   4.1529055e-03   1.1942296e-02   9.2837103e-03   1.5107941e-02
   4.4514634e-03   1.1942392e-02   9.2837671e-03   1.5108098e-02
   4.7714849e-03   1.1942495e-02   9.2838280e-03   1.5108265e-02
   5.1145133e-03   1.1942606e-02   9.2838932e-03   1.5108445e-02
   5.4822024e-03   1.1942725e-02   9.2839632e-03   1.5108637e-02
   5.8763252e-03   1.1942852e-02   9.2840382e-03   1.5108843e-02
   6.2987819e-03   1.1942989e-02   9.2841185e-03   1.5109064e-02
   6.7516097e-03   1.1943135e-02   9.2842047e-03   1.5109301e-02
   7.2369918e-03   1.1943292e-02   9.2842970e-03   1.5109555e-02
   7.7572687e-03   1.1943460e-02   9.2843960e-03   1.5109828e-02
   8.3149490e-03   1.1943640e-02   9.2845021e-03   1.5110119e-02
   8.9127216e-03   1.1943833e-02   9.2846158e-03   1.5110432e-02
   9.5534689e-03   1.1944040e-02   9.2847377e-03   1.5110768e-02
   1.0240280e-02   1.1944262e-02   9.2848683e-03   1.5111127e-02
   1.0976468e-02   1.1944499e-02   9.2850084e-03   1.5111513e-02
   1.1765580e-02   1.1944754e-02   9.2851585e-03   1.5111926e-02
   1.2611424e-02   1.1945028e-02   9.2853194e-03   1.5112368e-02
   1.3518075e-02   1.1945320e-02   9.2854919e-03   1.5112843e-02
   1.4489908e-02   1.1945634e-02   9.2856768e-03   1.5113352e-02
   1.5531606e-02   1.1945971e-02   9.2858750e-03   1.5113897e-02
   1.6648194e-02   1.1946332e-02   9.2860875e-03   1.5114482e-02
   1.7845055e-02   1.1946718e-02   9.2863152e-03   1.5115108e-02
   1.9127959e-02   1.1947133e-02   9.2865593e-03   1.5115780e-02
   2.0503093e-02   1.1947577e-02   9.2868210e-03   1.5116500e-02
   2.1977088e-02   1.1948053e-02   9.2871015e-03   1.5117272e-02
   2.3557050e-02   1.1948564e-02   9.2874021e-03   1.5118100e-02
   2.5250597e-02   1.1949111e-02   9.2877244e-03   1.5118987e-02
   2.7065896e-02   1.1949698e-02   9.2880699e-03   1.5119938e-02
   2.9011699e-02   1.1950327e-02   9.2884402e-03   1.5120957e-02
   3.1097388e-02   1.1951001e-02   9.2888372e-03   1.5122050e-02
   3.3333020e-02   1.1951723e-02   9.2892627e-03   1.5123221e-02
   3.5729375e-02   1.1952498e-02   9.2897188e-03   1.5124477e-02
   3.8298007e-02   1.1953328e-02   9.2902078e-03   1.5125823e-02
   4.1051301e-02   1.1954219e-02   9.2907319e-03   1.5127266e-02
   4.4002533e-02   1.1955173e-02   9.2912938e-03   1.5128813e-02
   4.7165933e-02   1.1956196e-02   9.2918961e-03   1.5130472e-02
   5.0556754e-02   1.1957292e-02   9.2925417e-03   1.5132250e-02
   5.4191346e-02   1.1958468e-02   9.2932338e-03   1.5134156e-02
   5.8087234e-02   1.1959728e-02   9.2939758e-03   1.5136199e-02
   6.2263201e-02   1.1961079e-02   9.2947711e-03   1.5138390e-02
   6.6739385e-02   1.1962527e-02   9.2956237e-03   1.5140739e-02
   7.1537368e-02   1.1964080e-02   9.2965377e-03   1.5143258e-02
   7.6680283e-02   1.1965745e-02   9.2975175e-03   1.5145958e-02
   8.2192930e-02   1.1967529e-02   9.2985679e-03   1.5148852e-02
   8.8101888e-02   1.1969442e-02   9.2996940e-03   1.5151956e-02
   9.4435649e-02   1.1971493e-02   9.3009011e-03   1.5155284e-02
   1.0122475e-01   1.1973692e-02   9.3021953e-03   1.5158852e-02
   1.0850193e-01   1.1976050e-02   9.3035827e-03   1.5162678e-02
   1.1630228e-01   1.1978578e-02   9.3050700e-03   1.5166781e-02
   1.2466341e-01   1.1981288e-02   9.3066647e-03   1.5171180e-02
   1.3362562e-01   1.1984194e-02   9.3083742e-03   1.5175897e-02
   1.4323214e-01   1.1987309e-02   9.3102071e-03   1.5180956e-02
   1.5352929e-01   1.1990650e-02   9.3121722e-03   1.5186381e-02
   1.6456672e-01   1.1994232e-02   9.3142791e-03   1.5192199e-02
   1.7639763e-01   1.1998073e-02   9.3165380e-03   1.5198438e-02
   1.8907909e-01   1.2002192e-02   9.3189600e-03   1.5205130e-02
   2.0267224e-01   1.2006609e-02   9.3215569e-03   1.5212307e-02
   2.1724261e-01   1.2011345e-02   9.3243413e-03   1.5220006e-02
   2.3286047e-01   1.2016424e-02   9.3273270e-03   1.5228263e-02
   2.4960112e-01   1.2021871e-02   9.3305285e-03   1.5237121e-02
   2.6754527e-01   1.2027714e-02   9.3339614e-03   1.5246624e-02
   2.8677945e-01   1.2033979e-02   9.3376428e-03   1.5256819e-02
   3.0739641e-01   1.2040700e-02   9.3415905e-03   1.5267757e-02
   3.2949554e-01   1.2047909e-02   9.3458242e-03   1.5279493e-02
   3.5318341e-01   1.2055641e-02   9.3503645e-03   1.5292087e-02
   3.7857423e-01   1.2063936e-02   9.3552340e-03   1.5305602e-02
   4.0579043e-01   1.2072835e-02   9.3604566e-03   1.5320106e-02
   4.3496324e-01   1.2082382e-02   9.3660583e-03   1.5335674e-02
   4.6623332e-01   1.2092625e-02   9.3720668e-03   1.5352385e-02
   4.9975145e-01   1.2103616e-02   9.3785120e-03   1.5370324e-02
   5.3567924e-01   1.2115411e-02   9.3854260e-03   1.5389586e-02
   5.7418993e-01   1.2128068e-02   9.3928433e-03   1.5410268e-02
   6.1546920e-01   1.2141653e-02   9.4008011e-03   1.5432479e-02
   6.5971609e-01   1.2156234e-02   9.4093392e-03   1.5456336e-02
   7.0714395e-01   1.2171886e-02   9.4185006e-03   1.5481964e-02
   7.5798146e-01   1.2188691e-02   9.4283317e-03   1.5509498e-02
   8.1247375e-01   1.2206734e-02   9.4388821e-03   1.5539086e-02
   8.7088356e-01   1.2226109e-02   9.4502055e-03   1.5570887e-02
   9.3349252e-01   1.2246917e-02   9.4623596e-03   1.5605073e-02
   1.0006025e+00   1.2269268e-02   9.4754067e-03   1.5641831e-02
   1.0725372e+00   1.2293279e-02   9.4894138e-03   1.5681363e-02
   1.1496433e+00   1.2319079e-02   9.5044534e-03   1.5723889e-02
   1.2322927e+00   1.2346804e-02   9.5206036e-03   1.5769648e-02
   1.3208838e+00   1.2376605e-02   9.5379485e-03   1.5818899e-02
   1.4158439e+00   1.2408643e-02   9.5565791e-03   1.5871926e-02
   1.5176308e+00   1.2443094e-02   9.5765939e-03   1.5929037e-02
   1.6267352e+00   1.2480148e-02   9.5980992e-03   1.5990568e-02
   1.7436834e+00   1.2520011e-02   9.6212099e-03   1.6056886e-02
   1.8690391e+00   1.2562908e-02   9.6460505e-03   1.6128393e-02
   2.0034068e+00   1.2609083e-02   9.6727559e-03   1.6205531e-02
   2.1474343e+00   1.2658803e-02   9.7014721e-03   1.6288780e-02
   2.3018162e+00   1.2712356e-02   9.7323578e-03   1.6378674e-02
   2.4672968e+00   1.2770060e-02   9.7655850e-03   1.6475795e-02
   2.6446740e+00   1.2832259e-02   9.8013407e-03   1.6580788e-02
   2.8348031e+00   1.2899333e-02   9.8398282e-03   1.6694365e-02
   3.0386009e+00   1.2971694e-02   9.8812691e-03   1.6817314e-02
   3.2570499e+00   1.3049797e-02   9.9259044e-03   1.6950509e-02
   3.4912035e+00   1.3134143e-02   9.9739975e-03   1.7094925e-02
   3.7421907e+00   1.3225279e-02   1.0025836e-02   1.7251644e-02
   4.0112218e+00   1.3323813e-02   1.0081733e-02   1.7421882e-02
   4.2995938e+00   1.3430412e-02   1.0142035e-02   1.7606997e-02
   4.6086973e+00   1.3545820e-02   1.0207118e-02   1.7808519e-02
   4.9400226e+00   1.3670856e-02   1.0277396e-02   1.8028176e-02
   5.2951673e+00   1.3806435e-02   1.0353326e-02   1.8267922e-02
   5.6758439e+00   1.3953576e-02   1.0435410e-02   1.8529981e-02
   6.0838878e+00   1.4113415e-02   1.0524202e-02   1.8816888e-02
   6.5212665e+00   1.4287229e-02   1.0620316e-02   1.9131552e-02
   6.9900890e+00   1.4476451e-02   1.0724430e-02   1.9477320e-02
   7.4926157e+00   1.4682695e-02   1.0837298e-02   1.9858066e-02
   8.0312697e+00   1.4907788e-02   1.0959760e-02   2.0278296e-02
   8.6086483e+00   1.5153806e-02   1.1092752e-02   2.0743281e-02
   9.2275354e+00   1.5423111e-02   1.1237320e-02   2.1259222e-02
   9.8909151e+00   1.5718408e-02   1.1394637e-02   2.1833465e-02
   1.0601986e+01   1.6042806e-02   1.1566022e-02   2.2474771e-02
   1.1364177e+01   1.6399895e-02   1.1752962e-02   2.3193661e-02
   1.2181162e+01   1.6793841e-02   1.1957140e-02   2.4002878e-02
   1.3056882e+01   1.7229510e-02   1.2180465e-02   2.4917977e-02
   1.3995559e+01   1.7712612e-02   1.2425112e-02   2.5958125e-02
   1.5001718e+01   1.8249899e-02   1.2693567e-02   2.7147160e-02
   1.6080211e+01   1.8849405e-02   1.2988685e-02   2.8515036e-02
   1.7236239e+01   1.9520768e-02   1.3313756e-02   3.0099795e-02
   1.8475375e+01   2.0275643e-02   1.3672592e-02   3.1950309e-02
   1.9803594e+01   2.1128256e-02   1.4069629e-02   3.4130119e-02
   2.1227300e+01   2.2096141e-02   1.4510059e-02   3.6722869e-02
   2.2753359e+01   2.3201148e-02   1.4999990e-02   3.9840117e-02
   2.4389128e+01   2.4470826e-02   1.5546659e-02   4.3632631e-02
   2.6142495e+01   2.5940362e-02   1.6158691e-02   4.8306930e-02
   2.8021913e+01   2.7655330e-02   1.6846445e-02   5.4149645e-02
   3.0036445e+01   2.9675667e-02   1.7622462e-02   6.1563583e-02
   3.2195805e+01   3.2081492e-02   1.8502058e-02   7.1120997e-02
   3.4510404e+01   3.4981811e-02   1.9504120e-02   8.3641409e-02
   3.6991402e+01   3.8527710e-02   2.0652189e-02   1.0030202e-01
   3.9650763e+01   4.2932725e-02   2.1975957e-02   1.2278459e-01
   4.2501309e+01   4.8504747e-02   2.3513372e-02   1.5344360e-01
   4.5556784e+01   5.5696615e-02   2.5313654e-02   1.9542533e-01
   4.8831921e+01   6.5186961e-02   2.7441694e-02   2.5254194e-01
   5.2342512e+01   7.8009127e-02   2.9984626e-02   3.2850024e-01
   5.6105484e+01   9.5752797e-02   3.3061847e-02   4.2497389e-01
   6.0138982e+01   1.2086230e-01   3.6840650e-02   5.3858966e-01
   6.4462452e+01   1.5701877e-01   4.1561214e-02   6.5879088e-01
   6.9096743e+01   2.0944116e-01   4.7577435e-02   7.7011115e-01
   7.4064199e+01   2.8452146e-01   5.5425076e-02   8.5928636e-01
   7.9388772e+01   3.8749359e-01   6.5937294e-02   9.2136373e-01
   8.5096136e+01   5.1688325e-01   8.0441766e-02   9.5953340e-01
   9.1213809e+01   6.5835845e-01   1.0109250e-01   9.8067174e-01
   9.7771290e+01   7.8727066e-01   1.3139762e-01   9.9138808e-01
   1.0480020e+02   8.8351310e-01   1.7692704e-01   9.9641378e-01
   1.1233442e+02   9.4320283e-01   2.4577446e-01   9.9860517e-01
   1.2041029e+02   9.7494101e-01   3.4711412e-01   9.9949450e-01
   1.2906675e+02   9.8987350e-01   4.8447834e-01   9.9982990e-01
   1.3834553e+02   9.9622866e-01   6.4370029e-01   9.9994707e-01
   1.4829137e+02   9.9870384e-01   7.9088888e-01   9.9998484e-01
   1.5895223e+02   9.9958962e-01   8.9606982e-01   9.9999603e-01
   1.7037951e+02   9.9988072e-01   9.5534800e-01   9.9999905e-01
   1.8262832e+02   9.9996831e-01   9.8299816e-01   9.9999979e-01
   1.9575771e+02   9.9999235e-01   9.9416524e-01   9.9999996e-01
   2.0983099e+02   9.9999833e-01   9.9818184e-01   9.9999999e-01
   2.2491602e+02   9.9999967e-01   9.9948506e-01   1.0000000e+00
   2.4108553e+02   9.9999994e-01   9.9986778e-01   1.0000000e+00
   2.5841749e+02   9.9999999e-01   9.9996935e-01   1.0000000e+00
   2.7699546e+02   1.0000000e+00   9.9999362e-01   1.0000000e+00
   2.9690903e+02   1.0000000e+00   9.9999881e-01   1.0000000e+00
   3.1825421e+02   1.0000000e+00   9.9999980e-01   1.0000000e+00
   3.4113393e+02   1.0000000e+00   9.9999997e-01   1.0000000e+00
   3.6565850e+02   1.0000000e+00   1.0000000e+00   1.0000000e+00
   3.9194617e+02   1.0000000e+00   1.0000000e+00   1.0000000e+00
   4.2012369e+02   1.0000000e+00   1.0000000e+00   1.0000000e+00
   4.5032694e+02   1.0000000e+00   1.0000000e+00   1.0000000e+00
   4.8270154e+02   1.0000000e+00   1.0000000e+00   1.0000000e+00
   5.1740359e+02   1.0000000e+00   1.0000000e+00   1.0000000e+00
   5.5460042e+02   1.0000000e+00   1.0000000e+00   1.0000000e+00
   5.9447137e+02   1.0000000e+00   1.0000000e+00   1.0000000e+00
   6.3720870e+02   1.0000000e+00   1.0000000e+00   1.0000000e+00
   6.8301848e+02   1.0000000e+00   1.0000000e+00   1.0000000e+00
   7.3212158e+02   1.0000000e+00   1.0000000e+00   1.0000000e+00
   7.8475476e+02   1.0000000e+00   1.0000000e+00   1.0000000e+00
   8.4117182e+02   1.0000000e+00   1.0000000e+00   1.0000000e+00
   9.0164477e+02   1.0000000e+00   1.0000000e+00   1.0000000e+00
   9.6646520e+02   1.0000000e+00   1.0000000e+00   1.0000000e+00
