S870 bestfit flat steep
   1.0359457e-03   8.7895816e-02   7.7702755e-02   9.8193606e-02
   1.1104212e-03   8.7895907e-02   7.7702816e-02   9.8193733e-02
   1.1902508e-03   8.7896005e-02   7.7702882e-02   9.8193870e-02
   1.2758195e-03   8.7896110e-02   7.7702953e-02   9.8194016e-02
   1.3675398e-03   8.7896222e-02   7.7703029e-02   9.8194173e-02
   1.4658541e-03   8.7896342e-02   7.7703110e-02   9.8194341e-02
   1.5712363e-03   8.7896471e-02   7.7703197e-02   9.8194521e-02
   1.6841945e-03   8.7896609e-02   7.7703290e-02   9.8194714e-02
   1.8052735e-03   8.7896757e-02   7.7703390e-02   9.8194921e-02
   1.9350570e-03   8.7896916e-02   7.7703497e-02   9.8195143e-02
   2.0741708e-03   8.7897086e-02   7.7703612e-02   9.8195381e-02
   2.2232857e-03   8.7897268e-02   7.7703735e-02   9.8195636e-02
   2.3831206e-03   8.7897464e-02   7.7703867e-02   9.8195909e-02
   2.5544463e-03   8.7897673e-02   7.7704008e-02   9.8196202e-02
   2.7380888e-03   8.7897898e-02   7.7704160e-02   9.8196516e-02
   2.9349336e-03   8.7898139e-02   7.7704322e-02   9.8196853e-02
   3.1459299e-03   8.7898397e-02   7.7704496e-02   9.8197214e-02
   3.3720949e-03   8.7898673e-02   7.7704683e-02   9.8197600e-02
   3.6145193e-03   8.7898970e-02   7.7704883e-02   9.8198015e-02
   3.8743718e-03   8.7899288e-02   7.7705097e-02   9.8198459e-02
   4.1529055e-03   8.7899629e-02   7.7705327e-02   9.8198936e-02
   4.4514634e-03   8.7899994e-02   7.7705574e-02   9.8199446e-02
   4.7714849e-03   8.7900385e-02   7.7705838e-02   9.8199993e-02
   5.1145133e-03   8.7900805e-02   7.7706121e-02   9.8200580e-02
   5.4822024e-03   8.7901254e-02   7.7706424e-02   9.8201209e-02
   5.8763252e-03   8.7901737e-02   7.7706750e-02   9.8201883e-02
   6.2987819e-03   8.7902253e-02   7.7707098e-02   9.8202605e-02
   6.7516097e-03   8.7902807e-02   7.7707472e-02   9.8203379e-02
   7.2369918e-03   8.7903401e-02   7.7707873e-02   9.8204209e-02
   7.7572687e-03   8.7904037e-02   7.7708302e-02   9.8205099e-02
   8.3149490e-03   8.7904720e-02   7.7708762e-02   9.8206053e-02
   8.9127216e-03   8.7905451e-02   7.7709256e-02   9.8207075e-02
   9.5534689e-03   8.7906235e-02   7.7709785e-02   9.8208171e-02
   1.0240280e-02   8.7907075e-02   7.7710351e-02   9.8209345e-02
   1.0976468e-02   8.7907975e-02   7.7710959e-02   9.8210605e-02
   1.1765580e-02   8.7908941e-02   7.7711610e-02   9.8211954e-02
   1.2611424e-02   8.7909975e-02   7.7712308e-02   9.8213401e-02
   1.3518075e-02   8.7911085e-02   7.7713057e-02   9.8214952e-02
   1.4489908e-02   8.7912273e-02   7.7713859e-02   9.8216614e-02
   1.5531606e-02   8.7913548e-02   7.7714719e-02   9.8218396e-02
   1.6648194e-02   8.7914914e-02   7.7715640e-02   9.8220306e-02
   1.7845055e-02   8.7916378e-02   7.7716628e-02   9.8222353e-02
   1.9127959e-02   8.7917948e-02   7.7717687e-02   9.8224547e-02
   2.0503093e-02   8.7919630e-02   7.7718822e-02   9.8226900e-02
   2.1977088e-02   8.7921434e-02   7.7720039e-02   9.8229422e-02
   2.3557050e-02   8.7923367e-02   7.7721343e-02   9.8232125e-02
   2.5250597e-02   8.7925439e-02   7.7722741e-02   9.8235022e-02
   2.7065896e-02   8.7927661e-02   7.7724240e-02   9.8238128e-02
   2.9011699e-02   8.7930042e-02   7.7725846e-02   9.8241458e-02
   3.1097388e-02   8.7932594e-02   7.7727568e-02   9.8245027e-02
   3.3333020e-02   8.7935330e-02   7.7729414e-02   9.8248853e-02
   3.5729375e-02   8.7938263e-02   7.7731392e-02   9.8252954e-02
   3.8298007e-02   8.7941406e-02   7.7733513e-02   9.8257350e-02
   4.1051301e-02   8.7944776e-02   7.7735786e-02   9.8262063e-02
   4.4002533e-02   8.7948389e-02   7.7738223e-02   9.8267115e-02
   4.7165933e-02   8.7952261e-02   7.7740835e-02   9.8272531e-02
   5.0556754e-02   8.7956412e-02   7.7743635e-02   9.8278336e-02
   5.4191346e-02   8.7960862e-02   7.7746637e-02   9.8284560e-02
   5.8087234e-02   8.7965631e-02   7.7749854e-02   9.8291231e-02
   6.2263201e-02   8.7970745e-02   7.7753303e-02   9.8298383e-02
   6.6739385e-02   8.7976226e-02   7.7757000e-02   9.8306051e-02
   7.1537368e-02   8.7982101e-02   7.7760963e-02   9.8314270e-02
   7.6680283e-02   8.7988400e-02   7.7765212e-02   9.8323082e-02
   8.2192930e-02   8.7995152e-02   7.7769765e-02   9.8332529e-02
   8.8101888e-02   8.8002391e-02   7.7774647e-02   9.8342656e-02
   9.4435649e-02   8.8010151e-02   7.7779880e-02   9.8353513e-02
   1.0122475e-01   8.8018469e-02   7.7785490e-02   9.8365154e-02
   1.0850193e-01   8.8027387e-02   7.7791504e-02   9.8377633e-02
   1.1630228e-01   8.8036947e-02   7.7797950e-02   9.8391013e-02
   1.2466341e-01   8.8047196e-02   7.7804861e-02   9.8405357e-02
   1.3362562e-01   8.8058184e-02   7.7812269e-02   9.8420737e-02
   1.4323214e-01   8.8069963e-02   7.7820211e-02   9.8437227e-02
   1.5352929e-01   8.8082592e-02   7.7828725e-02   9.8454908e-02
   1.6456672e-01   8.8096131e-02   7.7837852e-02   9.8473865e-02
   1.7639763e-01   8.8110647e-02   7.7847637e-02   9.8494192e-02
   1.8907909e-01   8.8126210e-02   7.7858127e-02   9.8515988e-02
   2.0267224e-01   8.8142895e-02   7.7869373e-02   9.8539359e-02
   2.1724261e-01   8.8160785e-02   7.7881430e-02   9.8564421e-02
   2.3286047e-01   8.8179967e-02   7.7894356e-02   9.8591297e-02
   2.4960112e-01   8.8200533e-02   7.7908215e-02   9.8620118e-02
   2.6754527e-01   8.8222585e-02   7.7923072e-02   9.8651026e-02
   2.8677945e-01   8.8246231e-02   7.7939002e-02   9.8684175e-02
   3.0739641e-01   8.8271586e-02   7.7956082e-02   9.8719726e-02
   3.2949554e-01   8.8298775e-02   7.7974394e-02   9.8757857e-02
   3.5318341e-01   8.8327931e-02   7.7994028e-02   9.8798757e-02
   3.7857423e-01   8.8359197e-02   7.8015081e-02   9.8842628e-02
   4.0579043e-01   8.8392727e-02   7.8037655e-02   9.8889688e-02
   4.3496324e-01   8.8428686e-02   7.8061861e-02   9.8940173e-02
   4.6623332e-01   8.8467253e-02   7.8087817e-02   9.8994335e-02
   4.9975145e-01   8.8508617e-02   7.8115651e-02   9.9052445e-02
   5.3567924e-01   8.8552983e-02   7.8145499e-02   9.9114796e-02
   5.7418993e-01   8.8600572e-02   7.8177508e-02   9.9181701e-02
   6.1546920e-01   8.8651620e-02   7.8211836e-02   9.9253500e-02
   6.5971609e-01   8.8706382e-02   7.8248653e-02   9.9330556e-02
   7.0714395e-01   8.8765131e-02   7.8288140e-02   9.9413263e-02
   7.5798146e-01   8.8828161e-02   7.8330492e-02   9.9502042e-02
   8.1247375e-01   8.8895789e-02   7.8375920e-02   9.9597351e-02
   8.7088356e-01   8.8968356e-02   7.8424649e-02   9.9699681e-02
   9.3349252e-01   8.9046228e-02   7.8476923e-02   9.9809563e-02
   1.0006025e+00   8.9129799e-02   7.8533002e-02   9.9927569e-02
   1.0725372e+00   8.9219495e-02   7.8593167e-02   1.0005432e-01
   1.1496433e+00   8.9315775e-02   7.8657719e-02   1.0019048e-01
   1.2322927e+00   8.9419131e-02   7.8726983e-02   1.0033677e-01
   1.3208838e+00   8.9530095e-02   7.8801310e-02   1.0049399e-01
   1.4158439e+00   8.9649243e-02   7.8881075e-02   1.0066296e-01
   1.5176308e+00   8.9777194e-02   7.8966684e-02   1.0084462e-01
   1.6267352e+00   8.9914617e-02   7.9058573e-02   1.0103995e-01
   1.7436834e+00   9.0062234e-02   7.9157213e-02   1.0125004e-01
   1.8690391e+00   9.0220827e-02   7.9263111e-02   1.0147605e-01
   2.0034068e+00   9.0391241e-02   7.9376815e-02   1.0171927e-01
   2.1474343e+00   9.0574389e-02   7.9498914e-02   1.0198108e-01
   2.3018162e+00   9.0771263e-02   7.9630045e-02   1.0226299e-01
   2.4672968e+00   9.0982935e-02   7.9770898e-02   1.0256666e-01
   2.6446740e+00   9.1210570e-02   7.9922215e-02   1.0289388e-01
   2.8348031e+00   9.1455430e-02   8.0084800e-02   1.0324664e-01
   3.0386009e+00   9.1718889e-02   8.0259524e-02   1.0362709e-01
   3.2570499e+00   9.2002440e-02   8.0447328e-02   1.0403761e-01
   3.4912035e+00   9.2307709e-02   8.0649232e-02   1.0448081e-01
   3.7421907e+00   9.2636466e-02   8.0866341e-02   1.0495956e-01
   4.0112218e+00   9.2990646e-02   8.1099856e-02   1.0547704e-01
   4.2995938e+00   9.3372362e-02   8.1351079e-02   1.0603676e-01
   4.6086973e+00   9.3783926e-02   8.1621427e-02   1.0664263e-01
   4.9400226e+00   9.4227871e-02   8.1912439e-02   1.0729899e-01
   5.2951673e+00   9.4706978e-02   8.2225794e-02   1.0801066e-01
   5.6758439e+00   9.5224306e-02   8.2563321e-02   1.0878308e-01
   6.0838878e+00   9.5783224e-02   8.2927015e-02   1.0962232e-01
   6.5212665e+00   9.6387450e-02   8.3319059e-02   1.1053525e-01
   6.9900890e+00   9.7041099e-02   8.3741840e-02   1.1152963e-01
   7.4926157e+00   9.7748734e-02   8.4197976e-02   1.1261428e-01
   8.0312697e+00   9.8515428e-02   8.4690339e-02   1.1379929e-01
   8.6086483e+00   9.9346838e-02   8.5222087e-02   1.1509623e-01
   9.2275354e+00   1.0024929e-01   8.5796697e-02   1.1651848e-01
   9.8909151e+00   1.0122988e-01   8.6418008e-02   1.1808155e-01
   1.0601986e+01   1.0229660e-01   8.7090263e-02   1.1980360e-01
   1.1364177e+01   1.0345849e-01   8.7818164e-02   1.2170602e-01
   1.2181162e+01   1.0472580e-01   8.8606934e-02   1.2381418e-01
   1.3056882e+01   1.0611025e-01   8.9462386e-02   1.2615845e-01
   1.3995559e+01   1.0762524e-01   9.0391012e-02   1.2877550e-01
   1.5001718e+01   1.0928627e-01   9.1400080e-02   1.3171000e-01
   1.6080211e+01   1.1111130e-01   9.2497751e-02   1.3501696e-01
   1.7236239e+01   1.1312133e-01   9.3693223e-02   1.3876481e-01
   1.8475375e+01   1.1534110e-01   9.4996899e-02   1.4303966e-01
   1.9803594e+01   1.1779999e-01   9.6420590e-02   1.4795106e-01
   2.1227300e+01   1.2053325e-01   9.7977767e-02   1.5364011e-01
   2.2753359e+01   1.2358361e-01   9.9683863e-02   1.6029058e-01
   2.4389128e+01   1.2700345e-01   1.0155665e-01   1.6814466e-01
   2.6142495e+01   1.3085783e-01   1.0361672e-01   1.7752486e-01
   2.8021913e+01   1.3522872e-01   1.0588807e-01   1.8886447e-01
   3.0036445e+01   1.4022089e-01   1.0839887e-01   2.0274933e-01
   3.2195805e+01   1.4597055e-01   1.1118244e-01   2.1997284e-01
   3.4510404e+01   1.5265782e-01   1.1427853e-01   2.4160362e-01
   3.6991402e+01   1.6052521e-01   1.1773508e-01   2.6905580e-01
   3.9650763e+01   1.6990517e-01   1.2161047e-01   3.0413057e-01
   4.2501309e+01   1.8126144e-01   1.2597674e-01   3.4895320e-01
   4.5556784e+01   1.9525102e-01   1.3092405e-01   4.0566085e-01
   4.8831921e+01   2.1281538e-01   1.3656703e-01   4.7564124e-01
   5.2342512e+01   2.3530919e-01   1.4305407e-01   5.5822787e-01
   5.6105484e+01   2.6466400e-01   1.5058112e-01   6.4926648e-01
   6.0138982e+01   3.0354384e-01   1.5941265e-01   7.4079997e-01
   6.4462452e+01   3.5533924e-01   1.6991403e-01   8.2317648e-01
   6.9096743e+01   4.2362115e-01   1.8260246e-01   8.8894075e-01
   7.4064199e+01   5.1043202e-01   1.9822758e-01   9.3561450e-01
   7.9388772e+01   6.1314804e-01   2.1789854e-01   9.6536577e-01
   8.5096136e+01   7.2171062e-01   2.4327848e-01   9.8262426e-01
   9.1213809e+01   8.2059105e-01   2.7685703e-01   9.9184211e-01
   9.7771290e+01   8.9678942e-01   3.2224454e-01   9.9641154e-01
   1.0480020e+02   9.4667478e-01   3.8419926e-01   9.9852243e-01
   1.1233442e+02   9.7497998e-01   4.6754680e-01   9.9943189e-01
   1.2041029e+02   9.8923487e-01   5.7356199e-01   9.9979676e-01
   1.2906675e+02   9.9572843e-01   6.9391984e-01   9.9993265e-01
   1.3834553e+02   9.9843442e-01   8.0870974e-01   9.9997943e-01
   1.4829137e+02   9.9947077e-01   8.9710847e-01   9.9999424e-01
   1.5895223e+02   9.9983557e-01   9.5196265e-01   9.9999853e-01
   1.7037951e+02   9.9995327e-01   9.8017864e-01   9.9999966e-01
   1.8262832e+02   9.9998792e-01   9.9265681e-01   9.9999993e-01
   1.9575771e+02   9.9999718e-01   9.9753616e-01   9.9999999e-01
   2.0983099e+02   9.9999941e-01   9.9924954e-01   1.0000000e+00
   2.2491602e+02   9.9999989e-01   9.9979289e-01   1.0000000e+00
   2.4108553e+02   9.9999998e-01   9.9994844e-01   1.0000000e+00
   2.5841749e+02   1.0000000e+00   9.9998849e-01   1.0000000e+00
   2.7699546e+02   1.0000000e+00   9.9999771e-01   1.0000000e+00
   2.9690903e+02   1.0000000e+00   9.9999960e-01   1.0000000e+00
   3.1825421e+02   1.0000000e+00   9.9999994e-01   1.0000000e+00
   3.4113393e+02   1.0000000e+00   9.9999999e-01   1.0000000e+00
   3.6565850e+02   1.0000000e+00   1.0000000e+00   1.0000000e+00
   3.9194617e+02   1.0000000e+00   1.0000000e+00   1.0000000e+00
   4.2012369e+02   1.0000000e+00   1.0000000e+00   1.0000000e+00
   4.5032694e+02   1.0000000e+00   1.0000000e+00   1.0000000e+00
   4.8270154e+02   1.0000000e+00   1.0000000e+00   1.0000000e+00
   5.1740359e+02   1.0000000e+00   1.0000000e+00   1.0000000e+00
   5.5460042e+02   1.0000000e+00   1.0000000e+00   1.0000000e+00
   5.9447137e+02   1.0000000e+00   1.0000000e+00   1.0000000e+00
   6.3720870e+02   1.0000000e+00   1.0000000e+00   1.0000000e+00
   6.8301848e+02   1.0000000e+00   1.0000000e+00   1.0000000e+00
   7.3212158e+02   1.0000000e+00   1.0000000e+00   1.0000000e+00
   7.8475476e+02   1.0000000e+00   1.0000000e+00   1.0000000e+00
   8.4117182e+02   1.0000000e+00   1.0000000e+00   1.0000000e+00
   9.0164477e+02   1.0000000e+00   1.0000000e+00   1.0000000e+00
   9.6646520e+02   1.0000000e+00   1.0000000e+00   1.0000000e+00
