S870 karim steep flat veryflat verysteep break15
   1.0359457e-03   1.7709376e-03   1.0783719e-03   1.7709376e-03   1.7709376e-03   1.7709376e-03   1.7709376e-03
   1.1104212e-03   1.7709376e-03   1.0783719e-03   1.7709376e-03   1.7709376e-03   1.7709376e-03   1.7709376e-03
   1.1902508e-03   1.7709376e-03   1.0783719e-03   1.7709376e-03   1.7709376e-03   1.7709376e-03   1.7709376e-03
   1.2758195e-03   1.7709376e-03   1.0783719e-03   1.7709376e-03   1.7709376e-03   1.7709376e-03   1.7709376e-03
   1.3675398e-03   1.7709376e-03   1.0783719e-03   1.7709376e-03   1.7709376e-03   1.7709376e-03   1.7709376e-03
   1.4658541e-03   1.7709376e-03   1.0783719e-03   1.7709376e-03   1.7709376e-03   1.7709376e-03   1.7709376e-03
   1.5712363e-03   1.7709376e-03   1.0783719e-03   1.7709376e-03   1.7709376e-03   1.7709376e-03   1.7709376e-03
   1.6841945e-03   1.7709376e-03   1.0783719e-03   1.7709376e-03   1.7709376e-03   1.7709376e-03   1.7709376e-03
   1.8052735e-03   1.7709376e-03   1.0783719e-03   1.7709376e-03   1.7709376e-03   1.7709376e-03   1.7709376e-03
   1.9350570e-03   1.7709376e-03   1.0783719e-03   1.7709376e-03   1.7709376e-03   1.7709376e-03   1.7709376e-03
   2.0741708e-03   1.7709376e-03   1.0783719e-03   1.7709376e-03   1.7709376e-03   1.7709376e-03   1.7709376e-03
   2.2232857e-03   1.7709376e-03   1.0783719e-03   1.7709376e-03   1.7709376e-03   1.7709376e-03   1.7709376e-03
   2.3831206e-03   1.7709376e-03   1.0783719e-03   1.7709376e-03   1.7709376e-03   1.7709376e-03   1.7709376e-03
   2.5544463e-03   1.7709376e-03   1.0783719e-03   1.7709376e-03   1.7709376e-03   1.7709376e-03   1.7709376e-03
   2.7380888e-03   1.7709376e-03   1.0783719e-03   1.7709376e-03   1.7709376e-03   1.7709376e-03   1.7709376e-03
   2.9349336e-03   1.7709376e-03   1.0783719e-03   1.7709376e-03   1.7709376e-03   1.7709376e-03   1.7709376e-03
   3.1459299e-03   1.7709376e-03   1.0783719e-03   1.7709376e-03   1.7709376e-03   1.7709376e-03   1.7709376e-03
   3.3720949e-03   1.7709376e-03   1.0783719e-03   1.7709376e-03   1.7709376e-03   1.7709376e-03   1.7709376e-03
   3.6145193e-03   1.7709376e-03   1.0783719e-03   1.7709376e-03   1.7709376e-03   1.7709376e-03   1.7709376e-03
   3.8743718e-03   1.7709376e-03   1.0783719e-03   1.7709376e-03   1.7709376e-03   1.7709376e-03   1.7709376e-03
   4.1529055e-03   1.7709376e-03   1.0783719e-03   1.7709376e-03   1.7709376e-03   1.7709376e-03   1.7709376e-03
   4.4514634e-03   1.7709376e-03   1.0783719e-03   1.7709376e-03   1.7709376e-03   1.7709376e-03   1.7709376e-03
   4.7714849e-03   1.7709376e-03   1.0783719e-03   1.7709376e-03   1.7709376e-03   1.7709376e-03   1.7709376e-03
   5.1145133e-03   1.7709376e-03   1.0783719e-03   1.7709376e-03   1.7709376e-03   1.7709376e-03   1.7709376e-03
   5.4822024e-03   1.7709376e-03   1.0783719e-03   1.7709376e-03   1.7709376e-03   1.7709376e-03   1.7709376e-03
   5.8763252e-03   1.7709376e-03   1.0783719e-03   1.7709376e-03   1.7709376e-03   1.7709376e-03   1.7709376e-03
   6.2987819e-03   1.7709376e-03   1.0783719e-03   1.7709376e-03   1.7709376e-03   1.7709376e-03   1.7709376e-03
   6.7516097e-03   1.7709376e-03   1.0783719e-03   1.7709376e-03   1.7709376e-03   1.7709376e-03   1.7709376e-03
   7.2369918e-03   1.7709376e-03   1.0783719e-03   1.7709376e-03   1.7709376e-03   1.7709376e-03   1.7709376e-03
   7.7572687e-03   1.7709376e-03   1.0783719e-03   1.7709376e-03   1.7709376e-03   1.7709376e-03   1.7709376e-03
   8.3149490e-03   1.7709376e-03   1.0783719e-03   1.7709376e-03   1.7709376e-03   1.7709376e-03   1.7709376e-03
   8.9127216e-03   1.7709376e-03   1.0783719e-03   1.7709376e-03   1.7709376e-03   1.7709376e-03   1.7709376e-03
   9.5534689e-03   1.7709376e-03   1.0783719e-03   1.7709376e-03   1.7709376e-03   1.7709376e-03   1.7709376e-03
   1.0240280e-02   1.7709376e-03   1.0783719e-03   1.7709376e-03   1.7709376e-03   1.7709376e-03   1.7709376e-03
   1.0976468e-02   1.7709376e-03   1.0783719e-03   1.7709376e-03   1.7709376e-03   1.7709376e-03   1.7709376e-03
   1.1765580e-02   1.7709376e-03   1.0783719e-03   1.7709376e-03   1.7709376e-03   1.7709376e-03   1.7709376e-03
   1.2611424e-02   1.7709376e-03   1.0783719e-03   1.7709376e-03   1.7709376e-03   1.7709376e-03   1.7709376e-03
   1.3518075e-02   1.7709376e-03   1.0783719e-03   1.7709376e-03   1.7709376e-03   1.7709376e-03   1.7709376e-03
   1.4489908e-02   1.7709376e-03   1.0783719e-03   1.7709376e-03   1.7709376e-03   1.7709376e-03   1.7709376e-03
   1.5531606e-02   1.7709376e-03   1.0783719e-03   1.7709376e-03   1.7709376e-03   1.7709376e-03   1.7709376e-03
   1.6648194e-02   1.7709376e-03   1.0783719e-03   1.7709376e-03   1.7709376e-03   1.7709376e-03   1.7709376e-03
   1.7845055e-02   1.7709376e-03   1.0783719e-03   1.7709376e-03   1.7709376e-03   1.7709376e-03   1.7709376e-03
   1.9127959e-02   1.7709376e-03   1.0783719e-03   1.7709376e-03   1.7709376e-03   1.7709376e-03   1.7709376e-03
   2.0503093e-02   1.7709376e-03   1.0783719e-03   1.7709376e-03   1.7709376e-03   1.7709376e-03   1.7709376e-03
   2.1977088e-02   1.7709376e-03   1.0783719e-03   1.7709376e-03   1.7709376e-03   1.7709376e-03   1.7709376e-03
   2.3557050e-02   1.7709376e-03   1.0783719e-03   1.7709376e-03   1.7709376e-03   1.7709376e-03   1.7709376e-03
   2.5250597e-02   1.7709376e-03   1.0783719e-03   1.7709376e-03   1.7709376e-03   1.7709376e-03   1.7709376e-03
   2.7065896e-02   1.7709376e-03   1.0783719e-03   1.7709376e-03   1.7709376e-03   1.7709376e-03   1.7709376e-03
   2.9011699e-02   1.7709376e-03   1.0783719e-03   1.7709376e-03   1.7709376e-03   1.7709376e-03   1.7709376e-03
   3.1097388e-02   1.7709376e-03   1.0783719e-03   1.7709376e-03   1.7709376e-03   1.7709376e-03   1.7709376e-03
   3.3333020e-02   1.7709376e-03   1.0783719e-03   1.7709376e-03   1.7709376e-03   1.7709376e-03   1.7709376e-03
   3.5729375e-02   1.7709376e-03   1.0783719e-03   1.7709376e-03   1.7709376e-03   1.7709376e-03   1.7709376e-03
   3.8298007e-02   1.7709376e-03   1.0783719e-03   1.7709376e-03   1.7709376e-03   1.7709376e-03   1.7709376e-03
   4.1051301e-02   1.7709376e-03   1.0783719e-03   1.7709376e-03   1.7709376e-03   1.7709376e-03   1.7709376e-03
   4.4002533e-02   1.7709376e-03   1.0783719e-03   1.7709376e-03   1.7709376e-03   1.7709376e-03   1.7709376e-03
   4.7165933e-02   1.7709376e-03   1.0783719e-03   1.7709376e-03   1.7709376e-03   1.7709376e-03   1.7709376e-03
   5.0556754e-02   1.7709376e-03   1.0783719e-03   1.7709376e-03   1.7709376e-03   1.7709376e-03   1.7709376e-03
   5.4191346e-02   1.7709376e-03   1.0783719e-03   1.7709376e-03   1.7709376e-03   1.7709376e-03   1.7709376e-03
   5.8087234e-02   1.7709376e-03   1.0783719e-03   1.7709376e-03   1.7709376e-03   1.7709376e-03   1.7709376e-03
   6.2263201e-02   1.7709376e-03   1.0783719e-03   1.7709376e-03   1.7709376e-03   1.7709376e-03   1.7709376e-03
   6.6739385e-02   1.7709376e-03   1.0783719e-03   1.7709376e-03   1.7709376e-03   1.7709376e-03   1.7709376e-03
   7.1537368e-02   1.7709376e-03   1.0783719e-03   1.7709376e-03   1.7709376e-03   1.7709376e-03   1.7709376e-03
   7.6680283e-02   1.7709376e-03   1.0783719e-03   1.7709376e-03   1.7709376e-03   1.7709376e-03   1.7709376e-03
   8.2192930e-02   1.7709376e-03   1.0783719e-03   1.7709376e-03   1.7709376e-03   1.7709376e-03   1.7709376e-03
   8.8101888e-02   1.7709376e-03   1.0783719e-03   1.7709376e-03   1.7709376e-03   1.7709376e-03   1.7709376e-03
   9.4435649e-02   1.7709376e-03   1.0783719e-03   1.7709376e-03   1.7709376e-03   1.7709376e-03   1.7709376e-03
   1.0122475e-01   1.7709376e-03   1.0783719e-03   1.7709376e-03   1.7709376e-03   1.7709376e-03   1.7709376e-03
   1.0850193e-01   1.7709376e-03   1.0783719e-03   1.7709376e-03   1.7709376e-03   1.7709376e-03   1.7709376e-03
   1.1630228e-01   1.7709376e-03   1.0783719e-03   1.7709376e-03   1.7709376e-03   1.7709376e-03   1.7709376e-03
   1.2466341e-01   1.7709376e-03   1.0783719e-03   1.7709376e-03   1.7709376e-03   1.7709376e-03   1.7709376e-03
   1.3362562e-01   1.7709376e-03   1.0783719e-03   1.7709376e-03   1.7709376e-03   1.7709376e-03   1.7709376e-03
   1.4323214e-01   1.7709376e-03   1.0783719e-03   1.7709376e-03   1.7709376e-03   1.7709376e-03   1.7709376e-03
   1.5352929e-01   1.7709376e-03   1.0783719e-03   1.7709376e-03   1.7709376e-03   1.7709376e-03   1.7709376e-03
   1.6456672e-01   1.7709376e-03   1.0783719e-03   1.7709376e-03   1.7709376e-03   1.7709376e-03   1.7709376e-03
   1.7639763e-01   1.7709376e-03   1.0783719e-03   1.7709376e-03   1.7709376e-03   1.7709376e-03   1.7709376e-03
   1.8907909e-01   1.7709376e-03   1.0783719e-03   1.7709376e-03   1.7709376e-03   1.7709376e-03   1.7709376e-03
   2.0267224e-01   1.7709376e-03   1.0783719e-03   1.7709376e-03   1.7709376e-03   1.7709376e-03   1.7709376e-03
   2.1724261e-01   1.7709376e-03   1.0783719e-03   1.7709376e-03   1.7709376e-03   1.7709376e-03   1.7709376e-03
   2.3286047e-01   1.7709376e-03   1.0783719e-03   1.7709376e-03   1.7709376e-03   1.7709376e-03   1.7709376e-03
   2.4960112e-01   1.7709376e-03   1.0783719e-03   1.7709376e-03   1.7709376e-03   1.7709376e-03   1.7709376e-03
   2.6754527e-01   1.7709376e-03   1.0783719e-03   1.7709376e-03   1.7709376e-03   1.7709376e-03   1.7709376e-03
   2.8677945e-01   1.7709376e-03   1.0783719e-03   1.7709376e-03   1.7709376e-03   1.7709376e-03   1.7709376e-03
   3.0739641e-01   1.7709376e-03   1.0783719e-03   1.7709376e-03   1.7709376e-03   1.7709376e-03   1.7709376e-03
   3.2949554e-01   1.7709376e-03   1.0783719e-03   1.7709376e-03   1.7709376e-03   1.7709376e-03   1.7709376e-03
   3.5318341e-01   1.7709376e-03   1.0783719e-03   1.7709376e-03   1.7709376e-03   1.7709376e-03   1.7709376e-03
   3.7857423e-01   1.7709376e-03   1.0783719e-03   1.7709376e-03   1.7709376e-03   1.7709376e-03   1.7709376e-03
   4.0579043e-01   1.7709376e-03   1.0783719e-03   1.7709376e-03   1.7709376e-03   1.7709376e-03   1.7709376e-03
   4.3496324e-01   1.7709376e-03   1.0783719e-03   1.7709376e-03   1.7709376e-03   1.7709376e-03   1.7709376e-03
   4.6623332e-01   1.7709376e-03   1.0783719e-03   1.7709376e-03   1.7709376e-03   1.7709376e-03   1.7709376e-03
   4.9975145e-01   1.7709376e-03   1.0783719e-03   1.7709376e-03   1.7709376e-03   1.7709376e-03   1.7709376e-03
   5.3567924e-01   1.7709376e-03   1.0783719e-03   1.7709376e-03   1.7709376e-03   1.7709376e-03   1.7709376e-03
   5.7418993e-01   1.7709376e-03   1.0783719e-03   1.7709376e-03   1.7709376e-03   1.7709376e-03   1.7709376e-03
   6.1546920e-01   1.7709376e-03   1.0783719e-03   1.7709376e-03   1.7709376e-03   1.7709376e-03   1.7709376e-03
   6.5971609e-01   1.7709376e-03   1.0783719e-03   1.7709376e-03   1.7709376e-03   1.7709376e-03   1.7709376e-03
   7.0714395e-01   1.7709376e-03   1.0783719e-03   1.7709376e-03   1.7709376e-03   1.7709376e-03   1.7709376e-03
   7.5798146e-01   1.7709376e-03   1.0783719e-03   1.7709376e-03   1.7709376e-03   1.7709376e-03   1.7709376e-03
   8.1247375e-01   1.7709376e-03   1.0783719e-03   1.7709376e-03   1.7709376e-03   1.7709376e-03   1.7709376e-03
   8.7088356e-01   1.7709376e-03   1.0783719e-03   1.7709376e-03   1.7709376e-03   1.7709376e-03   1.7709376e-03
   9.3349252e-01   1.7709376e-03   1.0783719e-03   1.7709376e-03   1.7709376e-03   1.7709376e-03   1.7709376e-03
   1.0006025e+00   1.7709376e-03   1.0783719e-03   1.7709376e-03   1.7709376e-03   1.7709376e-03   1.7709376e-03
   1.0725372e+00   1.7709376e-03   1.0783719e-03   1.7709376e-03   1.7709376e-03   1.7709376e-03   1.7709376e-03
   1.1496433e+00   1.7709376e-03   1.0783719e-03   1.7709376e-03   1.7709376e-03   1.7709376e-03   1.7709376e-03
   1.2322927e+00   1.7709376e-03   1.0783719e-03   1.7709376e-03   1.7709376e-03   1.7709376e-03   1.7709376e-03
   1.3208838e+00   1.7709376e-03   1.0783719e-03   1.7709376e-03   1.7709376e-03   1.7709376e-03   1.7709376e-03
   1.4158439e+00   1.7709376e-03   1.0783719e-03   1.7709376e-03   1.7709376e-03   1.7709376e-03   1.7709376e-03
   1.5176308e+00   1.7709376e-03   1.0783719e-03   1.7709376e-03   1.7709376e-03   1.7709376e-03   1.7709376e-03
   1.6267352e+00   1.7709376e-03   1.0783719e-03   1.7709376e-03   1.7709376e-03   1.7709376e-03   1.7709376e-03
   1.7436834e+00   1.7709376e-03   1.0783719e-03   1.7709376e-03   1.7709376e-03   1.7709376e-03   1.7709376e-03
   1.8690391e+00   1.7709376e-03   1.0783719e-03   1.7709376e-03   1.7709376e-03   1.7709376e-03   1.7709376e-03
   2.0034068e+00   1.7709376e-03   1.0783719e-03   1.7709376e-03   1.7709376e-03   1.7709376e-03   1.7709376e-03
   2.1474343e+00   1.7709376e-03   1.0783719e-03   1.7709376e-03   1.7709376e-03   1.7709376e-03   1.7709376e-03
   2.3018162e+00   1.7709376e-03   1.0783719e-03   1.7709376e-03   1.7709376e-03   1.7709376e-03   1.7709376e-03
   2.4672968e+00   1.7709376e-03   1.0783719e-03   1.7709376e-03   1.7709376e-03   1.7709376e-03   1.7709376e-03
   2.6446740e+00   1.7709376e-03   1.0783719e-03   1.7709376e-03   1.7709376e-03   1.7709376e-03   1.7709376e-03
   2.8348031e+00   1.7709376e-03   1.0783719e-03   1.7709376e-03   1.7709376e-03   1.7709376e-03   1.7709376e-03
   3.0386009e+00   1.7709376e-03   1.0783719e-03   1.7709376e-03   1.7709376e-03   1.7709376e-03   1.7709376e-03
   3.2570499e+00   1.7709376e-03   1.0783719e-03   1.7709376e-03   1.7709376e-03   1.7709376e-03   1.7709376e-03
   3.4912035e+00   1.7709376e-03   1.0783719e-03   1.7709376e-03   1.7709376e-03   1.7709376e-03   1.7709376e-03
   3.7421907e+00   1.7709376e-03   1.0783719e-03   1.7709376e-03   1.7709376e-03   1.7709376e-03   1.7709376e-03
   4.0112218e+00   1.7709376e-03   1.0783719e-03   1.7709376e-03   1.7709376e-03   1.7709376e-03   1.7709376e-03
   4.2995938e+00   1.7709376e-03   1.0783719e-03   1.7709376e-03   1.7709376e-03   1.7709376e-03   1.7709376e-03
   4.6086973e+00   1.7709376e-03   1.0783719e-03   1.7709376e-03   1.7709376e-03   1.7709376e-03   1.7709376e-03
   4.9400226e+00   1.7709376e-03   1.0783719e-03   1.7709376e-03   1.7709376e-03   1.7709376e-03   1.7709376e-03
   5.2951673e+00   1.7709376e-03   1.0783719e-03   1.7709376e-03   1.7709376e-03   1.7709376e-03   1.7709376e-03
   5.6758439e+00   1.7709376e-03   1.0783719e-03   1.7709376e-03   1.7709376e-03   1.7709376e-03   1.7709376e-03
   6.0838878e+00   1.7709376e-03   1.0783719e-03   1.7709376e-03   1.7709376e-03   1.7709376e-03   1.7709376e-03
   6.5212665e+00   1.7709376e-03   1.0783719e-03   1.7709376e-03   1.7709376e-03   1.7709376e-03   1.7709376e-03
   6.9900890e+00   1.7709376e-03   1.0783719e-03   1.7709376e-03   1.7709376e-03   1.7709376e-03   1.7709376e-03
   7.4926157e+00   1.7709376e-03   1.0783719e-03   1.7709376e-03   1.7709376e-03   1.7709376e-03   1.7709376e-03
   8.0312697e+00   1.7722454e-03   1.0797212e-03   1.7720089e-03   1.7717441e-03   1.7750350e-03   1.7709376e-03
   8.6086483e+00   2.1764755e-03   1.5213736e-03   2.0975810e-03   2.0122441e-03   3.3045940e-03   1.7709376e-03
   9.2275354e+00   2.9640418e-03   2.5413738e-03   2.7030895e-03   2.4366742e-03   8.1890371e-03   1.7709376e-03
   9.8909151e+00   4.0988467e-03   4.3515619e-03   3.5270889e-03   2.9780821e-03   2.0496714e-02   1.7709376e-03
   1.0601986e+01   5.6965866e-03   7.5043746e-03   4.6211538e-03   3.6507524e-03   4.9083259e-02   1.7709376e-03
   1.1364177e+01   7.9331592e-03   1.2957328e-02   6.0651217e-03   4.4811791e-03   1.0800428e-01   1.7709376e-03
   1.2181162e+01   1.1055645e-02   2.2320921e-02   7.9663651e-03   5.5039483e-03   2.1066713e-01   1.7709376e-03
   1.3056882e+01   1.5405716e-02   3.8234730e-02   1.0466079e-02   6.7621451e-03   3.5695567e-01   1.7709376e-03
   1.3995559e+01   2.1451652e-02   6.4859413e-02   1.3748492e-02   8.3087892e-03   5.2815758e-01   1.7709376e-03
   1.5001718e+01   2.9829137e-02   1.0834923e-01   1.8052697e-02   1.0208808e-02   6.9963531e-01   1.7714018e-03
   1.6080211e+01   4.1386522e-02   1.7683697e-01   2.3685482e-02   1.2540772e-02   8.5450545e-01   2.1423962e-03
   1.7236239e+01   5.6290622e-02   2.6943090e-01   3.0610106e-02   1.5236523e-02   9.4467112e-01   2.9129012e-03
   1.8475375e+01   7.4884059e-02   3.8015513e-01   3.8887528e-02   1.8272218e-02   9.7976080e-01   4.0263373e-03
   1.9803594e+01   9.8307552e-02   5.0297126e-01   4.8945251e-02   2.1756211e-02   9.9279486e-01   5.5948513e-03
   2.1227300e+01   1.2780616e-01   6.2596281e-01   6.1271842e-02   2.5803255e-02   9.9748077e-01   7.7909408e-03
   2.2753359e+01   1.6452374e-01   7.3545955e-01   7.6379033e-02   3.0525182e-02   9.9912785e-01   1.0857278e-02
   2.4389128e+01   2.0936518e-01   8.2266022e-01   9.4815726e-02   3.6041850e-02   9.9969965e-01   1.5129630e-02
   2.6142495e+01   2.6275126e-01   8.8595001e-01   1.1715175e-01   4.2484485e-02   9.9989685e-01   2.1068398e-02
   2.8021913e+01   3.2433948e-01   9.2878465e-01   1.4394057e-01   4.9996561e-02   9.9996462e-01   2.9298937e-02
   3.0036445e+01   3.9281515e-01   9.5639636e-01   1.7566318e-01   5.8733777e-02   9.9998787e-01   4.0660167e-02
   3.2195805e+01   4.6587184e-01   9.7363296e-01   2.1265471e-01   6.8863180e-02   9.9999584e-01   5.5392332e-02
   3.4510404e+01   5.4045738e-01   9.8417651e-01   2.5501885e-01   8.0560886e-02   9.9999857e-01   7.3756823e-02
   3.6991402e+01   6.1325857e-01   9.9054603e-01   3.0254411e-01   9.4008246e-02   9.9999951e-01   9.6884758e-02
   3.9650763e+01   6.8127452e-01   9.9436541e-01   3.5464279e-01   1.0938632e-01   9.9999983e-01   1.2602120e-01
   4.2501309e+01   7.4227760e-01   9.9664579e-01   4.1033464e-01   1.2686809e-01   9.9999994e-01   1.6231829e-01
   4.5556784e+01   7.9502672e-01   9.9800405e-01   4.6829268e-01   1.4660804e-01   9.9999998e-01   2.0669963e-01
   4.8831921e+01   8.3922475e-01   9.9881215e-01   5.2695967e-01   1.6873120e-01   9.9999999e-01   2.5962018e-01
   5.2342512e+01   8.7529682e-01   9.9929272e-01   5.8470686e-01   1.9331835e-01   1.0000000e+00   3.2078560e-01
   5.6105484e+01   9.0411677e-01   9.9957854e-01   6.4001438e-01   2.2039291e-01   1.0000000e+00   3.8893680e-01
   6.0138982e+01   9.2675786e-01   9.9974860e-01   6.9162072e-01   2.4990614e-01   1.0000000e+00   4.6181752e-01
   6.4462452e+01   9.4431521e-01   9.9984985e-01   7.3862321e-01   2.8172757e-01   1.0000000e+00   5.3640546e-01
   6.9096743e+01   9.5779640e-01   9.9991019e-01   7.8050377e-01   3.1563508e-01   1.0000000e+00   6.0938673e-01
   7.4064199e+01   9.6807300e-01   9.9994619e-01   8.1710649e-01   3.5131826e-01   1.0000000e+00   6.7772971e-01
   7.9388772e+01   9.7586588e-01   9.9996769e-01   8.4856572e-01   3.8838206e-01   1.0000000e+00   7.3915660e-01
   8.5096136e+01   9.8175394e-01   9.9998055e-01   8.7522317e-01   4.2636154e-01   1.0000000e+00   7.9237148e-01
   9.1213809e+01   9.8619208e-01   9.9998826e-01   8.9754511e-01   4.6474080e-01   1.0000000e+00   8.3703033e-01
   9.7771290e+01   9.8953280e-01   9.9999289e-01   9.1605642e-01   5.0298291e-01   1.0000000e+00   8.7352598e-01
   1.0480020e+02   9.9204584e-01   9.9999568e-01   9.3128691e-01   5.4055322e-01   1.0000000e+00   9.0271469e-01
   1.1233442e+02   9.9393622e-01   9.9999736e-01   9.4373919e-01   5.7694875e-01   1.0000000e+00   9.2566384e-01
   1.2041029e+02   9.9535877e-01   9.9999838e-01   9.5386825e-01   6.1171745e-01   1.0000000e+00   9.4347118e-01
   1.2906675e+02   9.9642995e-01   9.9999900e-01   9.6207292e-01   6.4447328e-01   1.0000000e+00   9.5715075e-01
   1.3834553e+02   9.9723710e-01   9.9999938e-01   9.6869411e-01   6.7490192e-01   1.0000000e+00   9.6758227e-01
   1.4829137e+02   9.9784557e-01   9.9999961e-01   9.7401753e-01   7.0275861e-01   1.0000000e+00   9.7549453e-01
   1.5895223e+02   9.9830416e-01   9.9999975e-01   9.7827874e-01   7.2785952e-01   1.0000000e+00   9.8147377e-01
   1.7037951e+02   9.9864918e-01   9.9999984e-01   9.8166820e-01   7.5006202e-01   1.0000000e+00   9.8598108e-01
   1.8262832e+02   9.9890718e-01   9.9999989e-01   9.8433373e-01   7.6921922e-01   1.0000000e+00   9.8937405e-01
   1.9575771e+02   9.9909721e-01   9.9999993e-01   9.8638416e-01   7.8513736e-01   1.0000000e+00   9.9192645e-01
   2.0983099e+02   9.9923189e-01   9.9999995e-01   9.8788686e-01   7.9749709e-01   1.0000000e+00   9.9384641e-01
   2.2491602e+02   9.9931703e-01   9.9999996e-01   9.8885398e-01   8.0570847e-01   1.0000000e+00   9.9529118e-01
   2.4108553e+02   9.9934751e-01   9.9999996e-01   9.8919830e-01   8.0862608e-01   1.0000000e+00   9.9637904e-01
   2.5841749e+02   9.9934751e-01   9.9999996e-01   9.8919830e-01   8.0862608e-01   1.0000000e+00   9.9719873e-01
   2.7699546e+02   9.9934751e-01   9.9999996e-01   9.8919830e-01   8.0862608e-01   1.0000000e+00   9.9781665e-01
   2.9690903e+02   9.9934751e-01   9.9999996e-01   9.8919830e-01   8.0862608e-01   1.0000000e+00   9.9828237e-01
   3.1825421e+02   9.9934751e-01   9.9999996e-01   9.8919830e-01   8.0862608e-01   1.0000000e+00   9.9863281e-01
   3.4113393e+02   9.9934751e-01   9.9999996e-01   9.8919830e-01   8.0862608e-01   1.0000000e+00   9.9889499e-01
   3.6565850e+02   9.9934751e-01   9.9999996e-01   9.8919830e-01   8.0862608e-01   1.0000000e+00   9.9908835e-01
   3.9194617e+02   9.9934751e-01   9.9999996e-01   9.8919830e-01   8.0862608e-01   1.0000000e+00   9.9922583e-01
   4.2012369e+02   9.9934751e-01   9.9999996e-01   9.8919830e-01   8.0862608e-01   1.0000000e+00   9.9931367e-01
   4.5032694e+02   9.9934751e-01   9.9999996e-01   9.8919830e-01   8.0862608e-01   1.0000000e+00   9.9934751e-01
   4.8270154e+02   9.9934751e-01   9.9999996e-01   9.8919830e-01   8.0862608e-01   1.0000000e+00   9.9934751e-01
   5.1740359e+02   9.9934751e-01   9.9999996e-01   9.8919830e-01   8.0862608e-01   1.0000000e+00   9.9934751e-01
   5.5460042e+02   9.9934751e-01   9.9999996e-01   9.8919830e-01   8.0862608e-01   1.0000000e+00   9.9934751e-01
   5.9447137e+02   9.9934751e-01   9.9999996e-01   9.8919830e-01   8.0862608e-01   1.0000000e+00   9.9934751e-01
   6.3720870e+02   9.9934751e-01   9.9999996e-01   9.8919830e-01   8.0862608e-01   1.0000000e+00   9.9934751e-01
   6.8301848e+02   9.9934751e-01   9.9999996e-01   9.8919830e-01   8.0862608e-01   1.0000000e+00   9.9934751e-01
   7.3212158e+02   9.9934751e-01   9.9999996e-01   9.8919830e-01   8.0862608e-01   1.0000000e+00   9.9934751e-01
   7.8475476e+02   9.9934751e-01   9.9999996e-01   9.8919830e-01   8.0862608e-01   1.0000000e+00   9.9934751e-01
   8.4117182e+02   9.9934751e-01   9.9999996e-01   9.8919830e-01   8.0862608e-01   1.0000000e+00   9.9934751e-01
   9.0164477e+02   9.9934751e-01   9.9999996e-01   9.8919830e-01   8.0862608e-01   1.0000000e+00   9.9934751e-01
   9.6646520e+02   9.9934751e-01   9.9999996e-01   9.8919830e-01   8.0862608e-01   1.0000000e+00   9.9934751e-01
