S870 bestfit flat steep
   1.0359457e-03   4.6898976e-04   1.5740718e-04   1.4910364e-03
   1.1104212e-03   4.6899256e-04   1.5740786e-04   1.4910479e-03
   1.1902508e-03   4.6899556e-04   1.5740860e-04   1.4910602e-03
   1.2758195e-03   4.6899878e-04   1.5740938e-04   1.4910734e-03
   1.3675398e-03   4.6900223e-04   1.5741022e-04   1.4910876e-03
   1.4658541e-03   4.6900593e-04   1.5741112e-04   1.4911028e-03
   1.5712363e-03   4.6900989e-04   1.5741208e-04   1.4911191e-03
   1.6841945e-03   4.6901414e-04   1.5741312e-04   1.4911365e-03
   1.8052735e-03   4.6901870e-04   1.5741423e-04   1.4911552e-03
   1.9350570e-03   4.6902358e-04   1.5741542e-04   1.4911753e-03
   2.0741708e-03   4.6902881e-04   1.5741669e-04   1.4911968e-03
   2.2232857e-03   4.6903442e-04   1.5741806e-04   1.4912198e-03
   2.3831206e-03   4.6904043e-04   1.5741952e-04   1.4912445e-03
   2.5544463e-03   4.6904688e-04   1.5742109e-04   1.4912710e-03
   2.7380888e-03   4.6905378e-04   1.5742277e-04   1.4912994e-03
   2.9349336e-03   4.6906119e-04   1.5742458e-04   1.4913298e-03
   3.1459299e-03   4.6906913e-04   1.5742651e-04   1.4913624e-03
   3.3720949e-03   4.6907764e-04   1.5742858e-04   1.4913973e-03
   3.6145193e-03   4.6908676e-04   1.5743080e-04   1.4914348e-03
   3.8743718e-03   4.6909653e-04   1.5743318e-04   1.4914750e-03
   4.1529055e-03   4.6910701e-04   1.5743573e-04   1.4915180e-03
   4.4514634e-03   4.6911824e-04   1.5743847e-04   1.4915642e-03
   4.7714849e-03   4.6913028e-04   1.5744140e-04   1.4916136e-03
   5.1145133e-03   4.6914319e-04   1.5744454e-04   1.4916666e-03
   5.4822024e-03   4.6915703e-04   1.5744791e-04   1.4917235e-03
   5.8763252e-03   4.6917185e-04   1.5745152e-04   1.4917844e-03
   6.2987819e-03   4.6918775e-04   1.5745539e-04   1.4918497e-03
   6.7516097e-03   4.6920479e-04   1.5745954e-04   1.4919197e-03
   7.2369918e-03   4.6922306e-04   1.5746399e-04   1.4919947e-03
   7.7572687e-03   4.6924264e-04   1.5746875e-04   1.4920752e-03
   8.3149490e-03   4.6926362e-04   1.5747386e-04   1.4921614e-03
   8.9127216e-03   4.6928612e-04   1.5747934e-04   1.4922538e-03
   9.5534689e-03   4.6931024e-04   1.5748521e-04   1.4923529e-03
   1.0240280e-02   4.6933609e-04   1.5749151e-04   1.4924591e-03
   1.0976468e-02   4.6936380e-04   1.5749825e-04   1.4925730e-03
   1.1765580e-02   4.6939351e-04   1.5750549e-04   1.4926951e-03
   1.2611424e-02   4.6942535e-04   1.5751324e-04   1.4928259e-03
   1.3518075e-02   4.6945949e-04   1.5752155e-04   1.4929662e-03
   1.4489908e-02   4.6949608e-04   1.5753046e-04   1.4931165e-03
   1.5531606e-02   4.6953531e-04   1.5754000e-04   1.4932777e-03
   1.6648194e-02   4.6957736e-04   1.5755024e-04   1.4934505e-03
   1.7845055e-02   4.6962244e-04   1.5756121e-04   1.4936358e-03
   1.9127959e-02   4.6967076e-04   1.5757297e-04   1.4938343e-03
   2.0503093e-02   4.6972257e-04   1.5758558e-04   1.4940472e-03
   2.1977088e-02   4.6977810e-04   1.5759910e-04   1.4942755e-03
   2.3557050e-02   4.6983764e-04   1.5761359e-04   1.4945201e-03
   2.5250597e-02   4.6990146e-04   1.5762912e-04   1.4947825e-03
   2.7065896e-02   4.6996988e-04   1.5764577e-04   1.4950637e-03
   2.9011699e-02   4.7004324e-04   1.5766362e-04   1.4953652e-03
   3.1097388e-02   4.7012188e-04   1.5768276e-04   1.4956884e-03
   3.3333020e-02   4.7020618e-04   1.5770327e-04   1.4960350e-03
   3.5729375e-02   4.7029657e-04   1.5772527e-04   1.4964066e-03
   3.8298007e-02   4.7039348e-04   1.5774884e-04   1.4968050e-03
   4.1051301e-02   4.7049737e-04   1.5777412e-04   1.4972322e-03
   4.4002533e-02   4.7060876e-04   1.5780122e-04   1.4976902e-03
   4.7165933e-02   4.7072819e-04   1.5783027e-04   1.4981813e-03
   5.0556754e-02   4.7085624e-04   1.5786141e-04   1.4987079e-03
   5.4191346e-02   4.7099354e-04   1.5789480e-04   1.4992726e-03
   5.8087234e-02   4.7114075e-04   1.5793060e-04   1.4998781e-03
   6.2263201e-02   4.7129860e-04   1.5796899e-04   1.5005274e-03
   6.6739385e-02   4.7146786e-04   1.5801014e-04   1.5012237e-03
   7.1537368e-02   4.7164936e-04   1.5805427e-04   1.5019705e-03
   7.6680283e-02   4.7184398e-04   1.5810158e-04   1.5027714e-03
   8.2192930e-02   4.7205269e-04   1.5815230e-04   1.5036303e-03
   8.8101888e-02   4.7227652e-04   1.5820670e-04   1.5045516e-03
   9.4435649e-02   4.7251656e-04   1.5826502e-04   1.5055397e-03
   1.0122475e-01   4.7277399e-04   1.5832756e-04   1.5065997e-03
   1.0850193e-01   4.7305010e-04   1.5839463e-04   1.5077367e-03
   1.1630228e-01   4.7334624e-04   1.5846655e-04   1.5089564e-03
   1.2466341e-01   4.7366389e-04   1.5854368e-04   1.5102650e-03
   1.3362562e-01   4.7400462e-04   1.5862640e-04   1.5116690e-03
   1.4323214e-01   4.7437013e-04   1.5871511e-04   1.5131754e-03
   1.5352929e-01   4.7476224e-04   1.5881026e-04   1.5147918e-03
   1.6456672e-01   4.7518292e-04   1.5891231e-04   1.5165264e-03
   1.7639763e-01   4.7563428e-04   1.5902178e-04   1.5183881e-03
   1.8907909e-01   4.7611858e-04   1.5913920e-04   1.5203862e-03
   2.0267224e-01   4.7663827e-04   1.5926516e-04   1.5225310e-03
   2.1724261e-01   4.7719598e-04   1.5940029e-04   1.5248335e-03
   2.3286047e-01   4.7779454e-04   1.5954527e-04   1.5273055e-03
   2.4960112e-01   4.7843700e-04   1.5970082e-04   1.5299599e-03
   2.6754527e-01   4.7912665e-04   1.5986773e-04   1.5328105e-03
   2.8677945e-01   4.7986703e-04   1.6004684e-04   1.5358721e-03
   3.0739641e-01   4.8066197e-04   1.6023905e-04   1.5391609e-03
   3.2949554e-01   4.8151559e-04   1.6044534e-04   1.5426943e-03
   3.5318341e-01   4.8243233e-04   1.6066677e-04   1.5464911e-03
   3.7857423e-01   4.8341700e-04   1.6090447e-04   1.5505716e-03
   4.0579043e-01   4.8447479e-04   1.6115966e-04   1.5549579e-03
   4.3496324e-01   4.8561130e-04   1.6143366e-04   1.5596740e-03
   4.6623332e-01   4.8683262e-04   1.6172789e-04   1.5647456e-03
   4.9975145e-01   4.8814530e-04   1.6204388e-04   1.5702009e-03
   5.3567924e-01   4.8955646e-04   1.6238330e-04   1.5760703e-03
   5.7418993e-01   4.9107380e-04   1.6274794e-04   1.5823871e-03
   6.1546920e-01   4.9270568e-04   1.6313972e-04   1.5891873e-03
   6.5971609e-01   4.9446116e-04   1.6356075e-04   1.5965101e-03
   7.0714395e-01   4.9635010e-04   1.6401330e-04   1.6043984e-03
   7.5798146e-01   4.9838321e-04   1.6449981e-04   1.6128988e-03
   8.1247375e-01   5.0057215e-04   1.6502295e-04   1.6220624e-03
   8.7088356e-01   5.0292960e-04   1.6558560e-04   1.6319449e-03
   9.3349252e-01   5.0546940e-04   1.6619090e-04   1.6426076e-03
   1.0006025e+00   5.0820668e-04   1.6684225e-04   1.6541173e-03
   1.0725372e+00   5.1115793e-04   1.6754335e-04   1.6665476e-03
   1.1496433e+00   5.1434124e-04   1.6829822e-04   1.6799796e-03
   1.2322927e+00   5.1777640e-04   1.6911126e-04   1.6945023e-03
   1.3208838e+00   5.2148513e-04   1.6998724e-04   1.7102142e-03
   1.4158439e+00   5.2549130e-04   1.7093140e-04   1.7272240e-03
   1.5176308e+00   5.2982119e-04   1.7194944e-04   1.7456521e-03
   1.6267352e+00   5.3450376e-04   1.7304760e-04   1.7656323e-03
   1.7436834e+00   5.3957097e-04   1.7423275e-04   1.7873131e-03
   1.8690391e+00   5.4505821e-04   1.7551240e-04   1.8108602e-03
   2.0034068e+00   5.5100469e-04   1.7689481e-04   1.8364586e-03
   2.1474343e+00   5.5745396e-04   1.7838907e-04   1.8643153e-03
   2.3018162e+00   5.6445446e-04   1.8000522e-04   1.8946629e-03
   2.4672968e+00   5.7206027e-04   1.8175433e-04   1.9277628e-03
   2.6446740e+00   5.8033181e-04   1.8364865e-04   1.9639102e-03
   2.8348031e+00   5.8933682e-04   1.8570178e-04   2.0034392e-03
   3.0386009e+00   5.9915141e-04   1.8792882e-04   2.0467288e-03
   3.2570499e+00   6.0986131e-04   1.9034657e-04   2.0942106e-03
   3.4912035e+00   6.2156340e-04   1.9297378e-04   2.1463779e-03
   3.7421907e+00   6.3436746e-04   1.9583143e-04   2.2037957e-03
   4.0112218e+00   6.4839827e-04   1.9894303e-04   2.2671144e-03
   4.2995938e+00   6.6379812e-04   2.0233501e-04   2.3370848e-03
   4.6086973e+00   6.8072983e-04   2.0603717e-04   2.4145774e-03
   4.9400226e+00   6.9938037e-04   2.1008316e-04   2.5006056e-03
   5.2951673e+00   7.1996522e-04   2.1451115e-04   2.5963542e-03
   5.6758439e+00   7.4273373e-04   2.1936455e-04   2.7032143e-03
   6.0838878e+00   7.6797560e-04   2.2469287e-04   2.8228278e-03
   6.5212665e+00   7.9602882e-04   2.3055277e-04   2.9571412e-03
   6.9900890e+00   8.2728957e-04   2.3700937e-04   3.1084750e-03
   7.4926157e+00   8.6222434e-04   2.4413774e-04   3.2796097e-03
   8.0312697e+00   9.0138518e-04   2.5202478e-04   3.4738969e-03
   8.6086483e+00   9.4542876e-04   2.6077152e-04   3.6953999e-03
   9.2275354e+00   9.9514048e-04   2.7049585e-04   3.9490762e-03
   9.8909151e+00   1.0514650e-03   2.8133604e-04   4.2410141e-03
   1.0601986e+01   1.1155456e-03   2.9345499e-04   4.5787420e-03
   1.1364177e+01   1.1887745e-03   3.0704554e-04   4.9716365e-03
   1.2181162e+01   1.2728583e-03   3.2233723e-04   5.4314651e-03
   1.3056882e+01   1.3699041e-03   3.3960472e-04   5.9731138e-03
   1.3995559e+01   1.4825327e-03   3.5917856e-04   6.6155706e-03
   1.5001718e+01   1.6140291e-03   3.8145904e-04   7.3832683e-03
   1.6080211e+01   1.7685454e-03   4.0693389e-04   8.3079338e-03
   1.7236239e+01   1.9513753e-03   4.3620151e-04   9.4311587e-03
   1.8475375e+01   2.1693308e-03   4.7000121e-04   1.0808008e-02
   1.9803594e+01   2.4312633e-03   5.0925332e-04   1.2512131e-02
   2.1227300e+01   2.7487936e-03   5.5511260e-04   1.4643071e-02
   2.2753359e+01   3.1373456e-03   6.0904019e-04   1.7336806e-02
   2.4389128e+01   3.6176276e-03   6.7290141e-04   2.0781051e-02
   2.6142495e+01   4.2177837e-03   7.4910013e-04   2.5237618e-02
   2.8021913e+01   4.9765560e-03   8.4076550e-04   3.1075131e-02
   3.0036445e+01   5.9479984e-03   9.5201429e-04   3.8816759e-02
   3.2195805e+01   7.2085970e-03   1.0883244e-03   4.9209000e-02
   3.4510404e+01   8.8681724e-03   1.2570732e-03   6.3318041e-02
   3.6991402e+01   1.1086796e-02   1.4683245e-03   8.2656945e-02
   3.9650763e+01   1.4101355e-02   1.7359955e-03   1.0933296e-01
   4.2501309e+01   1.8267684e-02   2.0796146e-03   1.4616497e-01
   4.5556784e+01   2.4127798e-02   2.5270106e-03   1.9663350e-01
   4.8831921e+01   3.2517063e-02   3.1184981e-03   2.6437942e-01
   5.2342512e+01   4.4732577e-02   3.9135050e-03   3.5185066e-01
   5.6105484e+01   6.2787303e-02   5.0012577e-03   4.5795705e-01
   6.0138982e+01   8.9758187e-02   6.5183228e-03   5.7573714e-01
   6.4462452e+01   1.3015297e-01   8.6779208e-03   6.9256799e-01
   6.9096743e+01   1.8996652e-01   1.1819727e-02   7.9465689e-01
   7.4064199e+01   2.7556974e-01   1.6495623e-02   8.7318261e-01
   7.9388772e+01   3.9012022e-01   2.3618421e-02   9.2696576e-01
   8.5096136e+01   5.2758581e-01   3.4718544e-02   9.6036398e-01
   9.1213809e+01   6.6957420e-01   5.2373799e-02   9.7952221e-01
   9.7771290e+01   7.9264559e-01   8.0869006e-02   9.8983725e-01
   1.0480020e+02   8.8224873e-01   1.2698305e-01   9.9511642e-01
   1.1233442e+02   9.3838414e-01   2.0015879e-01   9.9771129e-01
   1.2041029e+02   9.6969261e-01   3.0979978e-01   9.9894743e-01
   1.2906675e+02   9.8574177e-01   4.5658282e-01   9.9952291e-01
   1.3834553e+02   9.9349576e-01   6.2141315e-01   9.9978659e-01
   1.4829137e+02   9.9709393e-01   7.6967257e-01   9.9990600e-01
   1.5895223e+02   9.9872062e-01   8.7602568e-01   9.9995945e-01
   1.7037951e+02   9.9944430e-01   9.3916323e-01   9.9998300e-01
   1.8262832e+02   9.9976267e-01   9.7191266e-01   9.9999313e-01
   1.9575771e+02   9.9990104e-01   9.8750135e-01   9.9999735e-01
   2.0983099e+02   9.9996007e-01   9.9455892e-01   9.9999903e-01
   2.2491602e+02   9.9998456e-01   9.9766890e-01   9.9999967e-01
   2.4108553e+02   9.9999433e-01   9.9901885e-01   9.9999989e-01
   2.5841749e+02   9.9999803e-01   9.9959721e-01   9.9999997e-01
   2.7699546e+02   9.9999936e-01   9.9984032e-01   9.9999999e-01
   2.9690903e+02   9.9999981e-01   9.9993950e-01   1.0000000e+00
   3.1825421e+02   9.9999995e-01   9.9997830e-01   1.0000000e+00
   3.4113393e+02   9.9999999e-01   9.9999270e-01   1.0000000e+00
   3.6565850e+02   1.0000000e+00   9.9999771e-01   1.0000000e+00
   3.9194617e+02   1.0000000e+00   9.9999934e-01   1.0000000e+00
   4.2012369e+02   1.0000000e+00   9.9999982e-01   1.0000000e+00
   4.5032694e+02   1.0000000e+00   9.9999996e-01   1.0000000e+00
   4.8270154e+02   1.0000000e+00   9.9999999e-01   1.0000000e+00
   5.1740359e+02   1.0000000e+00   1.0000000e+00   1.0000000e+00
   5.5460042e+02   1.0000000e+00   1.0000000e+00   1.0000000e+00
   5.9447137e+02   1.0000000e+00   1.0000000e+00   1.0000000e+00
   6.3720870e+02   1.0000000e+00   1.0000000e+00   1.0000000e+00
   6.8301848e+02   1.0000000e+00   1.0000000e+00   1.0000000e+00
   7.3212158e+02   1.0000000e+00   1.0000000e+00   1.0000000e+00
   7.8475476e+02   1.0000000e+00   1.0000000e+00   1.0000000e+00
   8.4117182e+02   1.0000000e+00   1.0000000e+00   1.0000000e+00
   9.0164477e+02   1.0000000e+00   1.0000000e+00   1.0000000e+00
   9.6646520e+02   1.0000000e+00   1.0000000e+00   1.0000000e+00
