S870 karim steep flat veryflat verysteep break15
   1.0359457e-03   2.2306066e-02   2.0195934e-02   2.2306066e-02   2.2306066e-02   2.2306066e-02   2.2306066e-02
   1.1104212e-03   2.2306066e-02   2.0195934e-02   2.2306066e-02   2.2306066e-02   2.2306066e-02   2.2306066e-02
   1.1902508e-03   2.2306066e-02   2.0195934e-02   2.2306066e-02   2.2306066e-02   2.2306066e-02   2.2306066e-02
   1.2758195e-03   2.2306066e-02   2.0195934e-02   2.2306066e-02   2.2306066e-02   2.2306066e-02   2.2306066e-02
   1.3675398e-03   2.2306066e-02   2.0195934e-02   2.2306066e-02   2.2306066e-02   2.2306066e-02   2.2306066e-02
   1.4658541e-03   2.2306066e-02   2.0195934e-02   2.2306066e-02   2.2306066e-02   2.2306066e-02   2.2306066e-02
   1.5712363e-03   2.2306066e-02   2.0195934e-02   2.2306066e-02   2.2306066e-02   2.2306066e-02   2.2306066e-02
   1.6841945e-03   2.2306066e-02   2.0195934e-02   2.2306066e-02   2.2306066e-02   2.2306066e-02   2.2306066e-02
   1.8052735e-03   2.2306066e-02   2.0195934e-02   2.2306066e-02   2.2306066e-02   2.2306066e-02   2.2306066e-02
   1.9350570e-03   2.2306066e-02   2.0195934e-02   2.2306066e-02   2.2306066e-02   2.2306066e-02   2.2306066e-02
   2.0741708e-03   2.2306066e-02   2.0195934e-02   2.2306066e-02   2.2306066e-02   2.2306066e-02   2.2306066e-02
   2.2232857e-03   2.2306066e-02   2.0195934e-02   2.2306066e-02   2.2306066e-02   2.2306066e-02   2.2306066e-02
   2.3831206e-03   2.2306066e-02   2.0195934e-02   2.2306066e-02   2.2306066e-02   2.2306066e-02   2.2306066e-02
   2.5544463e-03   2.2306066e-02   2.0195934e-02   2.2306066e-02   2.2306066e-02   2.2306066e-02   2.2306066e-02
   2.7380888e-03   2.2306066e-02   2.0195934e-02   2.2306066e-02   2.2306066e-02   2.2306066e-02   2.2306066e-02
   2.9349336e-03   2.2306066e-02   2.0195934e-02   2.2306066e-02   2.2306066e-02   2.2306066e-02   2.2306066e-02
   3.1459299e-03   2.2306066e-02   2.0195934e-02   2.2306066e-02   2.2306066e-02   2.2306066e-02   2.2306066e-02
   3.3720949e-03   2.2306066e-02   2.0195934e-02   2.2306066e-02   2.2306066e-02   2.2306066e-02   2.2306066e-02
   3.6145193e-03   2.2306066e-02   2.0195934e-02   2.2306066e-02   2.2306066e-02   2.2306066e-02   2.2306066e-02
   3.8743718e-03   2.2306066e-02   2.0195934e-02   2.2306066e-02   2.2306066e-02   2.2306066e-02   2.2306066e-02
   4.1529055e-03   2.2306066e-02   2.0195934e-02   2.2306066e-02   2.2306066e-02   2.2306066e-02   2.2306066e-02
   4.4514634e-03   2.2306066e-02   2.0195934e-02   2.2306066e-02   2.2306066e-02   2.2306066e-02   2.2306066e-02
   4.7714849e-03   2.2306066e-02   2.0195934e-02   2.2306066e-02   2.2306066e-02   2.2306066e-02   2.2306066e-02
   5.1145133e-03   2.2306066e-02   2.0195934e-02   2.2306066e-02   2.2306066e-02   2.2306066e-02   2.2306066e-02
   5.4822024e-03   2.2306066e-02   2.0195934e-02   2.2306066e-02   2.2306066e-02   2.2306066e-02   2.2306066e-02
   5.8763252e-03   2.2306066e-02   2.0195934e-02   2.2306066e-02   2.2306066e-02   2.2306066e-02   2.2306066e-02
   6.2987819e-03   2.2306066e-02   2.0195934e-02   2.2306066e-02   2.2306066e-02   2.2306066e-02   2.2306066e-02
   6.7516097e-03   2.2306066e-02   2.0195934e-02   2.2306066e-02   2.2306066e-02   2.2306066e-02   2.2306066e-02
   7.2369918e-03   2.2306066e-02   2.0195934e-02   2.2306066e-02   2.2306066e-02   2.2306066e-02   2.2306066e-02
   7.7572687e-03   2.2306066e-02   2.0195934e-02   2.2306066e-02   2.2306066e-02   2.2306066e-02   2.2306066e-02
   8.3149490e-03   2.2306066e-02   2.0195934e-02   2.2306066e-02   2.2306066e-02   2.2306066e-02   2.2306066e-02
   8.9127216e-03   2.2306066e-02   2.0195934e-02   2.2306066e-02   2.2306066e-02   2.2306066e-02   2.2306066e-02
   9.5534689e-03   2.2306066e-02   2.0195934e-02   2.2306066e-02   2.2306066e-02   2.2306066e-02   2.2306066e-02
   1.0240280e-02   2.2306066e-02   2.0195934e-02   2.2306066e-02   2.2306066e-02   2.2306066e-02   2.2306066e-02
   1.0976468e-02   2.2306066e-02   2.0195934e-02   2.2306066e-02   2.2306066e-02   2.2306066e-02   2.2306066e-02
   1.1765580e-02   2.2306066e-02   2.0195934e-02   2.2306066e-02   2.2306066e-02   2.2306066e-02   2.2306066e-02
   1.2611424e-02   2.2306066e-02   2.0195934e-02   2.2306066e-02   2.2306066e-02   2.2306066e-02   2.2306066e-02
   1.3518075e-02   2.2306066e-02   2.0195934e-02   2.2306066e-02   2.2306066e-02   2.2306066e-02   2.2306066e-02
   1.4489908e-02   2.2306066e-02   2.0195934e-02   2.2306066e-02   2.2306066e-02   2.2306066e-02   2.2306066e-02
   1.5531606e-02   2.2306066e-02   2.0195934e-02   2.2306066e-02   2.2306066e-02   2.2306066e-02   2.2306066e-02
   1.6648194e-02   2.2306066e-02   2.0195934e-02   2.2306066e-02   2.2306066e-02   2.2306066e-02   2.2306066e-02
   1.7845055e-02   2.2306066e-02   2.0195934e-02   2.2306066e-02   2.2306066e-02   2.2306066e-02   2.2306066e-02
   1.9127959e-02   2.2306066e-02   2.0195934e-02   2.2306066e-02   2.2306066e-02   2.2306066e-02   2.2306066e-02
   2.0503093e-02   2.2306066e-02   2.0195934e-02   2.2306066e-02   2.2306066e-02   2.2306066e-02   2.2306066e-02
   2.1977088e-02   2.2306066e-02   2.0195934e-02   2.2306066e-02   2.2306066e-02   2.2306066e-02   2.2306066e-02
   2.3557050e-02   2.2306066e-02   2.0195934e-02   2.2306066e-02   2.2306066e-02   2.2306066e-02   2.2306066e-02
   2.5250597e-02   2.2306066e-02   2.0195934e-02   2.2306066e-02   2.2306066e-02   2.2306066e-02   2.2306066e-02
   2.7065896e-02   2.2306066e-02   2.0195934e-02   2.2306066e-02   2.2306066e-02   2.2306066e-02   2.2306066e-02
   2.9011699e-02   2.2306066e-02   2.0195934e-02   2.2306066e-02   2.2306066e-02   2.2306066e-02   2.2306066e-02
   3.1097388e-02   2.2306066e-02   2.0195934e-02   2.2306066e-02   2.2306066e-02   2.2306066e-02   2.2306066e-02
   3.3333020e-02   2.2306066e-02   2.0195934e-02   2.2306066e-02   2.2306066e-02   2.2306066e-02   2.2306066e-02
   3.5729375e-02   2.2306066e-02   2.0195934e-02   2.2306066e-02   2.2306066e-02   2.2306066e-02   2.2306066e-02
   3.8298007e-02   2.2306066e-02   2.0195934e-02   2.2306066e-02   2.2306066e-02   2.2306066e-02   2.2306066e-02
   4.1051301e-02   2.2306066e-02   2.0195934e-02   2.2306066e-02   2.2306066e-02   2.2306066e-02   2.2306066e-02
   4.4002533e-02   2.2306066e-02   2.0195934e-02   2.2306066e-02   2.2306066e-02   2.2306066e-02   2.2306066e-02
   4.7165933e-02   2.2306066e-02   2.0195934e-02   2.2306066e-02   2.2306066e-02   2.2306066e-02   2.2306066e-02
   5.0556754e-02   2.2306066e-02   2.0195934e-02   2.2306066e-02   2.2306066e-02   2.2306066e-02   2.2306066e-02
   5.4191346e-02   2.2306066e-02   2.0195934e-02   2.2306066e-02   2.2306066e-02   2.2306066e-02   2.2306066e-02
   5.8087234e-02   2.2306066e-02   2.0195934e-02   2.2306066e-02   2.2306066e-02   2.2306066e-02   2.2306066e-02
   6.2263201e-02   2.2306066e-02   2.0195934e-02   2.2306066e-02   2.2306066e-02   2.2306066e-02   2.2306066e-02
   6.6739385e-02   2.2306066e-02   2.0195934e-02   2.2306066e-02   2.2306066e-02   2.2306066e-02   2.2306066e-02
   7.1537368e-02   2.2306066e-02   2.0195934e-02   2.2306066e-02   2.2306066e-02   2.2306066e-02   2.2306066e-02
   7.6680283e-02   2.2306066e-02   2.0195934e-02   2.2306066e-02   2.2306066e-02   2.2306066e-02   2.2306066e-02
   8.2192930e-02   2.2306066e-02   2.0195934e-02   2.2306066e-02   2.2306066e-02   2.2306066e-02   2.2306066e-02
   8.8101888e-02   2.2306066e-02   2.0195934e-02   2.2306066e-02   2.2306066e-02   2.2306066e-02   2.2306066e-02
   9.4435649e-02   2.2306066e-02   2.0195934e-02   2.2306066e-02   2.2306066e-02   2.2306066e-02   2.2306066e-02
   1.0122475e-01   2.2306066e-02   2.0195934e-02   2.2306066e-02   2.2306066e-02   2.2306066e-02   2.2306066e-02
   1.0850193e-01   2.2306066e-02   2.0195934e-02   2.2306066e-02   2.2306066e-02   2.2306066e-02   2.2306066e-02
   1.1630228e-01   2.2306066e-02   2.0195934e-02   2.2306066e-02   2.2306066e-02   2.2306066e-02   2.2306066e-02
   1.2466341e-01   2.2306066e-02   2.0195934e-02   2.2306066e-02   2.2306066e-02   2.2306066e-02   2.2306066e-02
   1.3362562e-01   2.2306066e-02   2.0195934e-02   2.2306066e-02   2.2306066e-02   2.2306066e-02   2.2306066e-02
   1.4323214e-01   2.2306066e-02   2.0195934e-02   2.2306066e-02   2.2306066e-02   2.2306066e-02   2.2306066e-02
   1.5352929e-01   2.2306066e-02   2.0195934e-02   2.2306066e-02   2.2306066e-02   2.2306066e-02   2.2306066e-02
   1.6456672e-01   2.2306066e-02   2.0195934e-02   2.2306066e-02   2.2306066e-02   2.2306066e-02   2.2306066e-02
   1.7639763e-01   2.2306066e-02   2.0195934e-02   2.2306066e-02   2.2306066e-02   2.2306066e-02   2.2306066e-02
   1.8907909e-01   2.2306066e-02   2.0195934e-02   2.2306066e-02   2.2306066e-02   2.2306066e-02   2.2306066e-02
   2.0267224e-01   2.2306066e-02   2.0195934e-02   2.2306066e-02   2.2306066e-02   2.2306066e-02   2.2306066e-02
   2.1724261e-01   2.2306066e-02   2.0195934e-02   2.2306066e-02   2.2306066e-02   2.2306066e-02   2.2306066e-02
   2.3286047e-01   2.2306066e-02   2.0195934e-02   2.2306066e-02   2.2306066e-02   2.2306066e-02   2.2306066e-02
   2.4960112e-01   2.2306066e-02   2.0195934e-02   2.2306066e-02   2.2306066e-02   2.2306066e-02   2.2306066e-02
   2.6754527e-01   2.2306066e-02   2.0195934e-02   2.2306066e-02   2.2306066e-02   2.2306066e-02   2.2306066e-02
   2.8677945e-01   2.2306066e-02   2.0195934e-02   2.2306066e-02   2.2306066e-02   2.2306066e-02   2.2306066e-02
   3.0739641e-01   2.2306066e-02   2.0195934e-02   2.2306066e-02   2.2306066e-02   2.2306066e-02   2.2306066e-02
   3.2949554e-01   2.2306066e-02   2.0195934e-02   2.2306066e-02   2.2306066e-02   2.2306066e-02   2.2306066e-02
   3.5318341e-01   2.2306066e-02   2.0195934e-02   2.2306066e-02   2.2306066e-02   2.2306066e-02   2.2306066e-02
   3.7857423e-01   2.2306066e-02   2.0195934e-02   2.2306066e-02   2.2306066e-02   2.2306066e-02   2.2306066e-02
   4.0579043e-01   2.2306066e-02   2.0195934e-02   2.2306066e-02   2.2306066e-02   2.2306066e-02   2.2306066e-02
   4.3496324e-01   2.2306066e-02   2.0195934e-02   2.2306066e-02   2.2306066e-02   2.2306066e-02   2.2306066e-02
   4.6623332e-01   2.2306066e-02   2.0195934e-02   2.2306066e-02   2.2306066e-02   2.2306066e-02   2.2306066e-02
   4.9975145e-01   2.2306066e-02   2.0195934e-02   2.2306066e-02   2.2306066e-02   2.2306066e-02   2.2306066e-02
   5.3567924e-01   2.2306066e-02   2.0195934e-02   2.2306066e-02   2.2306066e-02   2.2306066e-02   2.2306066e-02
   5.7418993e-01   2.2306066e-02   2.0195934e-02   2.2306066e-02   2.2306066e-02   2.2306066e-02   2.2306066e-02
   6.1546920e-01   2.2306066e-02   2.0195934e-02   2.2306066e-02   2.2306066e-02   2.2306066e-02   2.2306066e-02
   6.5971609e-01   2.2306066e-02   2.0195934e-02   2.2306066e-02   2.2306066e-02   2.2306066e-02   2.2306066e-02
   7.0714395e-01   2.2306066e-02   2.0195934e-02   2.2306066e-02   2.2306066e-02   2.2306066e-02   2.2306066e-02
   7.5798146e-01   2.2306066e-02   2.0195934e-02   2.2306066e-02   2.2306066e-02   2.2306066e-02   2.2306066e-02
   8.1247375e-01   2.2306066e-02   2.0195934e-02   2.2306066e-02   2.2306066e-02   2.2306066e-02   2.2306066e-02
   8.7088356e-01   2.2306066e-02   2.0195934e-02   2.2306066e-02   2.2306066e-02   2.2306066e-02   2.2306066e-02
   9.3349252e-01   2.2306066e-02   2.0195934e-02   2.2306066e-02   2.2306066e-02   2.2306066e-02   2.2306066e-02
   1.0006025e+00   2.2306066e-02   2.0195934e-02   2.2306066e-02   2.2306066e-02   2.2306066e-02   2.2306066e-02
   1.0725372e+00   2.2306066e-02   2.0195934e-02   2.2306066e-02   2.2306066e-02   2.2306066e-02   2.2306066e-02
   1.1496433e+00   2.2306066e-02   2.0195934e-02   2.2306066e-02   2.2306066e-02   2.2306066e-02   2.2306066e-02
   1.2322927e+00   2.2306066e-02   2.0195934e-02   2.2306066e-02   2.2306066e-02   2.2306066e-02   2.2306066e-02
   1.3208838e+00   2.2306066e-02   2.0195934e-02   2.2306066e-02   2.2306066e-02   2.2306066e-02   2.2306066e-02
   1.4158439e+00   2.2306066e-02   2.0195934e-02   2.2306066e-02   2.2306066e-02   2.2306066e-02   2.2306066e-02
   1.5176308e+00   2.2306066e-02   2.0195934e-02   2.2306066e-02   2.2306066e-02   2.2306066e-02   2.2306066e-02
   1.6267352e+00   2.2306066e-02   2.0195934e-02   2.2306066e-02   2.2306066e-02   2.2306066e-02   2.2306066e-02
   1.7436834e+00   2.2306066e-02   2.0195934e-02   2.2306066e-02   2.2306066e-02   2.2306066e-02   2.2306066e-02
   1.8690391e+00   2.2306066e-02   2.0195934e-02   2.2306066e-02   2.2306066e-02   2.2306066e-02   2.2306066e-02
   2.0034068e+00   2.2306066e-02   2.0195934e-02   2.2306066e-02   2.2306066e-02   2.2306066e-02   2.2306066e-02
   2.1474343e+00   2.2306066e-02   2.0195934e-02   2.2306066e-02   2.2306066e-02   2.2306066e-02   2.2306066e-02
   2.3018162e+00   2.2306066e-02   2.0195934e-02   2.2306066e-02   2.2306066e-02   2.2306066e-02   2.2306066e-02
   2.4672968e+00   2.2306066e-02   2.0195934e-02   2.2306066e-02   2.2306066e-02   2.2306066e-02   2.2306066e-02
   2.6446740e+00   2.2306066e-02   2.0195934e-02   2.2306066e-02   2.2306066e-02   2.2306066e-02   2.2306066e-02
   2.8348031e+00   2.2306066e-02   2.0195934e-02   2.2306066e-02   2.2306066e-02   2.2306066e-02   2.2306066e-02
   3.0386009e+00   2.2306066e-02   2.0195934e-02   2.2306066e-02   2.2306066e-02   2.2306066e-02   2.2306066e-02
   3.2570499e+00   2.2306066e-02   2.0195934e-02   2.2306066e-02   2.2306066e-02   2.2306066e-02   2.2306066e-02
   3.4912035e+00   2.2306066e-02   2.0195934e-02   2.2306066e-02   2.2306066e-02   2.2306066e-02   2.2306066e-02
   3.7421907e+00   2.2306066e-02   2.0195934e-02   2.2306066e-02   2.2306066e-02   2.2306066e-02   2.2306066e-02
   4.0112218e+00   2.2306066e-02   2.0195934e-02   2.2306066e-02   2.2306066e-02   2.2306066e-02   2.2306066e-02
   4.2995938e+00   2.2306066e-02   2.0195934e-02   2.2306066e-02   2.2306066e-02   2.2306066e-02   2.2306066e-02
   4.6086973e+00   2.2306066e-02   2.0195934e-02   2.2306066e-02   2.2306066e-02   2.2306066e-02   2.2306066e-02
   4.9400226e+00   2.2306066e-02   2.0195934e-02   2.2306066e-02   2.2306066e-02   2.2306066e-02   2.2306066e-02
   5.2951673e+00   2.2306066e-02   2.0195934e-02   2.2306066e-02   2.2306066e-02   2.2306066e-02   2.2306066e-02
   5.6758439e+00   2.2306066e-02   2.0195934e-02   2.2306066e-02   2.2306066e-02   2.2306066e-02   2.2306066e-02
   6.0838878e+00   2.2306066e-02   2.0195934e-02   2.2306066e-02   2.2306066e-02   2.2306066e-02   2.2306066e-02
   6.5212665e+00   2.2306066e-02   2.0195934e-02   2.2306066e-02   2.2306066e-02   2.2306066e-02   2.2306066e-02
   6.9900890e+00   2.2306066e-02   2.0195934e-02   2.2306066e-02   2.2306066e-02   2.2306066e-02   2.2306066e-02
   7.4926157e+00   2.2306066e-02   2.0195934e-02   2.2306066e-02   2.2306066e-02   2.2306066e-02   2.2306066e-02
   8.0312697e+00   2.2322539e-02   2.0221203e-02   2.2319559e-02   2.2316224e-02   2.2357675e-02   2.2306066e-02
   8.6086483e+00   2.7414070e-02   2.8492545e-02   2.6420344e-02   2.5345472e-02   4.1623427e-02   2.2306066e-02
   9.2275354e+00   3.7333959e-02   4.7595284e-02   3.4047102e-02   3.0691434e-02   1.0314604e-01   2.2306066e-02
   9.8909151e+00   5.0566854e-02   7.8604854e-02   4.3673950e-02   3.7029738e-02   2.4264869e-01   2.2306066e-02
   1.0601986e+01   6.0971608e-02   1.0697421e-01   5.0845312e-02   4.1468655e-02   4.0277982e-01   2.2306066e-02
   1.1364177e+01   6.9381886e-02   1.3340997e-01   5.6323646e-02   4.4646754e-02   5.6725708e-01   2.2306066e-02
   1.2181162e+01   7.7065859e-02   1.6100556e-01   6.1053717e-02   4.7217514e-02   7.2204548e-01   2.2306066e-02
   1.3056882e+01   8.4770893e-02   1.9229318e-01   6.5538245e-02   4.9501032e-02   8.4491165e-01   2.2306066e-02
   1.3995559e+01   9.3077889e-02   2.2995255e-01   7.0114322e-02   5.1684954e-02   9.2443575e-01   2.2306066e-02
   1.5001718e+01   1.0254797e-01   2.7703204e-01   7.5059961e-02   5.3898664e-02   9.6703808e-01   2.2311912e-02
   1.6080211e+01   1.1380344e-01   3.3670861e-01   8.0645947e-02   5.6246137e-02   9.8673919e-01   2.6984819e-02
   1.7236239e+01   1.2758163e-01   4.1131930e-01   8.7166573e-02   5.8822573e-02   9.9495716e-01   3.6689810e-02
   1.8475375e+01   1.4477046e-01   5.0053908e-01   9.4961071e-02   6.1723907e-02   9.9815534e-01   4.9896627e-02
   1.9803594e+01   1.6642446e-01   5.9950232e-01   1.0443200e-01   6.5053697e-02   9.9934330e-01   6.0470186e-02
   2.1227300e+01   1.9369464e-01   6.9860692e-01   1.1603943e-01   6.8921617e-02   9.9977039e-01   6.8949527e-02
   2.2753359e+01   2.2763845e-01   7.8683761e-01   1.3026523e-01   7.3434550e-02   9.9992051e-01   7.6651601e-02
   2.4389128e+01   2.6909242e-01   8.5710249e-01   1.4762629e-01   7.8707048e-02   9.9997263e-01   8.4339987e-02
   2.6142495e+01   3.1844553e-01   9.0810038e-01   1.6865918e-01   8.4864529e-02   9.9999060e-01   9.2600062e-02
   2.8021913e+01   3.7538117e-01   9.4261583e-01   1.9388508e-01   9.2044118e-02   9.9999678e-01   1.0199159e-01
   3.0036445e+01   4.3868395e-01   9.6486490e-01   2.2375691e-01   1.0039462e-01   9.9999889e-01   1.1313195e-01
   3.2195805e+01   5.0622169e-01   9.7875387e-01   2.5859027e-01   1.1007569e-01   9.9999962e-01   1.2675120e-01
   3.4510404e+01   5.7517279e-01   9.8724969e-01   2.9848279e-01   1.2125565e-01   9.9999987e-01   1.4372837e-01
   3.6991402e+01   6.4247433e-01   9.9238214e-01   3.4323531e-01   1.3410783e-01   9.9999996e-01   1.6510915e-01
   3.9650763e+01   7.0535212e-01   9.9545974e-01   3.9229443e-01   1.4880526e-01   9.9999998e-01   1.9204452e-01
   4.2501309e+01   7.6174683e-01   9.9729723e-01   4.4473709e-01   1.6551328e-01   9.9999999e-01   2.2559961e-01
   4.5556784e+01   8.1051110e-01   9.9839170e-01   4.9931373e-01   1.8437953e-01   1.0000000e+00   2.6662823e-01
   4.8831921e+01   8.5137026e-01   9.9904285e-01   5.5455794e-01   2.0552351e-01   1.0000000e+00   3.1555099e-01
   5.2342512e+01   8.8471732e-01   9.9943009e-01   6.0893603e-01   2.2902242e-01   1.0000000e+00   3.7209576e-01
   5.6105484e+01   9.1136011e-01   9.9966040e-01   6.6101678e-01   2.5489866e-01   1.0000000e+00   4.3509859e-01
   6.0138982e+01   9.3229082e-01   9.9979743e-01   7.0961229e-01   2.8310561e-01   1.0000000e+00   5.0247365e-01
   6.4462452e+01   9.4852183e-01   9.9987901e-01   7.5387254e-01   3.1351862e-01   1.0000000e+00   5.7142696e-01
   6.9096743e+01   9.6098460e-01   9.9992763e-01   7.9330969e-01   3.4592536e-01   1.0000000e+00   6.3889498e-01
   7.4064199e+01   9.7048487e-01   9.9995664e-01   8.2777692e-01   3.8002919e-01   1.0000000e+00   7.0207511e-01
   7.9388772e+01   9.7768905e-01   9.9997397e-01   8.5740075e-01   4.1545253e-01   1.0000000e+00   7.5886160e-01
   8.5096136e+01   9.8313231e-01   9.9998433e-01   8.8250294e-01   4.5175102e-01   1.0000000e+00   8.0805645e-01
   9.1213809e+01   9.8723518e-01   9.9999054e-01   9.0352257e-01   4.8843160e-01   1.0000000e+00   8.4934161e-01
   9.7771290e+01   9.9032353e-01   9.9999427e-01   9.2095389e-01   5.2498110e-01   1.0000000e+00   8.8308026e-01
   1.0480020e+02   9.9264672e-01   9.9999652e-01   9.3529579e-01   5.6088853e-01   1.0000000e+00   9.1006395e-01
   1.1233442e+02   9.9439430e-01   9.9999788e-01   9.4702157e-01   5.9567318e-01   1.0000000e+00   9.3127944e-01
   1.2041029e+02   9.9570939e-01   9.9999870e-01   9.5655968e-01   6.2890300e-01   1.0000000e+00   9.4774156e-01
   1.2906675e+02   9.9669965e-01   9.9999919e-01   9.6428567e-01   6.6020904e-01   1.0000000e+00   9.6038772e-01
   1.3834553e+02   9.9744582e-01   9.9999950e-01   9.7052057e-01   6.8929090e-01   1.0000000e+00   9.7003121e-01
   1.4829137e+02   9.9800832e-01   9.9999968e-01   9.7553341e-01   7.1591464e-01   1.0000000e+00   9.7734575e-01
   1.5895223e+02   9.9843227e-01   9.9999980e-01   9.7954601e-01   7.3990457e-01   1.0000000e+00   9.8287330e-01
   1.7037951e+02   9.9875123e-01   9.9999987e-01   9.8273772e-01   7.6112438e-01   1.0000000e+00   9.8704012e-01
   1.8262832e+02   9.9898974e-01   9.9999991e-01   9.8524774e-01   7.7943367e-01   1.0000000e+00   9.9017677e-01
   1.9575771e+02   9.9916541e-01   9.9999994e-01   9.8717854e-01   7.9464727e-01   1.0000000e+00   9.9253635e-01
   2.0983099e+02   9.9928992e-01   9.9999996e-01   9.8859356e-01   8.0645996e-01   1.0000000e+00   9.9431127e-01
   2.2491602e+02   9.9936863e-01   9.9999997e-01   9.8950427e-01   8.1430789e-01   1.0000000e+00   9.9564690e-01
   2.4108553e+02   9.9939680e-01   9.9999997e-01   9.8982850e-01   8.1709637e-01   1.0000000e+00   9.9665258e-01
   2.5841749e+02   9.9939680e-01   9.9999997e-01   9.8982850e-01   8.1709637e-01   1.0000000e+00   9.9741035e-01
   2.7699546e+02   9.9939680e-01   9.9999997e-01   9.8982850e-01   8.1709637e-01   1.0000000e+00   9.9798159e-01
   2.9690903e+02   9.9939680e-01   9.9999997e-01   9.8982850e-01   8.1709637e-01   1.0000000e+00   9.9841213e-01
   3.1825421e+02   9.9939680e-01   9.9999997e-01   9.8982850e-01   8.1709637e-01   1.0000000e+00   9.9873609e-01
   3.4113393e+02   9.9939680e-01   9.9999997e-01   9.8982850e-01   8.1709637e-01   1.0000000e+00   9.9897847e-01
   3.6565850e+02   9.9939680e-01   9.9999997e-01   9.8982850e-01   8.1709637e-01   1.0000000e+00   9.9915722e-01
   3.9194617e+02   9.9939680e-01   9.9999997e-01   9.8982850e-01   8.1709637e-01   1.0000000e+00   9.9928431e-01
   4.2012369e+02   9.9939680e-01   9.9999997e-01   9.8982850e-01   8.1709637e-01   1.0000000e+00   9.9936552e-01
   4.5032694e+02   9.9939680e-01   9.9999997e-01   9.8982850e-01   8.1709637e-01   1.0000000e+00   9.9939680e-01
   4.8270154e+02   9.9939680e-01   9.9999997e-01   9.8982850e-01   8.1709637e-01   1.0000000e+00   9.9939680e-01
   5.1740359e+02   9.9939680e-01   9.9999997e-01   9.8982850e-01   8.1709637e-01   1.0000000e+00   9.9939680e-01
   5.5460042e+02   9.9939680e-01   9.9999997e-01   9.8982850e-01   8.1709637e-01   1.0000000e+00   9.9939680e-01
   5.9447137e+02   9.9939680e-01   9.9999997e-01   9.8982850e-01   8.1709637e-01   1.0000000e+00   9.9939680e-01
   6.3720870e+02   9.9939680e-01   9.9999997e-01   9.8982850e-01   8.1709637e-01   1.0000000e+00   9.9939680e-01
   6.8301848e+02   9.9939680e-01   9.9999997e-01   9.8982850e-01   8.1709637e-01   1.0000000e+00   9.9939680e-01
   7.3212158e+02   9.9939680e-01   9.9999997e-01   9.8982850e-01   8.1709637e-01   1.0000000e+00   9.9939680e-01
   7.8475476e+02   9.9939680e-01   9.9999997e-01   9.8982850e-01   8.1709637e-01   1.0000000e+00   9.9939680e-01
   8.4117182e+02   9.9939680e-01   9.9999997e-01   9.8982850e-01   8.1709637e-01   1.0000000e+00   9.9939680e-01
   9.0164477e+02   9.9939680e-01   9.9999997e-01   9.8982850e-01   8.1709637e-01   1.0000000e+00   9.9939680e-01
   9.6646520e+02   9.9939680e-01   9.9999997e-01   9.8982850e-01   8.1709637e-01   1.0000000e+00   9.9939680e-01
