flux bestfit-meanmu bestfit-std flat-meanmu flat-std steep-meanmu steep-std
   1.0359457e-03   1.0464555e+00   1.6382420e-01   1.0419938e+00   6.8183866e-02   1.0614056e+00   4.7591448e-01
   1.1104212e-03   1.0464556e+00   1.6382480e-01   1.0419938e+00   6.8183981e-02   1.0614058e+00   4.7591672e-01
   1.1902508e-03   1.0464556e+00   1.6382545e-01   1.0419938e+00   6.8184103e-02   1.0614060e+00   4.7591911e-01
   1.2758195e-03   1.0464557e+00   1.6382615e-01   1.0419938e+00   6.8184234e-02   1.0614062e+00   4.7592169e-01
   1.3675398e-03   1.0464557e+00   1.6382689e-01   1.0419938e+00   6.8184375e-02   1.0614064e+00   4.7592444e-01
   1.4658541e-03   1.0464558e+00   1.6382769e-01   1.0419939e+00   6.8184526e-02   1.0614066e+00   4.7592740e-01
   1.5712363e-03   1.0464558e+00   1.6382854e-01   1.0419939e+00   6.8184687e-02   1.0614068e+00   4.7593056e-01
   1.6841945e-03   1.0464559e+00   1.6382946e-01   1.0419939e+00   6.8184860e-02   1.0614071e+00   4.7593396e-01
   1.8052735e-03   1.0464560e+00   1.6383044e-01   1.0419939e+00   6.8185046e-02   1.0614074e+00   4.7593759e-01
   1.9350570e-03   1.0464560e+00   1.6383150e-01   1.0419940e+00   6.8185245e-02   1.0614076e+00   4.7594149e-01
   2.0741708e-03   1.0464561e+00   1.6383263e-01   1.0419940e+00   6.8185458e-02   1.0614080e+00   4.7594567e-01
   2.2232857e-03   1.0464562e+00   1.6383384e-01   1.0419940e+00   6.8185687e-02   1.0614083e+00   4.7595015e-01
   2.3831206e-03   1.0464563e+00   1.6383513e-01   1.0419941e+00   6.8185932e-02   1.0614086e+00   4.7595496e-01
   2.5544463e-03   1.0464564e+00   1.6383652e-01   1.0419941e+00   6.8186194e-02   1.0614090e+00   4.7596011e-01
   2.7380888e-03   1.0464565e+00   1.6383801e-01   1.0419941e+00   6.8186476e-02   1.0614094e+00   4.7596562e-01
   2.9349336e-03   1.0464566e+00   1.6383961e-01   1.0419942e+00   6.8186778e-02   1.0614099e+00   4.7597154e-01
   3.1459299e-03   1.0464567e+00   1.6384133e-01   1.0419942e+00   6.8187101e-02   1.0614103e+00   4.7597788e-01
   3.3720949e-03   1.0464568e+00   1.6384316e-01   1.0419943e+00   6.8187448e-02   1.0614108e+00   4.7598468e-01
   3.6145193e-03   1.0464569e+00   1.6384513e-01   1.0419943e+00   6.8187820e-02   1.0614114e+00   4.7599196e-01
   3.8743718e-03   1.0464571e+00   1.6384724e-01   1.0419944e+00   6.8188218e-02   1.0614120e+00   4.7599977e-01
   4.1529055e-03   1.0464572e+00   1.6384950e-01   1.0419945e+00   6.8188645e-02   1.0614126e+00   4.7600814e-01
   4.4514634e-03   1.0464574e+00   1.6385192e-01   1.0419945e+00   6.8189103e-02   1.0614132e+00   4.7601711e-01
   4.7714849e-03   1.0464575e+00   1.6385452e-01   1.0419946e+00   6.8189594e-02   1.0614140e+00   4.7602673e-01
   5.1145133e-03   1.0464577e+00   1.6385731e-01   1.0419947e+00   6.8190119e-02   1.0614147e+00   4.7603704e-01
   5.4822024e-03   1.0464579e+00   1.6386029e-01   1.0419948e+00   6.8190683e-02   1.0614155e+00   4.7604809e-01
   5.8763252e-03   1.0464581e+00   1.6386349e-01   1.0419949e+00   6.8191288e-02   1.0614164e+00   4.7605994e-01
   6.2987819e-03   1.0464584e+00   1.6386692e-01   1.0419950e+00   6.8191935e-02   1.0614174e+00   4.7607263e-01
   6.7516097e-03   1.0464586e+00   1.6387060e-01   1.0419951e+00   6.8192630e-02   1.0614184e+00   4.7608624e-01
   7.2369918e-03   1.0464589e+00   1.6387454e-01   1.0419952e+00   6.8193374e-02   1.0614194e+00   4.7610083e-01
   7.7572687e-03   1.0464591e+00   1.6387876e-01   1.0419953e+00   6.8194172e-02   1.0614206e+00   4.7611647e-01
   8.3149490e-03   1.0464594e+00   1.6388329e-01   1.0419954e+00   6.8195027e-02   1.0614218e+00   4.7613323e-01
   8.9127216e-03   1.0464598e+00   1.6388815e-01   1.0419956e+00   6.8195944e-02   1.0614232e+00   4.7615120e-01
   9.5534689e-03   1.0464601e+00   1.6389335e-01   1.0419957e+00   6.8196926e-02   1.0614246e+00   4.7617047e-01
   1.0240280e-02   1.0464605e+00   1.6389893e-01   1.0419959e+00   6.8197980e-02   1.0614261e+00   4.7619111e-01
   1.0976468e-02   1.0464609e+00   1.6390491e-01   1.0419960e+00   6.8199109e-02   1.0614278e+00   4.7621325e-01
   1.1765580e-02   1.0464613e+00   1.6391132e-01   1.0419962e+00   6.8200319e-02   1.0614295e+00   4.7623697e-01
   1.2611424e-02   1.0464617e+00   1.6391819e-01   1.0419964e+00   6.8201616e-02   1.0614314e+00   4.7626240e-01
   1.3518075e-02   1.0464622e+00   1.6392555e-01   1.0419966e+00   6.8203007e-02   1.0614334e+00   4.7628967e-01
   1.4489908e-02   1.0464627e+00   1.6393345e-01   1.0419968e+00   6.8204498e-02   1.0614356e+00   4.7631889e-01
   1.5531606e-02   1.0464633e+00   1.6394191e-01   1.0419971e+00   6.8206096e-02   1.0614379e+00   4.7635022e-01
   1.6648194e-02   1.0464639e+00   1.6395098e-01   1.0419973e+00   6.8207809e-02   1.0614404e+00   4.7638380e-01
   1.7845055e-02   1.0464645e+00   1.6396070e-01   1.0419976e+00   6.8209645e-02   1.0614431e+00   4.7641980e-01
   1.9127959e-02   1.0464652e+00   1.6397113e-01   1.0419979e+00   6.8211613e-02   1.0614459e+00   4.7645839e-01
   2.0503093e-02   1.0464660e+00   1.6398230e-01   1.0419982e+00   6.8213723e-02   1.0614490e+00   4.7649975e-01
   2.1977088e-02   1.0464668e+00   1.6399428e-01   1.0419985e+00   6.8215985e-02   1.0614523e+00   4.7654410e-01
   2.3557050e-02   1.0464676e+00   1.6400712e-01   1.0419989e+00   6.8218410e-02   1.0614558e+00   4.7659164e-01
   2.5250597e-02   1.0464685e+00   1.6402088e-01   1.0419993e+00   6.8221009e-02   1.0614596e+00   4.7664260e-01
   2.7065896e-02   1.0464695e+00   1.6403564e-01   1.0419997e+00   6.8223795e-02   1.0614636e+00   4.7669723e-01
   2.9011699e-02   1.0464705e+00   1.6405146e-01   1.0420002e+00   6.8226782e-02   1.0614680e+00   4.7675579e-01
   3.1097388e-02   1.0464716e+00   1.6406842e-01   1.0420006e+00   6.8229983e-02   1.0614726e+00   4.7681858e-01
   3.3333020e-02   1.0464728e+00   1.6408660e-01   1.0420011e+00   6.8233416e-02   1.0614776e+00   4.7688588e-01
   3.5729375e-02   1.0464741e+00   1.6410609e-01   1.0420017e+00   6.8237095e-02   1.0614829e+00   4.7695804e-01
   3.8298007e-02   1.0464755e+00   1.6412698e-01   1.0420023e+00   6.8241040e-02   1.0614887e+00   4.7703540e-01
   4.1051301e-02   1.0464770e+00   1.6414938e-01   1.0420029e+00   6.8245268e-02   1.0614948e+00   4.7711833e-01
   4.4002533e-02   1.0464786e+00   1.6417339e-01   1.0420036e+00   6.8249802e-02   1.0615014e+00   4.7720724e-01
   4.7165933e-02   1.0464803e+00   1.6419913e-01   1.0420043e+00   6.8254661e-02   1.0615085e+00   4.7730256e-01
   5.0556754e-02   1.0464821e+00   1.6422673e-01   1.0420051e+00   6.8259871e-02   1.0615161e+00   4.7740475e-01
   5.4191346e-02   1.0464840e+00   1.6425632e-01   1.0420059e+00   6.8265457e-02   1.0615242e+00   4.7751432e-01
   5.8087234e-02   1.0464861e+00   1.6428805e-01   1.0420068e+00   6.8271445e-02   1.0615329e+00   4.7763179e-01
   6.2263201e-02   1.0464884e+00   1.6432206e-01   1.0420078e+00   6.8277865e-02   1.0615422e+00   4.7775774e-01
   6.6739385e-02   1.0464908e+00   1.6435853e-01   1.0420088e+00   6.8284748e-02   1.0615523e+00   4.7789278e-01
   7.1537368e-02   1.0464934e+00   1.6439763e-01   1.0420099e+00   6.8292127e-02   1.0615630e+00   4.7803757e-01
   7.6680283e-02   1.0464961e+00   1.6443955e-01   1.0420111e+00   6.8300039e-02   1.0615745e+00   4.7819282e-01
   8.2192930e-02   1.0464991e+00   1.6448450e-01   1.0420123e+00   6.8308521e-02   1.0615869e+00   4.7835929e-01
   8.8101888e-02   1.0465023e+00   1.6453270e-01   1.0420137e+00   6.8317616e-02   1.0616001e+00   4.7853779e-01
   9.4435649e-02   1.0465057e+00   1.6458438e-01   1.0420151e+00   6.8327368e-02   1.0616144e+00   4.7872920e-01
   1.0122475e-01   1.0465093e+00   1.6463980e-01   1.0420167e+00   6.8337824e-02   1.0616296e+00   4.7893446e-01
   1.0850193e-01   1.0465132e+00   1.6469922e-01   1.0420183e+00   6.8349035e-02   1.0616460e+00   4.7915457e-01
   1.1630228e-01   1.0465174e+00   1.6476295e-01   1.0420201e+00   6.8361057e-02   1.0616635e+00   4.7939062e-01
   1.2466341e-01   1.0465219e+00   1.6483129e-01   1.0420220e+00   6.8373948e-02   1.0616824e+00   4.7964377e-01
   1.3362562e-01   1.0465268e+00   1.6490458e-01   1.0420241e+00   6.8387772e-02   1.0617026e+00   4.7991527e-01
   1.4323214e-01   1.0465320e+00   1.6498318e-01   1.0420263e+00   6.8402596e-02   1.0617242e+00   4.8020647e-01
   1.5352929e-01   1.0465375e+00   1.6506748e-01   1.0420287e+00   6.8418493e-02   1.0617475e+00   4.8051880e-01
   1.6456672e-01   1.0465435e+00   1.6515790e-01   1.0420312e+00   6.8435542e-02   1.0617724e+00   4.8085381e-01
   1.7639763e-01   1.0465499e+00   1.6525488e-01   1.0420339e+00   6.8453826e-02   1.0617992e+00   4.8121317e-01
   1.8907909e-01   1.0465567e+00   1.6535891e-01   1.0420368e+00   6.8473437e-02   1.0618280e+00   4.8159866e-01
   2.0267224e-01   1.0465641e+00   1.6547051e-01   1.0420399e+00   6.8494470e-02   1.0618588e+00   4.8201222e-01
   2.1724261e-01   1.0465720e+00   1.6559022e-01   1.0420433e+00   6.8517031e-02   1.0618919e+00   4.8245591e-01
   2.3286047e-01   1.0465804e+00   1.6571865e-01   1.0420469e+00   6.8541232e-02   1.0619275e+00   4.8293196e-01
   2.4960112e-01   1.0465895e+00   1.6585645e-01   1.0420507e+00   6.8567192e-02   1.0619657e+00   4.8344277e-01
   2.6754527e-01   1.0465993e+00   1.6600430e-01   1.0420548e+00   6.8595042e-02   1.0620067e+00   4.8399090e-01
   2.8677945e-01   1.0466097e+00   1.6616295e-01   1.0420593e+00   6.8624920e-02   1.0620507e+00   4.8457914e-01
   3.0739641e-01   1.0466209e+00   1.6633321e-01   1.0420640e+00   6.8656977e-02   1.0620980e+00   4.8521048e-01
   3.2949554e-01   1.0466330e+00   1.6651593e-01   1.0420691e+00   6.8691374e-02   1.0621488e+00   4.8588814e-01
   3.5318341e-01   1.0466459e+00   1.6671205e-01   1.0420745e+00   6.8728284e-02   1.0622034e+00   4.8661557e-01
   3.7857423e-01   1.0466598e+00   1.6692257e-01   1.0420804e+00   6.8767894e-02   1.0622621e+00   4.8739654e-01
   4.0579043e-01   1.0466747e+00   1.6714857e-01   1.0420867e+00   6.8810406e-02   1.0623252e+00   4.8823506e-01
   4.3496324e-01   1.0466906e+00   1.6739121e-01   1.0420934e+00   6.8856035e-02   1.0623930e+00   4.8913549e-01
   4.6623332e-01   1.0467078e+00   1.6765175e-01   1.0421006e+00   6.8905016e-02   1.0624659e+00   4.9010253e-01
   4.9975145e-01   1.0467262e+00   1.6793156e-01   1.0421084e+00   6.8957599e-02   1.0625443e+00   4.9114124e-01
   5.3567924e-01   1.0467460e+00   1.6823208e-01   1.0421167e+00   6.9014057e-02   1.0626287e+00   4.9225711e-01
   5.7418993e-01   1.0467673e+00   1.6855491e-01   1.0421256e+00   6.9074682e-02   1.0627195e+00   4.9345606e-01
   6.1546920e-01   1.0467901e+00   1.6890174e-01   1.0421351e+00   6.9139789e-02   1.0628172e+00   4.9474449e-01
   6.5971609e-01   1.0468147e+00   1.6927444e-01   1.0421454e+00   6.9209721e-02   1.0629224e+00   4.9612934e-01
   7.0714395e-01   1.0468411e+00   1.6967500e-01   1.0421564e+00   6.9284845e-02   1.0630358e+00   4.9761812e-01
   7.5798146e-01   1.0468694e+00   1.7010558e-01   1.0421682e+00   6.9365559e-02   1.0631579e+00   4.9921897e-01
   8.1247375e-01   1.0468999e+00   1.7056853e-01   1.0421809e+00   6.9452295e-02   1.0632895e+00   5.0094070e-01
   8.7088356e-01   1.0469327e+00   1.7106639e-01   1.0421945e+00   6.9545519e-02   1.0634315e+00   5.0279290e-01
   9.3349252e-01   1.0469679e+00   1.7160192e-01   1.0422091e+00   6.9645735e-02   1.0635846e+00   5.0478597e-01
   1.0006025e+00   1.0470059e+00   1.7217811e-01   1.0422248e+00   6.9753491e-02   1.0637499e+00   5.0693121e-01
   1.0725372e+00   1.0470467e+00   1.7279823e-01   1.0422416e+00   6.9869379e-02   1.0639284e+00   5.0924095e-01
   1.1496433e+00   1.0470907e+00   1.7346581e-01   1.0422596e+00   6.9994044e-02   1.0641213e+00   5.1172859e-01
   1.2322927e+00   1.0471380e+00   1.7418470e-01   1.0422790e+00   7.0128185e-02   1.0643297e+00   5.1440873e-01
   1.3208838e+00   1.0471890e+00   1.7495910e-01   1.0422999e+00   7.0272561e-02   1.0645553e+00   5.1729735e-01
   1.4158439e+00   1.0472439e+00   1.7579361e-01   1.0423223e+00   7.0428000e-02   1.0647994e+00   5.2041189e-01
   1.5176308e+00   1.0473031e+00   1.7669322e-01   1.0423463e+00   7.0595402e-02   1.0650638e+00   5.2377142e-01
   1.6267352e+00   1.0473670e+00   1.7766342e-01   1.0423721e+00   7.0775751e-02   1.0653505e+00   5.2739685e-01
   1.7436834e+00   1.0474359e+00   1.7871018e-01   1.0423999e+00   7.0970117e-02   1.0656616e+00   5.3131113e-01
   1.8690391e+00   1.0475103e+00   1.7984010e-01   1.0424297e+00   7.1179672e-02   1.0659993e+00   5.3553945e-01
   2.0034068e+00   1.0475907e+00   1.8106037e-01   1.0424618e+00   7.1405698e-02   1.0663665e+00   5.4010954e-01
   2.1474343e+00   1.0476775e+00   1.8237894e-01   1.0424963e+00   7.1649599e-02   1.0667660e+00   5.4505198e-01
   2.3018162e+00   1.0477715e+00   1.8380454e-01   1.0425334e+00   7.1912916e-02   1.0672012e+00   5.5040050e-01
   2.4672968e+00   1.0478731e+00   1.8534680e-01   1.0425733e+00   7.2197342e-02   1.0676759e+00   5.5619242e-01
   2.6446740e+00   1.0479832e+00   1.8701638e-01   1.0426163e+00   7.2504737e-02   1.0681942e+00   5.6246909e-01
   2.8348031e+00   1.0481025e+00   1.8882505e-01   1.0426625e+00   7.2837156e-02   1.0687610e+00   5.6927639e-01
   3.0386009e+00   1.0482320e+00   1.9078587e-01   1.0427124e+00   7.3196863e-02   1.0693817e+00   5.7666539e-01
   3.2570499e+00   1.0483725e+00   1.9291338e-01   1.0427660e+00   7.3586364e-02   1.0700625e+00   5.8469301e-01
   3.4912035e+00   1.0485253e+00   1.9522372e-01   1.0428238e+00   7.4008437e-02   1.0708106e+00   5.9342281e-01
   3.7421907e+00   1.0486915e+00   1.9773495e-01   1.0428862e+00   7.4466162e-02   1.0716341e+00   6.0292602e-01
   4.0112218e+00   1.0488725e+00   2.0046722e-01   1.0429534e+00   7.4962969e-02   1.0725425e+00   6.1328257e-01
   4.2995938e+00   1.0490701e+00   2.0344314e-01   1.0430259e+00   7.5502680e-02   1.0735465e+00   6.2458240e-01
   4.6086973e+00   1.0492858e+00   2.0668813e-01   1.0431043e+00   7.6089566e-02   1.0746589e+00   6.3692702e-01
   4.9400226e+00   1.0495219e+00   2.1023080e-01   1.0431889e+00   7.6728410e-02   1.0758944e+00   6.5043129e-01
   5.2951673e+00   1.0497806e+00   2.1410349e-01   1.0432804e+00   7.7424582e-02   1.0772703e+00   6.6522555e-01
   5.6758439e+00   1.0500646e+00   2.1834282e-01   1.0433794e+00   7.8184126e-02   1.0788070e+00   6.8145813e-01
   6.0838878e+00   1.0503770e+00   2.2299041e-01   1.0434865e+00   7.9013864e-02   1.0805285e+00   6.9929840e-01
   6.5212665e+00   1.0507215e+00   2.2809368e-01   1.0436026e+00   7.9921515e-02   1.0824637e+00   7.1894036e-01
   6.9900890e+00   1.0511021e+00   2.3370684e-01   1.0437284e+00   8.0915840e-02   1.0846468e+00   7.4060696e-01
   7.4926157e+00   1.0515238e+00   2.3989207e-01   1.0438650e+00   8.2006813e-02   1.0871191e+00   7.6455533e-01
   8.0312697e+00   1.0519924e+00   2.4672093e-01   1.0440135e+00   8.3205821e-02   1.0899307e+00   7.9108309e-01
   8.6086483e+00   1.0525146e+00   2.5427612e-01   1.0441749e+00   8.4525912e-02   1.0931424e+00   8.2053600e-01
   9.2275354e+00   1.0530987e+00   2.6265347e-01   1.0443508e+00   8.5982081e-02   1.0968291e+00   8.5331733e-01
   9.8909151e+00   1.0537542e+00   2.7196458e-01   1.0445427e+00   8.7591623e-02   1.1010829e+00   8.8989929e-01
   1.0601986e+01   1.0544931e+00   2.8233986e-01   1.0447522e+00   8.9374560e-02   1.1060186e+00   9.3083706e-01
   1.1364177e+01   1.0553295e+00   2.9393238e-01   1.0449816e+00   9.1354153e-02   1.1117799e+00   9.7678615e-01
   1.2181162e+01   1.0562811e+00   3.0692264e-01   1.0452330e+00   9.3557533e-02   1.1185485e+00   1.0285238e+00
   1.3056882e+01   1.0573695e+00   3.2152441e-01   1.0455093e+00   9.6016473e-02   1.1265555e+00   1.0869758e+00
   1.3995559e+01   1.0586217e+00   3.3799215e-01   1.0458135e+00   9.8768328e-02   1.1360979e+00   1.1532493e+00
   1.5001718e+01   1.0600717e+00   3.5663022e-01   1.0461493e+00   1.0185722e-01   1.1475606e+00   1.2286745e+00
   1.6080211e+01   1.0617626e+00   3.7780465e-01   1.0465212e+00   1.0533547e-01   1.1614471e+00   1.3148564e+00
   1.7236239e+01   1.0637497e+00   4.0195801e-01   1.0469344e+00   1.0926545e-01   1.1784223e+00   1.4137389e+00
   1.8475375e+01   1.0661048e+00   4.2962846e-01   1.0473950e+00   1.1372183e-01   1.1993732e+00   1.5276858e+00
   1.9803594e+01   1.0689216e+00   4.6147426e-01   1.0479107e+00   1.1879448e-01   1.2254951e+00   1.6595795e+00
   2.1227300e+01   1.0723247e+00   4.9830552e-01   1.0484906e+00   1.2459210e-01   1.2584155e+00   1.8129433e+00
   2.2753359e+01   1.0764811e+00   5.4112548e-01   1.0491463e+00   1.3124694e-01   1.3003726e+00   1.9920857e+00
   2.4389128e+01   1.0816176e+00   5.9118459e-01   1.0498919e+00   1.3892077e-01   1.3544765e+00   2.2022680e+00
   2.6142495e+01   1.0880468e+00   6.5005161e-01   1.0507455e+00   1.4781272e-01   1.4250875e+00   2.4498817e+00
   2.8021913e+01   1.0962050e+00   7.1970761e-01   1.0517301e+00   1.5816942e-01   1.5183700e+00   2.7426081e+00
   3.0036445e+01   1.1067105e+00   8.0267040e-01   1.0528758e+00   1.7029840e-01   1.6430888e+00   3.0894933e+00
   3.2195805e+01   1.1204523e+00   9.0215956e-01   1.0542219e+00   1.8458586e-01   1.8117364e+00   3.5008031e+00
   3.4510404e+01   1.1387283e+00   1.0223144e+00   1.0558212e+00   2.0152040e-01   2.0420574e+00   3.9873958e+00
   3.6991402e+01   1.1634635e+00   1.1684794e+00   1.0577454e+00   2.2172498e-01   2.3589338e+00   4.5591496e+00
   3.9650763e+01   1.1975567e+00   1.3475704e+00   1.0600937e+00   2.4600046e-01   2.7962742e+00   5.2217069e+00
   4.2501309e+01   1.2454375e+00   1.5685249e+00   1.0630058e+00   2.7538522e-01   3.3977875e+00   5.9706048e+00
   4.5556784e+01   1.3139644e+00   1.8428095e+00   1.0666823e+00   3.1123763e-01   4.2141032e+00   6.7822740e+00
   4.8831921e+01   1.4138637e+00   2.1848758e+00   1.0714175e+00   3.5535085e-01   5.2919896e+00   7.6035719e+00
   5.2342512e+01   1.5619891e+00   2.6122635e+00   1.0776514e+00   4.1011385e-01   6.6517464e+00   8.3467204e+00
   5.6105484e+01   1.7846835e+00   3.1446420e+00   1.0860576e+00   4.7873828e-01   8.2563392e+00   8.9025817e+00
   6.0138982e+01   2.1222053e+00   3.8003123e+00   1.0976891e+00   5.6557858e-01   9.9923655e+00   9.1812742e+00
   6.4462452e+01   2.6328302e+00   4.5876082e+00   1.1142315e+00   6.7658190e-01   1.1691830e+01   9.1635242e+00
   6.9096743e+01   3.3916635e+00   5.4883087e+00   1.1384426e+00   8.1991146e-01   1.3196493e+01   8.9188083e+00
   7.4064199e+01   4.4731395e+00   6.4345522e+00   1.1749322e+00   1.0067805e+00   1.4419643e+01   8.5661574e+00
   7.9388772e+01   5.9049307e+00   7.2961767e+00   1.2315504e+00   1.2524809e+00   1.5359491e+01   8.2112172e+00
   8.5096136e+01   7.6057857e+00   7.9146643e+00   1.3218420e+00   1.5774041e+00   1.6068583e+01   7.9106985e+00
   9.1213809e+01   9.3724066e+00   8.1956587e+00   1.4692366e+00   2.0073212e+00   1.6614774e+01   7.6762677e+00
   9.7771290e+01   1.0972161e+01   8.1815615e+00   1.7135607e+00   2.5709106e+00   1.7057018e+01   7.4958706e+00
   1.0480020e+02   1.2270103e+01   8.0099813e+00   2.1188071e+00   3.2900826e+00   1.7437536e+01   7.3516115e+00
   1.1233442e+02   1.3263704e+01   7.8074696e+00   2.7747650e+00   4.1564594e+00   1.7783138e+01   7.2283382e+00
   1.2041029e+02   1.4025368e+01   7.6351414e+00   3.7718164e+00   5.0943787e+00   1.8109465e+01   7.1157032e+00
   1.2906675e+02   1.4637587e+01   7.5024757e+00   5.1259721e+00   5.9443248e+00   1.8425078e+01   7.0074468e+00
   1.3834553e+02   1.5162838e+01   7.3982448e+00   6.6954947e+00   6.5347554e+00   1.8734426e+01   6.9000713e+00
   1.4829137e+02   1.5640090e+01   7.3090432e+00   8.2235867e+00   6.8187003e+00   1.9039720e+01   6.7917303e+00
   1.5895223e+02   1.6091017e+01   7.2252043e+00   9.5158741e+00   6.8975382e+00   1.9342006e+01   6.6814947e+00
   1.7037951e+02   1.6526799e+01   7.1409921e+00   1.0537745e+01   6.8996959e+00   1.9641734e+01   6.5689255e+00
   1.8262832e+02   1.6952905e+01   7.0533580e+00   1.1354985e+01   6.8940464e+00   1.9939047e+01   6.4538443e+00
   1.9575771e+02   1.7371885e+01   6.9608135e+00   1.2047506e+01   6.8970476e+00   2.0233932e+01   6.3362158e+00
   2.0983099e+02   1.7784851e+01   6.8627113e+00   1.2672451e+01   6.9045767e+00   2.0526286e+01   6.2160881e+00
   2.2491602e+02   1.8192196e+01   6.7588515e+00   1.3262592e+01   6.9095175e+00   2.0815958e+01   6.0935610e+00
   2.4108553e+02   1.8593960e+01   6.6492804e+00   1.3834581e+01   6.9067328e+00   2.1102766e+01   5.9687689e+00
   2.5841749e+02   1.8989992e+01   6.5341885e+00   1.4396212e+01   6.8932662e+00   2.1386518e+01   5.8418696e+00
   2.7699546e+02   1.9380052e+01   6.4138558e+00   1.4950806e+01   6.8676044e+00   2.1667011e+01   5.7130384e+00
   2.9690903e+02   1.9763855e+01   6.2886203e+00   1.5499490e+01   6.8290796e+00   2.1944041e+01   5.5824629e+00
   3.1825421e+02   2.0141099e+01   6.1588584e+00   1.6042304e+01   6.7775272e+00   2.2217403e+01   5.4503405e+00
   3.4113393e+02   2.0511488e+01   6.0249711e+00   1.6578735e+01   6.7131070e+00   2.2486899e+01   5.3168759e+00
   3.6565850e+02   2.0874737e+01   5.8873751e+00   1.7108003e+01   6.6362067e+00   2.2752334e+01   5.1822798e+00
   3.9194617e+02   2.1230581e+01   5.7464959e+00   1.7629209e+01   6.5473817e+00   2.3013519e+01   5.0467669e+00
   4.2012369e+02   2.1578778e+01   5.6027630e+00   1.8141427e+01   6.4473130e+00   2.3270275e+01   4.9105551e+00
   4.5032694e+02   2.1919110e+01   5.4566057e+00   1.8643762e+01   6.3367746e+00   2.3522428e+01   4.7738645e+00
   4.8270154e+02   2.2251384e+01   5.3084506e+00   1.9135381e+01   6.2166077e+00   2.3769816e+01   4.6369157e+00
   5.1740359e+02   2.2575434e+01   5.1587184e+00   1.9615533e+01   6.0876987e+00   2.4012287e+01   4.4999291e+00
   5.5460042e+02   2.2891120e+01   5.0078218e+00   2.0083558e+01   5.9509621e+00   2.4249699e+01   4.3631238e+00
   5.9447137e+02   2.3198327e+01   4.8561632e+00   2.0538896e+01   5.8073248e+00   2.4481922e+01   4.2267161e+00
   6.3720870e+02   2.3496965e+01   4.7041333e+00   2.0981081e+01   5.6577135e+00   2.4708836e+01   4.0909184e+00
   6.8301848e+02   2.3786970e+01   4.5521083e+00   2.1409743e+01   5.5030438e+00   2.4930336e+01   3.9559383e+00
   7.3212158e+02   2.4068300e+01   4.4004492e+00   2.1824605e+01   5.3442106e+00   2.5146326e+01   3.8219773e+00
   7.8475476e+02   2.4340936e+01   4.2494997e+00   2.2225476e+01   5.1820801e+00   2.5356726e+01   3.6892299e+00
   8.4117182e+02   2.4604881e+01   4.0995850e+00   2.2612244e+01   5.0174829e+00   2.5561466e+01   3.5578825e+00
   9.0164477e+02   2.4860159e+01   3.9510107e+00   2.2984875e+01   4.8512084e+00   2.5760490e+01   3.4281127e+00
   9.6646520e+02   2.5106814e+01   3.8040618e+00   2.3343400e+01   4.6840002e+00   2.5953753e+01   3.3000888e+00
