S870 bestfit flat steep
   1.0359457e-03   1.2071608e+00   1.1783664e+00   1.3368232e+00
   1.1104212e-03   1.2071611e+00   1.1783664e+00   1.3368244e+00
   1.1902508e-03   1.2071613e+00   1.1783665e+00   1.3368258e+00
   1.2758195e-03   1.2071616e+00   1.1783666e+00   1.3368272e+00
   1.3675398e-03   1.2071619e+00   1.1783666e+00   1.3368287e+00
   1.4658541e-03   1.2071622e+00   1.1783667e+00   1.3368303e+00
   1.5712363e-03   1.2071625e+00   1.1783668e+00   1.3368321e+00
   1.6841945e-03   1.2071628e+00   1.1783669e+00   1.3368340e+00
   1.8052735e-03   1.2071632e+00   1.1783670e+00   1.3368360e+00
   1.9350570e-03   1.2071636e+00   1.1783671e+00   1.3368382e+00
   2.0741708e-03   1.2071640e+00   1.1783673e+00   1.3368405e+00
   2.2232857e-03   1.2071645e+00   1.1783674e+00   1.3368430e+00
   2.3831206e-03   1.2071650e+00   1.1783675e+00   1.3368456e+00
   2.5544463e-03   1.2071655e+00   1.1783677e+00   1.3368485e+00
   2.7380888e-03   1.2071660e+00   1.1783678e+00   1.3368515e+00
   2.9349336e-03   1.2071666e+00   1.1783680e+00   1.3368548e+00
   3.1459299e-03   1.2071673e+00   1.1783682e+00   1.3368583e+00
   3.3720949e-03   1.2071680e+00   1.1783684e+00   1.3368621e+00
   3.6145193e-03   1.2071687e+00   1.1783686e+00   1.3368661e+00
   3.8743718e-03   1.2071695e+00   1.1783688e+00   1.3368704e+00
   4.1529055e-03   1.2071704e+00   1.1783690e+00   1.3368751e+00
   4.4514634e-03   1.2071713e+00   1.1783693e+00   1.3368800e+00
   4.7714849e-03   1.2071723e+00   1.1783696e+00   1.3368854e+00
   5.1145133e-03   1.2071733e+00   1.1783699e+00   1.3368911e+00
   5.4822024e-03   1.2071744e+00   1.1783702e+00   1.3368972e+00
   5.8763252e-03   1.2071756e+00   1.1783705e+00   1.3369038e+00
   6.2987819e-03   1.2071769e+00   1.1783709e+00   1.3369108e+00
   6.7516097e-03   1.2071783e+00   1.1783713e+00   1.3369183e+00
   7.2369918e-03   1.2071798e+00   1.1783717e+00   1.3369264e+00
   7.7572687e-03   1.2071814e+00   1.1783721e+00   1.3369351e+00
   8.3149490e-03   1.2071831e+00   1.1783726e+00   1.3369444e+00
   8.9127216e-03   1.2071849e+00   1.1783731e+00   1.3369543e+00
   9.5534689e-03   1.2071869e+00   1.1783737e+00   1.3369650e+00
   1.0240280e-02   1.2071890e+00   1.1783743e+00   1.3369764e+00
   1.0976468e-02   1.2071912e+00   1.1783749e+00   1.3369887e+00
   1.1765580e-02   1.2071936e+00   1.1783756e+00   1.3370019e+00
   1.2611424e-02   1.2071962e+00   1.1783763e+00   1.3370159e+00
   1.3518075e-02   1.2071990e+00   1.1783771e+00   1.3370310e+00
   1.4489908e-02   1.2072020e+00   1.1783779e+00   1.3370472e+00
   1.5531606e-02   1.2072051e+00   1.1783788e+00   1.3370646e+00
   1.6648194e-02   1.2072086e+00   1.1783798e+00   1.3370832e+00
   1.7845055e-02   1.2072122e+00   1.1783808e+00   1.3371032e+00
   1.9127959e-02   1.2072161e+00   1.1783819e+00   1.3371246e+00
   2.0503093e-02   1.2072203e+00   1.1783831e+00   1.3371475e+00
   2.1977088e-02   1.2072249e+00   1.1783844e+00   1.3371721e+00
   2.3557050e-02   1.2072297e+00   1.1783858e+00   1.3371984e+00
   2.5250597e-02   1.2072349e+00   1.1783872e+00   1.3372267e+00
   2.7065896e-02   1.2072404e+00   1.1783888e+00   1.3372569e+00
   2.9011699e-02   1.2072464e+00   1.1783905e+00   1.3372894e+00
   3.1097388e-02   1.2072528e+00   1.1783923e+00   1.3373242e+00
   3.3333020e-02   1.2072596e+00   1.1783942e+00   1.3373615e+00
   3.5729375e-02   1.2072669e+00   1.1783962e+00   1.3374016e+00
   3.8298007e-02   1.2072748e+00   1.1783985e+00   1.3374445e+00
   4.1051301e-02   1.2072832e+00   1.1784008e+00   1.3374904e+00
   4.4002533e-02   1.2072923e+00   1.1784034e+00   1.3375398e+00
   4.7165933e-02   1.2073020e+00   1.1784061e+00   1.3375926e+00
   5.0556754e-02   1.2073124e+00   1.1784090e+00   1.3376493e+00
   5.4191346e-02   1.2073235e+00   1.1784122e+00   1.3377101e+00
   5.8087234e-02   1.2073354e+00   1.1784155e+00   1.3377753e+00
   6.2263201e-02   1.2073482e+00   1.1784191e+00   1.3378452e+00
   6.6739385e-02   1.2073620e+00   1.1784230e+00   1.3379202e+00
   7.1537368e-02   1.2073767e+00   1.1784271e+00   1.3380006e+00
   7.6680283e-02   1.2073925e+00   1.1784316e+00   1.3380868e+00
   8.2192930e-02   1.2074094e+00   1.1784363e+00   1.3381792e+00
   8.8101888e-02   1.2074276e+00   1.1784414e+00   1.3382784e+00
   9.4435649e-02   1.2074470e+00   1.1784469e+00   1.3383847e+00
   1.0122475e-01   1.2074679e+00   1.1784528e+00   1.3384988e+00
   1.0850193e-01   1.2074903e+00   1.1784590e+00   1.3386211e+00
   1.1630228e-01   1.2075143e+00   1.1784658e+00   1.3387524e+00
   1.2466341e-01   1.2075400e+00   1.1784730e+00   1.3388932e+00
   1.3362562e-01   1.2075677e+00   1.1784808e+00   1.3390442e+00
   1.4323214e-01   1.2075973e+00   1.1784891e+00   1.3392063e+00
   1.5352929e-01   1.2076290e+00   1.1784980e+00   1.3393801e+00
   1.6456672e-01   1.2076631e+00   1.1785075e+00   1.3395667e+00
   1.7639763e-01   1.2076997e+00   1.1785178e+00   1.3397669e+00
   1.8907909e-01   1.2077389e+00   1.1785287e+00   1.3399818e+00
   2.0267224e-01   1.2077810e+00   1.1785405e+00   1.3402124e+00
   2.1724261e-01   1.2078261e+00   1.1785531e+00   1.3404599e+00
   2.3286047e-01   1.2078745e+00   1.1785667e+00   1.3407256e+00
   2.4960112e-01   1.2079265e+00   1.1785812e+00   1.3410108e+00
   2.6754527e-01   1.2079823e+00   1.1785968e+00   1.3413171e+00
   2.8677945e-01   1.2080422e+00   1.1786135e+00   1.3416460e+00
   3.0739641e-01   1.2081064e+00   1.1786314e+00   1.3419993e+00
   3.2949554e-01   1.2081754e+00   1.1786506e+00   1.3423787e+00
   3.5318341e-01   1.2082494e+00   1.1786712e+00   1.3427864e+00
   3.7857423e-01   1.2083289e+00   1.1786933e+00   1.3432244e+00
   4.0579043e-01   1.2084143e+00   1.1787170e+00   1.3436951e+00
   4.3496324e-01   1.2085060e+00   1.1787425e+00   1.3442010e+00
   4.6623332e-01   1.2086045e+00   1.1787698e+00   1.3447450e+00
   4.9975145e-01   1.2087103e+00   1.1787991e+00   1.3453299e+00
   5.3567924e-01   1.2088239e+00   1.1788305e+00   1.3459590e+00
   5.7418993e-01   1.2089461e+00   1.1788642e+00   1.3466358e+00
   6.1546920e-01   1.2090774e+00   1.1789004e+00   1.3473641e+00
   6.5971609e-01   1.2092185e+00   1.1789392e+00   1.3481480e+00
   7.0714395e-01   1.2093703e+00   1.1789809e+00   1.3489922e+00
   7.5798146e-01   1.2095335e+00   1.1790257e+00   1.3499013e+00
   8.1247375e-01   1.2097091e+00   1.1790738e+00   1.3508810e+00
   8.7088356e-01   1.2098980e+00   1.1791254e+00   1.3519369e+00
   9.3349252e-01   1.2101014e+00   1.1791808e+00   1.3530755e+00
   1.0006025e+00   1.2103203e+00   1.1792403e+00   1.3543037e+00
   1.0725372e+00   1.2105562e+00   1.1793042e+00   1.3556293e+00
   1.1496433e+00   1.2108102e+00   1.1793729e+00   1.3570607e+00
   1.2322927e+00   1.2110841e+00   1.1794467e+00   1.3586071e+00
   1.3208838e+00   1.2113794e+00   1.1795261e+00   1.3602787e+00
   1.4158439e+00   1.2116979e+00   1.1796113e+00   1.3620867e+00
   1.5176308e+00   1.2120417e+00   1.1797030e+00   1.3640436e+00
   1.6267352e+00   1.2124128e+00   1.1798016e+00   1.3661631e+00
   1.7436834e+00   1.2128138e+00   1.1799077e+00   1.3684604e+00
   1.8690391e+00   1.2132472e+00   1.1800218e+00   1.3709524e+00
   2.0034068e+00   1.2137161e+00   1.1801446e+00   1.3736580e+00
   2.1474343e+00   1.2142235e+00   1.1802769e+00   1.3765982e+00
   2.3018162e+00   1.2147731e+00   1.1804193e+00   1.3797964e+00
   2.4672968e+00   1.2153689e+00   1.1805727e+00   1.3832791e+00
   2.6446740e+00   1.2160152e+00   1.1807380e+00   1.3870757e+00
   2.8348031e+00   1.2167170e+00   1.1809163e+00   1.3912196e+00
   3.0386009e+00   1.2174798e+00   1.1811086e+00   1.3957484e+00
   3.2570499e+00   1.2183098e+00   1.1813161e+00   1.4007050e+00
   3.4912035e+00   1.2192138e+00   1.1815402e+00   1.4061376e+00
   3.7421907e+00   1.2201996e+00   1.1817823e+00   1.4121017e+00
   4.0112218e+00   1.2212761e+00   1.1820440e+00   1.4186604e+00
   4.2995938e+00   1.2224533e+00   1.1823270e+00   1.4258861e+00
   4.6086973e+00   1.2237424e+00   1.1826334e+00   1.4338625e+00
   4.9400226e+00   1.2251565e+00   1.1829653e+00   1.4426860e+00
   5.2951673e+00   1.2267104e+00   1.1833252e+00   1.4524685e+00
   5.6758439e+00   1.2284212e+00   1.1837157e+00   1.4633402e+00
   6.0838878e+00   1.2303085e+00   1.1841399e+00   1.4754535e+00
   6.5212665e+00   1.2323951e+00   1.1846012e+00   1.4889873e+00
   6.9900890e+00   1.2347077e+00   1.1851033e+00   1.5041522e+00
   7.4926157e+00   1.2372773e+00   1.1856506e+00   1.5211981e+00
   8.0312697e+00   1.2401403e+00   1.1862480e+00   1.5404218e+00
   8.6086483e+00   1.2433399e+00   1.1869010e+00   1.5621782e+00
   9.2275354e+00   1.2469273e+00   1.1876160e+00   1.5868935e+00
   9.8909151e+00   1.2509635e+00   1.1884002e+00   1.6150819e+00
   1.0601986e+01   1.2555218e+00   1.1892621e+00   1.6473668e+00
   1.1364177e+01   1.2606908e+00   1.1902112e+00   1.6845080e+00
   1.2181162e+01   1.2665782e+00   1.1912589e+00   1.7274353e+00
   1.3056882e+01   1.2733155e+00   1.1924185e+00   1.7772930e+00
   1.3995559e+01   1.2810651e+00   1.1937053e+00   1.8354946e+00
   1.5001718e+01   1.2900279e+00   1.1951379e+00   1.9037943e+00
   1.6080211e+01   1.3004553e+00   1.1967381e+00   1.9843766e+00
   1.7236239e+01   1.3126638e+00   1.1985323e+00   2.0799699e+00
   1.8475375e+01   1.3270547e+00   1.2005522e+00   2.1939877e+00
   1.9803594e+01   1.3441417e+00   1.2028367e+00   2.3307021e+00
   2.1227300e+01   1.3645870e+00   1.2054333e+00   2.4954490e+00
   2.2753359e+01   1.3892519e+00   1.2084011e+00   2.6948594e+00
   2.4389128e+01   1.4192654e+00   1.2118140e+00   2.9370964e+00
   2.6142495e+01   1.4561203e+00   1.2157651e+00   3.2320509e+00
   2.8021913e+01   1.5018050e+00   1.2203736e+00   3.5914082e+00
   3.0036445e+01   1.5589869e+00   1.2257931e+00   4.0284305e+00
   3.2195805e+01   1.6312663e+00   1.2322238e+00   4.5572241e+00
   3.4510404e+01   1.7235220e+00   1.2399302e+00   5.1911929e+00
   3.6991402e+01   1.8423756e+00   1.2492654e+00   5.9404037e+00
   3.9650763e+01   1.9967892e+00   1.2607076e+00   6.8078382e+00
   4.2501309e+01   2.1987837e+00   1.2749117e+00   7.7851040e+00
   4.5556784e+01   2.4641814e+00   1.2927873e+00   8.8490779e+00
   4.8831921e+01   2.8131073e+00   1.3156140e+00   9.9616511e+00
   5.2342512e+01   3.2696701e+00   1.3452146e+00   1.1074323e+01
   5.6105484e+01   3.8598191e+00   1.3842165e+00   1.2137297e+01
   6.0138982e+01   4.6060781e+00   1.4364461e+00   1.3109943e+01
   6.4462452e+01   5.5184286e+00   1.5075169e+00   1.3968249e+01
   6.9096743e+01   6.5830775e+00   1.6056890e+00   1.4706549e+01
   7.4064199e+01   7.7550510e+00   1.7430632e+00   1.5333976e+01
   7.9388772e+01   8.9627495e+00   1.9370795e+00   1.5868368e+01
   8.5096136e+01   1.0127064e+01   2.2119850e+00   1.6330383e+01
   9.1213809e+01   1.1185891e+01   2.5992144e+00   1.6739401e+01
   9.7771290e+01   1.2109276e+01   3.1344098e+00   1.7111443e+01
   1.0480020e+02   1.2898448e+01   3.8478099e+00   1.7458619e+01
   1.1233442e+02   1.3574196e+01   4.7467193e+00   1.7789484e+01
   1.2041029e+02   1.4163995e+01   5.7971661e+00   1.8109744e+01
   1.2906675e+02   1.4693431e+01   6.9221720e+00   1.8423026e+01
   1.3834553e+02   1.5182527e+01   8.0281900e+00   1.8731532e+01
   1.4829137e+02   1.5645328e+01   9.0439352e+00   1.9036531e+01
   1.5895223e+02   1.6090934e+01   9.9411991e+00   1.9338706e+01
   1.7037951e+02   1.6524891e+01   1.0728078e+01   1.9638381e+01
   1.8262832e+02   1.6950390e+01   1.1429807e+01   1.9935658e+01
   1.9575771e+02   1.7369152e+01   1.2073242e+01   2.0230514e+01
   2.0983099e+02   1.7782011e+01   1.2679670e+01   2.0522840e+01
   2.2491602e+02   1.8189281e+01   1.3263504e+01   2.0812486e+01
   2.4108553e+02   1.8590978e+01   1.3833507e+01   2.1099272e+01
   2.5841749e+02   1.8986949e+01   1.4394514e+01   2.1383003e+01
   2.7699546e+02   1.9376951e+01   1.4948869e+01   2.1663477e+01
   2.9690903e+02   1.9760699e+01   1.5497411e+01   2.1940489e+01
   3.1825421e+02   2.0137893e+01   1.6040105e+01   2.2213837e+01
   3.4113393e+02   2.0508234e+01   1.6576424e+01   2.2483321e+01
   3.6565850e+02   2.0871440e+01   1.7105583e+01   2.2748745e+01
   3.9194617e+02   2.1227245e+01   1.7626684e+01   2.3009922e+01
   4.2012369e+02   2.1575406e+01   1.8138801e+01   2.3266671e+01
   4.5032694e+02   2.1915706e+01   1.8641040e+01   2.3518821e+01
   4.8270154e+02   2.2247952e+01   1.9132569e+01   2.3766207e+01
   5.1740359e+02   2.2571978e+01   1.9612635e+01   2.4008678e+01
   5.5460042e+02   2.2887643e+01   2.0080582e+01   2.4246092e+01
   5.9447137e+02   2.3194833e+01   2.0535847e+01   2.4478319e+01
   6.3720870e+02   2.3493458e+01   2.0977966e+01   2.4705239e+01
   6.8301848e+02   2.3783452e+01   2.1406569e+01   2.4926746e+01
   7.3212158e+02   2.4064774e+01   2.1821378e+01   2.5142746e+01
   7.8475476e+02   2.4337405e+01   2.2222201e+01   2.5353158e+01
   8.4117182e+02   2.4601349e+01   2.2608929e+01   2.5557913e+01
   9.0164477e+02   2.4856628e+01   2.2981524e+01   2.5756955e+01
   9.6646520e+02   2.5103286e+01   2.3340019e+01   2.5950239e+01
