S870 karim steep flat veryflat verysteep
   1.0359457e-03   1.3780694e+00   1.2794844e+00   1.3780694e+00   1.3780694e+00   1.3780694e+00
   1.1104212e-03   1.3780694e+00   1.2794844e+00   1.3780694e+00   1.3780694e+00   1.3780694e+00
   1.1902508e-03   1.3780694e+00   1.2794844e+00   1.3780694e+00   1.3780694e+00   1.3780694e+00
   1.2758195e-03   1.3780694e+00   1.2794844e+00   1.3780694e+00   1.3780694e+00   1.3780694e+00
   1.3675398e-03   1.3780694e+00   1.2794844e+00   1.3780694e+00   1.3780694e+00   1.3780694e+00
   1.4658541e-03   1.3780694e+00   1.2794844e+00   1.3780694e+00   1.3780694e+00   1.3780694e+00
   1.5712363e-03   1.3780694e+00   1.2794844e+00   1.3780694e+00   1.3780694e+00   1.3780694e+00
   1.6841945e-03   1.3780694e+00   1.2794844e+00   1.3780694e+00   1.3780694e+00   1.3780694e+00
   1.8052735e-03   1.3780694e+00   1.2794844e+00   1.3780694e+00   1.3780694e+00   1.3780694e+00
   1.9350570e-03   1.3780694e+00   1.2794844e+00   1.3780694e+00   1.3780694e+00   1.3780694e+00
   2.0741708e-03   1.3780694e+00   1.2794844e+00   1.3780694e+00   1.3780694e+00   1.3780694e+00
   2.2232857e-03   1.3780694e+00   1.2794844e+00   1.3780694e+00   1.3780694e+00   1.3780694e+00
   2.3831206e-03   1.3780694e+00   1.2794844e+00   1.3780694e+00   1.3780694e+00   1.3780694e+00
   2.5544463e-03   1.3780694e+00   1.2794844e+00   1.3780694e+00   1.3780694e+00   1.3780694e+00
   2.7380888e-03   1.3780694e+00   1.2794844e+00   1.3780694e+00   1.3780694e+00   1.3780694e+00
   2.9349336e-03   1.3780694e+00   1.2794844e+00   1.3780694e+00   1.3780694e+00   1.3780694e+00
   3.1459299e-03   1.3780694e+00   1.2794844e+00   1.3780694e+00   1.3780694e+00   1.3780694e+00
   3.3720949e-03   1.3780694e+00   1.2794844e+00   1.3780694e+00   1.3780694e+00   1.3780694e+00
   3.6145193e-03   1.3780694e+00   1.2794844e+00   1.3780694e+00   1.3780694e+00   1.3780694e+00
   3.8743718e-03   1.3780694e+00   1.2794844e+00   1.3780694e+00   1.3780694e+00   1.3780694e+00
   4.1529055e-03   1.3780694e+00   1.2794844e+00   1.3780694e+00   1.3780694e+00   1.3780694e+00
   4.4514634e-03   1.3780694e+00   1.2794844e+00   1.3780694e+00   1.3780694e+00   1.3780694e+00
   4.7714849e-03   1.3780694e+00   1.2794844e+00   1.3780694e+00   1.3780694e+00   1.3780694e+00
   5.1145133e-03   1.3780694e+00   1.2794844e+00   1.3780694e+00   1.3780694e+00   1.3780694e+00
   5.4822024e-03   1.3780694e+00   1.2794844e+00   1.3780694e+00   1.3780694e+00   1.3780694e+00
   5.8763252e-03   1.3780694e+00   1.2794844e+00   1.3780694e+00   1.3780694e+00   1.3780694e+00
   6.2987819e-03   1.3780694e+00   1.2794844e+00   1.3780694e+00   1.3780694e+00   1.3780694e+00
   6.7516097e-03   1.3780694e+00   1.2794844e+00   1.3780694e+00   1.3780694e+00   1.3780694e+00
   7.2369918e-03   1.3780694e+00   1.2794844e+00   1.3780694e+00   1.3780694e+00   1.3780694e+00
   7.7572687e-03   1.3780694e+00   1.2794844e+00   1.3780694e+00   1.3780694e+00   1.3780694e+00
   8.3149490e-03   1.3780694e+00   1.2794844e+00   1.3780694e+00   1.3780694e+00   1.3780694e+00
   8.9127216e-03   1.3780694e+00   1.2794844e+00   1.3780694e+00   1.3780694e+00   1.3780694e+00
   9.5534689e-03   1.3780694e+00   1.2794844e+00   1.3780694e+00   1.3780694e+00   1.3780694e+00
   1.0240280e-02   1.3780694e+00   1.2794844e+00   1.3780694e+00   1.3780694e+00   1.3780694e+00
   1.0976468e-02   1.3780694e+00   1.2794844e+00   1.3780694e+00   1.3780694e+00   1.3780694e+00
   1.1765580e-02   1.3780694e+00   1.2794844e+00   1.3780694e+00   1.3780694e+00   1.3780694e+00
   1.2611424e-02   1.3780694e+00   1.2794844e+00   1.3780694e+00   1.3780694e+00   1.3780694e+00
   1.3518075e-02   1.3780694e+00   1.2794844e+00   1.3780694e+00   1.3780694e+00   1.3780694e+00
   1.4489908e-02   1.3780694e+00   1.2794844e+00   1.3780694e+00   1.3780694e+00   1.3780694e+00
   1.5531606e-02   1.3780694e+00   1.2794844e+00   1.3780694e+00   1.3780694e+00   1.3780694e+00
   1.6648194e-02   1.3780694e+00   1.2794844e+00   1.3780694e+00   1.3780694e+00   1.3780694e+00
   1.7845055e-02   1.3780694e+00   1.2794844e+00   1.3780694e+00   1.3780694e+00   1.3780694e+00
   1.9127959e-02   1.3780694e+00   1.2794844e+00   1.3780694e+00   1.3780694e+00   1.3780694e+00
   2.0503093e-02   1.3780694e+00   1.2794844e+00   1.3780694e+00   1.3780694e+00   1.3780694e+00
   2.1977088e-02   1.3780694e+00   1.2794844e+00   1.3780694e+00   1.3780694e+00   1.3780694e+00
   2.3557050e-02   1.3780694e+00   1.2794844e+00   1.3780694e+00   1.3780694e+00   1.3780694e+00
   2.5250597e-02   1.3780694e+00   1.2794844e+00   1.3780694e+00   1.3780694e+00   1.3780694e+00
   2.7065896e-02   1.3780694e+00   1.2794844e+00   1.3780694e+00   1.3780694e+00   1.3780694e+00
   2.9011699e-02   1.3780694e+00   1.2794844e+00   1.3780694e+00   1.3780694e+00   1.3780694e+00
   3.1097388e-02   1.3780694e+00   1.2794844e+00   1.3780694e+00   1.3780694e+00   1.3780694e+00
   3.3333020e-02   1.3780694e+00   1.2794844e+00   1.3780694e+00   1.3780694e+00   1.3780694e+00
   3.5729375e-02   1.3780694e+00   1.2794844e+00   1.3780694e+00   1.3780694e+00   1.3780694e+00
   3.8298007e-02   1.3780694e+00   1.2794844e+00   1.3780694e+00   1.3780694e+00   1.3780694e+00
   4.1051301e-02   1.3780694e+00   1.2794844e+00   1.3780694e+00   1.3780694e+00   1.3780694e+00
   4.4002533e-02   1.3780694e+00   1.2794844e+00   1.3780694e+00   1.3780694e+00   1.3780694e+00
   4.7165933e-02   1.3780694e+00   1.2794844e+00   1.3780694e+00   1.3780694e+00   1.3780694e+00
   5.0556754e-02   1.3780694e+00   1.2794844e+00   1.3780694e+00   1.3780694e+00   1.3780694e+00
   5.4191346e-02   1.3780694e+00   1.2794844e+00   1.3780694e+00   1.3780694e+00   1.3780694e+00
   5.8087234e-02   1.3780694e+00   1.2794844e+00   1.3780694e+00   1.3780694e+00   1.3780694e+00
   6.2263201e-02   1.3780694e+00   1.2794844e+00   1.3780694e+00   1.3780694e+00   1.3780694e+00
   6.6739385e-02   1.3780694e+00   1.2794844e+00   1.3780694e+00   1.3780694e+00   1.3780694e+00
   7.1537368e-02   1.3780694e+00   1.2794844e+00   1.3780694e+00   1.3780694e+00   1.3780694e+00
   7.6680283e-02   1.3780694e+00   1.2794844e+00   1.3780694e+00   1.3780694e+00   1.3780694e+00
   8.2192930e-02   1.3780694e+00   1.2794844e+00   1.3780694e+00   1.3780694e+00   1.3780694e+00
   8.8101888e-02   1.3780694e+00   1.2794844e+00   1.3780694e+00   1.3780694e+00   1.3780694e+00
   9.4435649e-02   1.3780694e+00   1.2794844e+00   1.3780694e+00   1.3780694e+00   1.3780694e+00
   1.0122475e-01   1.3780694e+00   1.2794844e+00   1.3780694e+00   1.3780694e+00   1.3780694e+00
   1.0850193e-01   1.3780694e+00   1.2794844e+00   1.3780694e+00   1.3780694e+00   1.3780694e+00
   1.1630228e-01   1.3780694e+00   1.2794844e+00   1.3780694e+00   1.3780694e+00   1.3780694e+00
   1.2466341e-01   1.3780694e+00   1.2794844e+00   1.3780694e+00   1.3780694e+00   1.3780694e+00
   1.3362562e-01   1.3780694e+00   1.2794844e+00   1.3780694e+00   1.3780694e+00   1.3780694e+00
   1.4323214e-01   1.3780694e+00   1.2794844e+00   1.3780694e+00   1.3780694e+00   1.3780694e+00
   1.5352929e-01   1.3780694e+00   1.2794844e+00   1.3780694e+00   1.3780694e+00   1.3780694e+00
   1.6456672e-01   1.3780694e+00   1.2794844e+00   1.3780694e+00   1.3780694e+00   1.3780694e+00
   1.7639763e-01   1.3780694e+00   1.2794844e+00   1.3780694e+00   1.3780694e+00   1.3780694e+00
   1.8907909e-01   1.3780694e+00   1.2794844e+00   1.3780694e+00   1.3780694e+00   1.3780694e+00
   2.0267224e-01   1.3780694e+00   1.2794844e+00   1.3780694e+00   1.3780694e+00   1.3780694e+00
   2.1724261e-01   1.3780694e+00   1.2794844e+00   1.3780694e+00   1.3780694e+00   1.3780694e+00
   2.3286047e-01   1.3780694e+00   1.2794844e+00   1.3780694e+00   1.3780694e+00   1.3780694e+00
   2.4960112e-01   1.3780694e+00   1.2794844e+00   1.3780694e+00   1.3780694e+00   1.3780694e+00
   2.6754527e-01   1.3780694e+00   1.2794844e+00   1.3780694e+00   1.3780694e+00   1.3780694e+00
   2.8677945e-01   1.3780694e+00   1.2794844e+00   1.3780694e+00   1.3780694e+00   1.3780694e+00
   3.0739641e-01   1.3780694e+00   1.2794844e+00   1.3780694e+00   1.3780694e+00   1.3780694e+00
   3.2949554e-01   1.3780694e+00   1.2794844e+00   1.3780694e+00   1.3780694e+00   1.3780694e+00
   3.5318341e-01   1.3780694e+00   1.2794844e+00   1.3780694e+00   1.3780694e+00   1.3780694e+00
   3.7857423e-01   1.3780694e+00   1.2794844e+00   1.3780694e+00   1.3780694e+00   1.3780694e+00
   4.0579043e-01   1.3780694e+00   1.2794844e+00   1.3780694e+00   1.3780694e+00   1.3780694e+00
   4.3496324e-01   1.3780694e+00   1.2794844e+00   1.3780694e+00   1.3780694e+00   1.3780694e+00
   4.6623332e-01   1.3780694e+00   1.2794844e+00   1.3780694e+00   1.3780694e+00   1.3780694e+00
   4.9975145e-01   1.3780694e+00   1.2794844e+00   1.3780694e+00   1.3780694e+00   1.3780694e+00
   5.3567924e-01   1.3780694e+00   1.2794844e+00   1.3780694e+00   1.3780694e+00   1.3780694e+00
   5.7418993e-01   1.3780694e+00   1.2794844e+00   1.3780694e+00   1.3780694e+00   1.3780694e+00
   6.1546920e-01   1.3780694e+00   1.2794844e+00   1.3780694e+00   1.3780694e+00   1.3780694e+00
   6.5971609e-01   1.3780694e+00   1.2794844e+00   1.3780694e+00   1.3780694e+00   1.3780694e+00
   7.0714395e-01   1.3780694e+00   1.2794844e+00   1.3780694e+00   1.3780694e+00   1.3780694e+00
   7.5798146e-01   1.3780694e+00   1.2794844e+00   1.3780694e+00   1.3780694e+00   1.3780694e+00
   8.1247375e-01   1.3780694e+00   1.2794844e+00   1.3780694e+00   1.3780694e+00   1.3780694e+00
   8.7088356e-01   1.3780694e+00   1.2794844e+00   1.3780694e+00   1.3780694e+00   1.3780694e+00
   9.3349252e-01   1.3780694e+00   1.2794844e+00   1.3780694e+00   1.3780694e+00   1.3780694e+00
   1.0006025e+00   1.3780694e+00   1.2794844e+00   1.3780694e+00   1.3780694e+00   1.3780694e+00
   1.0725372e+00   1.3780694e+00   1.2794844e+00   1.3780694e+00   1.3780694e+00   1.3780694e+00
   1.1496433e+00   1.3780694e+00   1.2794844e+00   1.3780694e+00   1.3780694e+00   1.3780694e+00
   1.2322927e+00   1.3780694e+00   1.2794844e+00   1.3780694e+00   1.3780694e+00   1.3780694e+00
   1.3208838e+00   1.3780694e+00   1.2794844e+00   1.3780694e+00   1.3780694e+00   1.3780694e+00
   1.4158439e+00   1.3780694e+00   1.2794844e+00   1.3780694e+00   1.3780694e+00   1.3780694e+00
   1.5176308e+00   1.3780694e+00   1.2794844e+00   1.3780694e+00   1.3780694e+00   1.3780694e+00
   1.6267352e+00   1.3780694e+00   1.2794844e+00   1.3780694e+00   1.3780694e+00   1.3780694e+00
   1.7436834e+00   1.3780694e+00   1.2794844e+00   1.3780694e+00   1.3780694e+00   1.3780694e+00
   1.8690391e+00   1.3780694e+00   1.2794844e+00   1.3780694e+00   1.3780694e+00   1.3780694e+00
   2.0034068e+00   1.3780694e+00   1.2794844e+00   1.3780694e+00   1.3780694e+00   1.3780694e+00
   2.1474343e+00   1.3780694e+00   1.2794844e+00   1.3780694e+00   1.3780694e+00   1.3780694e+00
   2.3018162e+00   1.3780694e+00   1.2794844e+00   1.3780694e+00   1.3780694e+00   1.3780694e+00
   2.4672968e+00   1.3780694e+00   1.2794844e+00   1.3780694e+00   1.3780694e+00   1.3780694e+00
   2.6446740e+00   1.3780694e+00   1.2794844e+00   1.3780694e+00   1.3780694e+00   1.3780694e+00
   2.8348031e+00   1.3780694e+00   1.2794844e+00   1.3780694e+00   1.3780694e+00   1.3780694e+00
   3.0386009e+00   1.3780694e+00   1.2794844e+00   1.3780694e+00   1.3780694e+00   1.3780694e+00
   3.2570499e+00   1.3780694e+00   1.2794844e+00   1.3780694e+00   1.3780694e+00   1.3780694e+00
   3.4912035e+00   1.3780694e+00   1.2794844e+00   1.3780694e+00   1.3780694e+00   1.3780694e+00
   3.7421907e+00   1.3780694e+00   1.2794844e+00   1.3780694e+00   1.3780694e+00   1.3780694e+00
   4.0112218e+00   1.3780694e+00   1.2794844e+00   1.3780694e+00   1.3780694e+00   1.3780694e+00
   4.2995938e+00   1.3780694e+00   1.2794844e+00   1.3780694e+00   1.3780694e+00   1.3780694e+00
   4.6086973e+00   1.3780694e+00   1.2794844e+00   1.3780694e+00   1.3780694e+00   1.3780694e+00
   4.9400226e+00   1.3780694e+00   1.2794844e+00   1.3780694e+00   1.3780694e+00   1.3780694e+00
   5.2951673e+00   1.3780694e+00   1.2794844e+00   1.3780694e+00   1.3780694e+00   1.3780694e+00
   5.6758439e+00   1.3780694e+00   1.2794844e+00   1.3780694e+00   1.3780694e+00   1.3780694e+00
   6.0838878e+00   1.3780694e+00   1.2794844e+00   1.3780694e+00   1.3780694e+00   1.3780694e+00
   6.5212665e+00   1.3780694e+00   1.2794844e+00   1.3780694e+00   1.3780694e+00   1.3780694e+00
   6.9900890e+00   1.3780694e+00   1.2794844e+00   1.3780694e+00   1.3780694e+00   1.3780694e+00
   7.4926157e+00   1.3780694e+00   1.2794844e+00   1.3780694e+00   1.3780694e+00   1.3780694e+00
   8.0312697e+00   1.3780694e+00   1.2794844e+00   1.3780694e+00   1.3780694e+00   1.3780694e+00
   8.6086483e+00   1.3780694e+00   1.2794844e+00   1.3780694e+00   1.3780694e+00   1.3780694e+00
   9.2275354e+00   1.3968541e+00   1.2997504e+00   1.3934529e+00   1.3896465e+00   1.4365122e+00
   9.8909151e+00   1.4581942e+00   1.3664647e+00   1.4428570e+00   1.4261012e+00   1.6527458e+00
   1.0601986e+01   1.5460870e+00   1.4691925e+00   1.5112190e+00   1.4744860e+00   2.0402270e+00
   1.1364177e+01   1.6625545e+00   1.6196419e+00   1.5982223e+00   1.5331155e+00   2.6527998e+00
   1.2181162e+01   1.8145498e+00   1.8380978e+00   1.7072270e+00   1.6029262e+00   3.5123352e+00
   1.3056882e+01   2.0116338e+00   2.1510865e+00   1.8432119e+00   1.6857508e+00   4.5721766e+00
   1.3995559e+01   2.2653201e+00   2.5879653e+00   2.0123288e+00   1.7839393e+00   5.7272832e+00
   1.5001718e+01   2.5883495e+00   3.1730912e+00   2.2216944e+00   1.9002535e+00   6.8623075e+00
   1.6080211e+01   2.9933751e+00   3.9132520e+00   2.4791043e+00   2.0378193e+00   7.8939601e+00
   1.7236239e+01   3.4907944e+00   4.7850410e+00   2.7925286e+00   2.2000769e+00   8.7819235e+00
   1.8475375e+01   4.0857534e+00   5.7318993e+00   3.1692987e+00   2.3906985e+00   9.5193228e+00
   1.9803594e+01   4.7748271e+00   6.6777018e+00   3.6149511e+00   2.6134549e+00   1.0118158e+01
   2.1227300e+01   5.5437053e+00   7.5527586e+00   4.1318649e+00   2.8720208e+00   1.0602249e+01
   2.2753359e+01   6.3688062e+00   8.3227572e+00   4.7184288e+00   3.1697770e+00   1.1013844e+01
   2.4389128e+01   7.2208676e+00   8.9867979e+00   5.3684757e+00   3.5095947e+00   1.1384946e+01
   2.6142495e+01   8.0699989e+00   9.5624061e+00   6.0713259e+00   3.8935814e+00   1.1735051e+01
   2.8021913e+01   8.8908002e+00   1.0072813e+01   6.8127049e+00   4.3228313e+00   1.2076091e+01
   3.0036445e+01   9.6657004e+00   1.0539639e+01   7.5763740e+00   4.7972178e+00   1.2415503e+01
   3.2195805e+01   1.0385709e+01   1.0979837e+01   8.3460441e+00   5.3152524e+00   1.2757547e+01
   3.4510404e+01   1.1049415e+01   1.1406039e+01   9.1072484e+00   5.8740600e+00   1.3105403e+01
   3.6991402e+01   1.1660706e+01   1.1826908e+01   9.8485912e+00   6.4694669e+00   1.3460821e+01
   3.9650763e+01   1.2226573e+01   1.2248340e+01   1.0562366e+01   7.0962199e+00   1.3825042e+01
   4.2501309e+01   1.2755211e+01   1.2674121e+01   1.1244458e+01   7.7482973e+00   1.4198724e+01
   4.5556784e+01   1.3254913e+01   1.3106878e+01   1.1893895e+01   8.4193045e+00   1.4582600e+01
   4.8831921e+01   1.3733203e+01   1.3548149e+01   1.2512009e+01   9.1028539e+00   1.4976922e+01
   5.2342512e+01   1.4196797e+01   1.3999296e+01   1.3101838e+01   9.7929708e+00   1.5382557e+01
   5.6105484e+01   1.4651369e+01   1.4461290e+01   1.3667358e+01   1.0484379e+01   1.5800139e+01
   6.0138982e+01   1.5101514e+01   1.4934663e+01   1.4212882e+01   1.1172685e+01   1.6229893e+01
   6.4462452e+01   1.5551168e+01   1.5420255e+01   1.4742887e+01   1.1854528e+01   1.6672932e+01
   6.9096743e+01   1.6003428e+01   1.5918528e+01   1.5261559e+01   1.2527539e+01   1.7129711e+01
   7.4064199e+01   1.6460797e+01   1.6429909e+01   1.5772729e+01   1.3190277e+01   1.7600819e+01
   7.9388772e+01   1.6925322e+01   1.6954828e+01   1.6279819e+01   1.3842114e+01   1.8086959e+01
   8.5096136e+01   1.7398791e+01   1.7493933e+01   1.6785905e+01   1.4483117e+01   1.8589188e+01
   9.1213809e+01   1.7882690e+01   1.8047840e+01   1.7293643e+01   1.5113855e+01   1.9108496e+01
   9.7771290e+01   1.8378378e+01   1.8617386e+01   1.7805374e+01   1.5735265e+01   1.9646246e+01
   1.0480020e+02   1.8886857e+01   1.9203108e+01   1.8322953e+01   1.6348415e+01   2.0203344e+01
   1.1233442e+02   1.9408862e+01   1.9805428e+01   1.8847803e+01   1.6954350e+01   2.0780628e+01
   1.2041029e+02   1.9944959e+01   2.0424893e+01   1.9380974e+01   1.7553958e+01   2.1379448e+01
   1.2906675e+02   2.0495387e+01   2.1061892e+01   1.9923018e+01   1.8147762e+01   2.2000960e+01
   1.3834553e+02   2.1059733e+01   2.1716205e+01   2.0473707e+01   1.8735615e+01   2.2645770e+01
   1.4829137e+02   2.1637092e+01   2.2387649e+01   2.1032070e+01   1.9316483e+01   2.3315268e+01
   1.5895223e+02   2.2225634e+01   2.3075713e+01   2.1595951e+01   1.9887956e+01   2.4011192e+01
   1.7037951e+02   2.2821937e+01   2.3779332e+01   2.2161262e+01   2.0445391e+01   2.4736444e+01
   1.8262832e+02   2.3419301e+01   2.4494989e+01   2.2720420e+01   2.0980576e+01   2.5492113e+01
   1.9575771e+02   2.4004241e+01   2.5213000e+01   2.3259167e+01   2.1479117e+01   2.6275448e+01
   2.0983099e+02   2.4549425e+01   2.5909575e+01   2.3750422e+01   2.1915739e+01   2.7074229e+01
   2.2491602e+02   2.4995751e+01   2.6521545e+01   2.4139978e+01   2.2244619e+01   2.7843088e+01
   2.4108553e+02   2.5194529e+01   2.6828112e+01   2.4306025e+01   2.2376350e+01   2.8306649e+01
   2.5841749e+02   2.5194529e+01   2.6828112e+01   2.4306025e+01   2.2376350e+01   2.8306649e+01
   2.7699546e+02   2.5194529e+01   2.6828112e+01   2.4306025e+01   2.2376350e+01   2.8306649e+01
   2.9690903e+02   2.5194529e+01   2.6828112e+01   2.4306025e+01   2.2376350e+01   2.8306649e+01
   3.1825421e+02   2.5194529e+01   2.6828112e+01   2.4306025e+01   2.2376350e+01   2.8306649e+01
   3.4113393e+02   2.5194529e+01   2.6828112e+01   2.4306025e+01   2.2376350e+01   2.8306649e+01
   3.6565850e+02   2.5194529e+01   2.6828112e+01   2.4306025e+01   2.2376350e+01   2.8306649e+01
   3.9194617e+02   2.5194529e+01   2.6828112e+01   2.4306025e+01   2.2376350e+01   2.8306649e+01
   4.2012369e+02   2.5194529e+01   2.6828112e+01   2.4306025e+01   2.2376350e+01   2.8306649e+01
   4.5032694e+02   2.5194529e+01   2.6828112e+01   2.4306025e+01   2.2376350e+01   2.8306649e+01
   4.8270154e+02   2.5194529e+01   2.6828112e+01   2.4306025e+01   2.2376350e+01   2.8306649e+01
   5.1740359e+02   2.5194529e+01   2.6828112e+01   2.4306025e+01   2.2376350e+01   2.8306649e+01
   5.5460042e+02   2.5194529e+01   2.6828112e+01   2.4306025e+01   2.2376350e+01   2.8306649e+01
   5.9447137e+02   2.5194529e+01   2.6828112e+01   2.4306025e+01   2.2376350e+01   2.8306649e+01
   6.3720870e+02   2.5194529e+01   2.6828112e+01   2.4306025e+01   2.2376350e+01   2.8306649e+01
   6.8301848e+02   2.5194529e+01   2.6828112e+01   2.4306025e+01   2.2376350e+01   2.8306649e+01
   7.3212158e+02   2.5194529e+01   2.6828112e+01   2.4306025e+01   2.2376350e+01   2.8306649e+01
   7.8475476e+02   2.5194529e+01   2.6828112e+01   2.4306025e+01   2.2376350e+01   2.8306649e+01
   8.4117182e+02   2.5194529e+01   2.6828112e+01   2.4306025e+01   2.2376350e+01   2.8306649e+01
   9.0164477e+02   2.5194529e+01   2.6828112e+01   2.4306025e+01   2.2376350e+01   2.8306649e+01
   9.6646520e+02   2.5194529e+01   2.6828112e+01   2.4306025e+01   2.2376350e+01   2.8306649e+01
