   1.0359457e-03   1.0660568e+00   1.0549413e+00   1.0660568e+00   9.9478796e-01   9.9470428e-01   9.9478796e-01
   1.1104212e-03   1.0660568e+00   1.0549413e+00   1.0660568e+00   9.9478796e-01   9.9470428e-01   9.9478796e-01
   1.1902508e-03   1.0660568e+00   1.0549413e+00   1.0660568e+00   9.9478796e-01   9.9470428e-01   9.9478796e-01
   1.2758195e-03   1.0660568e+00   1.0549413e+00   1.0660568e+00   9.9478796e-01   9.9470428e-01   9.9478796e-01
   1.3675398e-03   1.0660568e+00   1.0549413e+00   1.0660568e+00   9.9478796e-01   9.9470428e-01   9.9478796e-01
   1.4658541e-03   1.0660568e+00   1.0549413e+00   1.0660568e+00   9.9478796e-01   9.9470428e-01   9.9478796e-01
   1.5712363e-03   1.0660568e+00   1.0549413e+00   1.0660568e+00   9.9478796e-01   9.9470428e-01   9.9478796e-01
   1.6841945e-03   1.0660568e+00   1.0549413e+00   1.0660568e+00   9.9478796e-01   9.9470428e-01   9.9478796e-01
   1.8052735e-03   1.0660568e+00   1.0549413e+00   1.0660568e+00   9.9478796e-01   9.9470428e-01   9.9478796e-01
   1.9350570e-03   1.0660568e+00   1.0549413e+00   1.0660568e+00   9.9478796e-01   9.9470428e-01   9.9478796e-01
   2.0741708e-03   1.0660568e+00   1.0549413e+00   1.0660568e+00   9.9478796e-01   9.9470428e-01   9.9478796e-01
   2.2232857e-03   1.0660568e+00   1.0549413e+00   1.0660568e+00   9.9478796e-01   9.9470428e-01   9.9478796e-01
   2.3831206e-03   1.0660568e+00   1.0549413e+00   1.0660568e+00   9.9478796e-01   9.9470428e-01   9.9478796e-01
   2.5544463e-03   1.0660568e+00   1.0549413e+00   1.0660568e+00   9.9478796e-01   9.9470428e-01   9.9478796e-01
   2.7380888e-03   1.0660568e+00   1.0549413e+00   1.0660568e+00   9.9478796e-01   9.9470428e-01   9.9478796e-01
   2.9349336e-03   1.0660568e+00   1.0549413e+00   1.0660568e+00   9.9478796e-01   9.9470428e-01   9.9478796e-01
   3.1459299e-03   1.0660568e+00   1.0549413e+00   1.0660568e+00   9.9478796e-01   9.9470428e-01   9.9478796e-01
   3.3720949e-03   1.0660568e+00   1.0549413e+00   1.0660568e+00   9.9478796e-01   9.9470428e-01   9.9478796e-01
   3.6145193e-03   1.0660568e+00   1.0549413e+00   1.0660568e+00   9.9478796e-01   9.9470428e-01   9.9478796e-01
   3.8743718e-03   1.0660568e+00   1.0549413e+00   1.0660568e+00   9.9478796e-01   9.9470428e-01   9.9478796e-01
   4.1529055e-03   1.0660568e+00   1.0549413e+00   1.0660568e+00   9.9478796e-01   9.9470428e-01   9.9478796e-01
   4.4514634e-03   1.0660568e+00   1.0549413e+00   1.0660568e+00   9.9478796e-01   9.9470428e-01   9.9478796e-01
   4.7714849e-03   1.0660568e+00   1.0549413e+00   1.0660568e+00   9.9478796e-01   9.9470428e-01   9.9478796e-01
   5.1145133e-03   1.0660568e+00   1.0549413e+00   1.0660568e+00   9.9478796e-01   9.9470428e-01   9.9478796e-01
   5.4822024e-03   1.0660568e+00   1.0549413e+00   1.0660568e+00   9.9478796e-01   9.9470428e-01   9.9478796e-01
   5.8763252e-03   1.0660568e+00   1.0549413e+00   1.0660568e+00   9.9478796e-01   9.9470428e-01   9.9478796e-01
   6.2987819e-03   1.0660568e+00   1.0549413e+00   1.0660568e+00   9.9478796e-01   9.9470428e-01   9.9478796e-01
   6.7516097e-03   1.0660568e+00   1.0549413e+00   1.0660568e+00   9.9478796e-01   9.9470428e-01   9.9478796e-01
   7.2369918e-03   1.0660568e+00   1.0549413e+00   1.0660568e+00   9.9478796e-01   9.9470428e-01   9.9478796e-01
   7.7572687e-03   1.0660568e+00   1.0549413e+00   1.0660568e+00   9.9478796e-01   9.9470428e-01   9.9478796e-01
   8.3149490e-03   1.0660568e+00   1.0549413e+00   1.0660568e+00   9.9478796e-01   9.9470428e-01   9.9478796e-01
   8.9127216e-03   1.0660568e+00   1.0549413e+00   1.0660568e+00   9.9478796e-01   9.9470428e-01   9.9478796e-01
   9.5534689e-03   1.0660568e+00   1.0549413e+00   1.0660568e+00   9.9478796e-01   9.9470428e-01   9.9478796e-01
   1.0240280e-02   1.0660568e+00   1.0549413e+00   1.0660568e+00   9.9478796e-01   9.9470428e-01   9.9478796e-01
   1.0976468e-02   1.0660568e+00   1.0549413e+00   1.0660568e+00   9.9478796e-01   9.9470428e-01   9.9478796e-01
   1.1765580e-02   1.0660568e+00   1.0549413e+00   1.0660568e+00   9.9478796e-01   9.9470428e-01   9.9478796e-01
   1.2611424e-02   1.0660568e+00   1.0549413e+00   1.0660568e+00   9.9478796e-01   9.9470428e-01   9.9478796e-01
   1.3518075e-02   1.0660568e+00   1.0549413e+00   1.0660568e+00   9.9478796e-01   9.9470428e-01   9.9478796e-01
   1.4489908e-02   1.0660568e+00   1.0549413e+00   1.0660568e+00   9.9478796e-01   9.9470428e-01   9.9478796e-01
   1.5531606e-02   1.0660568e+00   1.0549413e+00   1.0660568e+00   9.9478796e-01   9.9470428e-01   9.9478796e-01
   1.6648194e-02   1.0660568e+00   1.0549413e+00   1.0660568e+00   9.9478796e-01   9.9470428e-01   9.9478796e-01
   1.7845055e-02   1.0660568e+00   1.0549413e+00   1.0660568e+00   9.9478796e-01   9.9470428e-01   9.9478796e-01
   1.9127959e-02   1.0660568e+00   1.0549413e+00   1.0660568e+00   9.9478796e-01   9.9470428e-01   9.9478796e-01
   2.0503093e-02   1.0660568e+00   1.0549413e+00   1.0660568e+00   9.9478796e-01   9.9470428e-01   9.9478796e-01
   2.1977088e-02   1.0660568e+00   1.0549413e+00   1.0660568e+00   9.9478796e-01   9.9470428e-01   9.9478796e-01
   2.3557050e-02   1.0660568e+00   1.0549413e+00   1.0660568e+00   9.9478796e-01   9.9470428e-01   9.9478796e-01
   2.5250597e-02   1.0660568e+00   1.0549413e+00   1.0660568e+00   9.9478796e-01   9.9470428e-01   9.9478796e-01
   2.7065896e-02   1.0660568e+00   1.0549413e+00   1.0660568e+00   9.9478796e-01   9.9470428e-01   9.9478796e-01
   2.9011699e-02   1.0660568e+00   1.0549413e+00   1.0660568e+00   9.9478796e-01   9.9470428e-01   9.9478796e-01
   3.1097388e-02   1.0660568e+00   1.0549413e+00   1.0660568e+00   9.9478796e-01   9.9470428e-01   9.9478796e-01
   3.3333020e-02   1.0660568e+00   1.0549413e+00   1.0660568e+00   9.9478796e-01   9.9470428e-01   9.9478796e-01
   3.5729375e-02   1.0660568e+00   1.0549413e+00   1.0660568e+00   9.9478796e-01   9.9470428e-01   9.9478796e-01
   3.8298007e-02   1.0660568e+00   1.0549413e+00   1.0660568e+00   9.9478796e-01   9.9470428e-01   9.9478796e-01
   4.1051301e-02   1.0660568e+00   1.0549413e+00   1.0660568e+00   9.9478796e-01   9.9470428e-01   9.9478796e-01
   4.4002533e-02   1.0660568e+00   1.0549413e+00   1.0660568e+00   9.9478796e-01   9.9470428e-01   9.9478796e-01
   4.7165933e-02   1.0660568e+00   1.0549413e+00   1.0660568e+00   9.9478796e-01   9.9470428e-01   9.9478796e-01
   5.0556754e-02   1.0660568e+00   1.0549413e+00   1.0660568e+00   9.9478796e-01   9.9470428e-01   9.9478796e-01
   5.4191346e-02   1.0660568e+00   1.0549413e+00   1.0660568e+00   9.9478796e-01   9.9470428e-01   9.9478796e-01
   5.8087234e-02   1.0660568e+00   1.0549413e+00   1.0660568e+00   9.9478796e-01   9.9470428e-01   9.9478796e-01
   6.2263201e-02   1.0660568e+00   1.0549413e+00   1.0660568e+00   9.9478796e-01   9.9470428e-01   9.9478796e-01
   6.6739385e-02   1.0660568e+00   1.0549413e+00   1.0660568e+00   9.9478796e-01   9.9470428e-01   9.9478796e-01
   7.1537368e-02   1.0660568e+00   1.0549413e+00   1.0660568e+00   9.9478796e-01   9.9470428e-01   9.9478796e-01
   7.6680283e-02   1.0660568e+00   1.0549413e+00   1.0660568e+00   9.9478796e-01   9.9470428e-01   9.9478796e-01
   8.2192930e-02   1.0660568e+00   1.0549413e+00   1.0660568e+00   9.9478796e-01   9.9470428e-01   9.9478796e-01
   8.8101888e-02   1.0660568e+00   1.0549413e+00   1.0660568e+00   9.9478796e-01   9.9470428e-01   9.9478796e-01
   9.4435649e-02   1.0660568e+00   1.0549413e+00   1.0660568e+00   9.9478796e-01   9.9470428e-01   9.9478796e-01
   1.0122475e-01   1.0660568e+00   1.0549413e+00   1.0660568e+00   9.9478796e-01   9.9470428e-01   9.9478796e-01
   1.0850193e-01   1.0660568e+00   1.0549413e+00   1.0660568e+00   9.9478796e-01   9.9470428e-01   9.9478796e-01
   1.1630228e-01   1.0660568e+00   1.0549413e+00   1.0660568e+00   9.9478796e-01   9.9470428e-01   9.9478796e-01
   1.2466341e-01   1.0660568e+00   1.0549413e+00   1.0660568e+00   9.9478796e-01   9.9470428e-01   9.9478796e-01
   1.3362562e-01   1.0660568e+00   1.0549413e+00   1.0660568e+00   9.9478796e-01   9.9470428e-01   9.9478796e-01
   1.4323214e-01   1.0660568e+00   1.0549413e+00   1.0660568e+00   9.9478796e-01   9.9470428e-01   9.9478796e-01
   1.5352929e-01   1.0660568e+00   1.0549413e+00   1.0660568e+00   9.9478796e-01   9.9470428e-01   9.9478796e-01
   1.6456672e-01   1.0660568e+00   1.0549413e+00   1.0660568e+00   9.9478796e-01   9.9470428e-01   9.9478796e-01
   1.7639763e-01   1.0660568e+00   1.0549413e+00   1.0660568e+00   9.9478796e-01   9.9470428e-01   9.9478796e-01
   1.8907909e-01   1.0660568e+00   1.0549413e+00   1.0660568e+00   9.9478796e-01   9.9470428e-01   9.9478796e-01
   2.0267224e-01   1.0660568e+00   1.0549413e+00   1.0660568e+00   9.9478796e-01   9.9470428e-01   9.9478796e-01
   2.1724261e-01   1.0660568e+00   1.0549413e+00   1.0660568e+00   9.9478796e-01   9.9470428e-01   9.9478796e-01
   2.3286047e-01   1.0660568e+00   1.0549413e+00   1.0660568e+00   9.9478796e-01   9.9470428e-01   9.9478796e-01
   2.4960112e-01   1.0660568e+00   1.0549413e+00   1.0660568e+00   9.9478796e-01   9.9470428e-01   9.9478796e-01
   2.6754527e-01   1.0660568e+00   1.0549413e+00   1.0660568e+00   9.9478796e-01   9.9470428e-01   9.9478796e-01
   2.8677945e-01   1.0660568e+00   1.0549413e+00   1.0660568e+00   9.9478796e-01   9.9470428e-01   9.9478796e-01
   3.0739641e-01   1.0660568e+00   1.0549413e+00   1.0660568e+00   9.9478796e-01   9.9470428e-01   9.9478796e-01
   3.2949554e-01   1.0660568e+00   1.0549413e+00   1.0660568e+00   9.9478796e-01   9.9470428e-01   9.9478796e-01
   3.5318341e-01   1.0660568e+00   1.0549413e+00   1.0660568e+00   9.9478796e-01   9.9470428e-01   9.9478796e-01
   3.7857423e-01   1.0660568e+00   1.0549413e+00   1.0660568e+00   9.9478796e-01   9.9470428e-01   9.9478796e-01
   4.0579043e-01   1.0660568e+00   1.0549413e+00   1.0660568e+00   9.9478796e-01   9.9470428e-01   9.9478796e-01
   4.3496324e-01   1.0660568e+00   1.0549413e+00   1.0660568e+00   9.9478796e-01   9.9470428e-01   9.9478796e-01
   4.6623332e-01   1.0660568e+00   1.0549413e+00   1.0660568e+00   9.9478796e-01   9.9470428e-01   9.9478796e-01
   4.9975145e-01   1.0660568e+00   1.0549413e+00   1.0660568e+00   9.9478796e-01   9.9470428e-01   9.9478796e-01
   5.3567924e-01   1.0660568e+00   1.0549413e+00   1.0660568e+00   9.9478796e-01   9.9470428e-01   9.9478796e-01
   5.7418993e-01   1.0660568e+00   1.0549413e+00   1.0660568e+00   9.9478796e-01   9.9470428e-01   9.9478796e-01
   6.1546920e-01   1.0660568e+00   1.0549413e+00   1.0660568e+00   9.9478796e-01   9.9470428e-01   9.9478796e-01
   6.5971609e-01   1.0660568e+00   1.0549413e+00   1.0660568e+00   9.9478796e-01   9.9470428e-01   9.9478796e-01
   7.0714395e-01   1.0660568e+00   1.0549413e+00   1.0660568e+00   9.9478796e-01   9.9470428e-01   9.9478796e-01
   7.5798146e-01   1.0660568e+00   1.0549413e+00   1.0660568e+00   9.9478796e-01   9.9470428e-01   9.9478796e-01
   8.1247375e-01   1.0660568e+00   1.0549413e+00   1.0660568e+00   9.9478796e-01   9.9470428e-01   9.9478796e-01
   8.7088356e-01   1.0660568e+00   1.0549413e+00   1.0660568e+00   9.9478796e-01   9.9470428e-01   9.9478796e-01
   9.3349252e-01   1.0660568e+00   1.0549413e+00   1.0660568e+00   9.9478796e-01   9.9470428e-01   9.9478796e-01
   1.0006025e+00   1.0660568e+00   1.0549413e+00   1.0660568e+00   9.9478796e-01   9.9470428e-01   9.9478796e-01
   1.0725372e+00   1.0660568e+00   1.0549413e+00   1.0660568e+00   9.9478796e-01   9.9470428e-01   9.9478796e-01
   1.1496433e+00   1.0660568e+00   1.0549413e+00   1.0660568e+00   9.9478796e-01   9.9470428e-01   9.9478796e-01
   1.2322927e+00   1.0660568e+00   1.0549413e+00   1.0660568e+00   9.9478796e-01   9.9470428e-01   9.9478796e-01
   1.3208838e+00   1.0660568e+00   1.0549413e+00   1.0660568e+00   9.9478796e-01   9.9470428e-01   9.9478796e-01
   1.4158439e+00   1.0660568e+00   1.0549413e+00   1.0660568e+00   9.9478796e-01   9.9470428e-01   9.9478796e-01
   1.5176308e+00   1.0660568e+00   1.0549413e+00   1.0660568e+00   9.9478796e-01   9.9470428e-01   9.9478796e-01
   1.6267352e+00   1.0660568e+00   1.0549413e+00   1.0660568e+00   9.9478796e-01   9.9470428e-01   9.9478796e-01
   1.7436834e+00   1.0660568e+00   1.0549413e+00   1.0660568e+00   9.9478796e-01   9.9470428e-01   9.9478796e-01
   1.8690391e+00   1.0660568e+00   1.0549413e+00   1.0660568e+00   9.9478796e-01   9.9470428e-01   9.9478796e-01
   2.0034068e+00   1.0660568e+00   1.0549413e+00   1.0660568e+00   9.9478796e-01   9.9470428e-01   9.9478796e-01
   2.1474343e+00   1.0660568e+00   1.0549413e+00   1.0660568e+00   9.9478796e-01   9.9470428e-01   9.9478796e-01
   2.3018162e+00   1.0660568e+00   1.0549413e+00   1.0660568e+00   9.9478796e-01   9.9470428e-01   9.9478796e-01
   2.4672968e+00   1.0660568e+00   1.0549413e+00   1.0660568e+00   9.9478796e-01   9.9470428e-01   9.9478796e-01
   2.6446740e+00   1.0660568e+00   1.0549413e+00   1.0660568e+00   9.9478796e-01   9.9470428e-01   9.9478796e-01
   2.8348031e+00   1.0660568e+00   1.0549413e+00   1.0660568e+00   9.9478796e-01   9.9470428e-01   9.9478796e-01
   3.0386009e+00   1.0660568e+00   1.0549413e+00   1.0660568e+00   9.9478796e-01   9.9470428e-01   9.9478796e-01
   3.2570499e+00   1.0660568e+00   1.0549413e+00   1.0660568e+00   9.9478796e-01   9.9470428e-01   9.9478796e-01
   3.4912035e+00   1.0660568e+00   1.0549413e+00   1.0660568e+00   9.9478796e-01   9.9470428e-01   9.9478796e-01
   3.7421907e+00   1.0660568e+00   1.0549413e+00   1.0660568e+00   9.9478796e-01   9.9470428e-01   9.9478796e-01
   4.0112218e+00   1.0660568e+00   1.0549413e+00   1.0660568e+00   9.9478796e-01   9.9470428e-01   9.9478796e-01
   4.2995938e+00   1.0660568e+00   1.0549413e+00   1.0660568e+00   9.9478796e-01   9.9470428e-01   9.9478796e-01
   4.6086973e+00   1.0660568e+00   1.0549413e+00   1.0660568e+00   9.9478796e-01   9.9470428e-01   9.9478796e-01
   4.9400226e+00   1.0660568e+00   1.0549413e+00   1.0660568e+00   9.9478796e-01   9.9470428e-01   9.9478796e-01
   5.2951673e+00   1.0660568e+00   1.0549413e+00   1.0660568e+00   9.9478796e-01   9.9470428e-01   9.9478796e-01
   5.6758439e+00   1.0660568e+00   1.0549413e+00   1.0660568e+00   9.9478796e-01   9.9470428e-01   9.9478796e-01
   6.0838878e+00   1.0660568e+00   1.0549413e+00   1.0660568e+00   9.9478796e-01   9.9470428e-01   9.9478796e-01
   6.5212665e+00   1.0660568e+00   1.0549413e+00   1.0660568e+00   9.9478796e-01   9.9470428e-01   9.9478796e-01
   6.9900890e+00   1.0660568e+00   1.0549413e+00   1.0660568e+00   9.9478796e-01   9.9470428e-01   9.9478796e-01
   7.4926157e+00   1.0660568e+00   1.0549413e+00   1.0660568e+00   9.9478796e-01   9.9470428e-01   9.9478796e-01
   8.0312697e+00   1.0660674e+00   1.0549563e+00   1.0660655e+00   9.9504145e-01   9.9513276e-01   9.9499589e-01
   8.6086483e+00   1.0750066e+00   1.0667668e+00   1.0732982e+00   9.9575407e-01   9.9627630e-01   9.9558691e-01
   9.2275354e+00   1.0888566e+00   1.0857416e+00   1.0840385e+00   9.9591870e-01   9.9655701e-01   9.9571965e-01
   9.8909151e+00   1.1055402e+00   1.1111109e+00   1.0962731e+00   9.9600178e-01   9.9671879e-01   9.9578339e-01
   1.0601986e+01   1.1264925e+00   1.1476128e+00   1.1107757e+00   9.9605854e-01   9.9684563e-01   9.9582466e-01
   1.1364177e+01   1.1536456e+00   1.2027625e+00   1.1285122e+00   9.9610466e-01   9.9696322e-01   9.9585642e-01
   1.2181162e+01   1.1895316e+00   1.2884100e+00   1.1506436e+00   9.9614693e-01   9.9708497e-01   9.9588397e-01
   1.3056882e+01   1.2375219e+00   1.4229270e+00   1.1786135e+00   9.9618933e-01   9.9722128e-01   9.9591016e-01
   1.3995559e+01   1.3021195e+00   1.6335889e+00   1.2142465e+00   9.9623493e-01   9.9738232e-01   9.9593689e-01
   1.5001718e+01   1.3893018e+00   1.9578020e+00   1.2598617e+00   9.9628666e-01   9.9757854e-01   9.9596571e-01
   1.6080211e+01   1.5068941e+00   2.4400121e+00   1.3184004e+00   9.9634771e-01   9.9781897e-01   9.9599814e-01
   1.7236239e+01   1.6649178e+00   3.1195698e+00   1.3935691e+00   9.9642171e-01   9.9810707e-01   9.9603581e-01
   1.8475375e+01   1.8757923e+00   4.0074548e+00   1.4899882e+00   9.9651294e-01   9.9843466e-01   9.9608054e-01
   1.9803594e+01   2.1541798e+00   5.0615026e+00   1.6133287e+00   9.9662616e-01   9.9877842e-01   9.9613447e-01
   2.1227300e+01   2.5161507e+00   6.1845454e+00   1.7703946e+00   9.9676633e-01   9.9910441e-01   9.9620005e-01
   2.2753359e+01   2.9773952e+00   7.2654957e+00   1.9690701e+00   9.9693738e-01   9.9938090e-01   9.9627975e-01
   2.4389128e+01   3.5505166e+00   8.2276343e+00   2.2181948e+00   9.9714135e-01   9.9959249e-01   9.9637607e-01
   2.6142495e+01   4.2414961e+00   9.0460614e+00   2.5272260e+00   9.9737739e-01   9.9974151e-01   9.9649140e-01
   2.8021913e+01   5.0461924e+00   9.7345496e+00   2.9056152e+00   9.9764086e-01   9.9984021e-01   9.9662775e-01
   3.0036445e+01   5.9483123e+00   1.0323445e+01   3.3618766e+00   9.9792311e-01   9.9990288e-01   9.9678646e-01
   3.2195805e+01   6.9202003e+00   1.0843821e+01   3.9023854e+00   9.9821238e-01   9.9994160e-01   9.9696779e-01
   3.4510404e+01   7.9269382e+00   1.1321295e+01   4.5300412e+00   9.9849563e-01   9.9996511e-01   9.9717054e-01
   3.6991402e+01   8.9325396e+00   1.1774418e+01   5.2430708e+00   9.9876088e-01   9.9997923e-01   9.9739188e-01
   3.9650763e+01   9.9061195e+00   1.2215939e+01   6.0343025e+00   9.9899911e-01   9.9998766e-01   9.9762726e-01
   4.2501309e+01   1.0825910e+01   1.2654159e+01   6.8912276e+00   9.9920519e-01   9.9999268e-01   9.9787073e-01
   4.5556784e+01   1.1680472e+01   1.3094592e+01   7.7970102e+00   9.9937780e-01   9.9999565e-01   9.9811548e-01
   4.8831921e+01   1.2467339e+01   1.3540589e+01   8.7322862e+00   9.9951852e-01   9.9999742e-01   9.9835460e-01
   5.2342512e+01   1.3190702e+01   1.3994643e+01   9.6774393e+00   9.9963076e-01   9.9999847e-01   9.9858181e-01
   5.6105484e+01   1.3858643e+01   1.4458425e+01   1.0614742e+01   9.9971875e-01   9.9999909e-01   9.9879212e-01
   6.0138982e+01   1.4480846e+01   1.4932898e+01   1.1529921e+01   9.9978683e-01   9.9999946e-01   9.9898213e-01
   6.4462452e+01   1.5067337e+01   1.5419167e+01   1.2413049e+01   9.9983896e-01   9.9999968e-01   9.9915013e-01
   6.9096743e+01   1.5627329e+01   1.5917856e+01   1.3258507e+01   9.9987860e-01   9.9999981e-01   9.9929586e-01
   7.4064199e+01   1.6168900e+01   1.6429493e+01   1.4064481e+01   9.9990857e-01   9.9999988e-01   9.9942025e-01
   7.9388772e+01   1.6698894e+01   1.6954570e+01   1.4832127e+01   9.9993115e-01   9.9999993e-01   9.9952497e-01
   8.5096136e+01   1.7223085e+01   1.7493773e+01   1.5564727e+01   9.9994812e-01   9.9999996e-01   9.9961214e-01
   9.1213809e+01   1.7746188e+01   1.8047740e+01   1.6266802e+01   9.9996085e-01   9.9999997e-01   9.9968402e-01
   9.7771290e+01   1.8272133e+01   1.8617324e+01   1.6943509e+01   9.9997040e-01   9.9999998e-01   9.9974286e-01
   1.0480020e+02   1.8803948e+01   1.9203069e+01   1.7599980e+01   9.9997756e-01   9.9999999e-01   9.9979075e-01
   1.1233442e+02   1.9343950e+01   1.9805403e+01   1.8241000e+01   9.9998293e-01   9.9999999e-01   9.9982954e-01
   1.2041029e+02   1.9893930e+01   2.0424877e+01   1.8870816e+01   9.9998696e-01   1.0000000e+00   9.9986085e-01
   1.2906675e+02   2.0455072e+01   2.1061882e+01   1.9492900e+01   9.9998999e-01   1.0000000e+00   9.9988604e-01
   1.3834553e+02   2.1027691e+01   2.1716198e+01   2.0109620e+01   9.9999227e-01   1.0000000e+00   9.9990627e-01
   1.4829137e+02   2.1611438e+01   2.2387645e+01   2.0722223e+01   9.9999398e-01   1.0000000e+00   9.9992246e-01
   1.5895223e+02   2.2204905e+01   2.3075711e+01   2.1330409e+01   9.9999527e-01   1.0000000e+00   9.9993537e-01
   1.7037951e+02   2.2804991e+01   2.3779331e+01   2.1931593e+01   9.9999624e-01   1.0000000e+00   9.9994559e-01
   1.8262832e+02   2.3405237e+01   2.4494987e+01   2.2519381e+01   9.9999696e-01   1.0000000e+00   9.9995360e-01
   1.9575771e+02   2.3992331e+01   2.5212999e+01   2.3080391e+01   9.9999749e-01   1.0000000e+00   9.9995974e-01
   2.0983099e+02   2.4539059e+01   2.5909574e+01   2.3588050e+01   9.9999787e-01   1.0000000e+00   9.9996423e-01
   2.2491602e+02   2.4986365e+01   2.6521544e+01   2.3988137e+01   9.9999811e-01   1.0000000e+00   9.9996711e-01
   2.4108553e+02   2.5185492e+01   2.6828111e+01   2.4157893e+01   9.9999819e-01   1.0000000e+00   9.9996814e-01
   2.5841749e+02   2.5185492e+01   2.6828111e+01   2.4157893e+01   9.9999819e-01   1.0000000e+00   9.9996814e-01
   2.7699546e+02   2.5185492e+01   2.6828111e+01   2.4157893e+01   9.9999819e-01   1.0000000e+00   9.9996814e-01
   2.9690903e+02   2.5185492e+01   2.6828111e+01   2.4157893e+01   9.9999819e-01   1.0000000e+00   9.9996814e-01
   3.1825421e+02   2.5185492e+01   2.6828111e+01   2.4157893e+01   9.9999819e-01   1.0000000e+00   9.9996814e-01
   3.4113393e+02   2.5185492e+01   2.6828111e+01   2.4157893e+01   9.9999819e-01   1.0000000e+00   9.9996814e-01
   3.6565850e+02   2.5185492e+01   2.6828111e+01   2.4157893e+01   9.9999819e-01   1.0000000e+00   9.9996814e-01
   3.9194617e+02   2.5185492e+01   2.6828111e+01   2.4157893e+01   9.9999819e-01   1.0000000e+00   9.9996814e-01
   4.2012369e+02   2.5185492e+01   2.6828111e+01   2.4157893e+01   9.9999819e-01   1.0000000e+00   9.9996814e-01
   4.5032694e+02   2.5185492e+01   2.6828111e+01   2.4157893e+01   9.9999819e-01   1.0000000e+00   9.9996814e-01
   4.8270154e+02   2.5185492e+01   2.6828111e+01   2.4157893e+01   9.9999819e-01   1.0000000e+00   9.9996814e-01
   5.1740359e+02   2.5185492e+01   2.6828111e+01   2.4157893e+01   9.9999819e-01   1.0000000e+00   9.9996814e-01
   5.5460042e+02   2.5185492e+01   2.6828111e+01   2.4157893e+01   9.9999819e-01   1.0000000e+00   9.9996814e-01
   5.9447137e+02   2.5185492e+01   2.6828111e+01   2.4157893e+01   9.9999819e-01   1.0000000e+00   9.9996814e-01
   6.3720870e+02   2.5185492e+01   2.6828111e+01   2.4157893e+01   9.9999819e-01   1.0000000e+00   9.9996814e-01
   6.8301848e+02   2.5185492e+01   2.6828111e+01   2.4157893e+01   9.9999819e-01   1.0000000e+00   9.9996814e-01
   7.3212158e+02   2.5185492e+01   2.6828111e+01   2.4157893e+01   9.9999819e-01   1.0000000e+00   9.9996814e-01
   7.8475476e+02   2.5185492e+01   2.6828111e+01   2.4157893e+01   9.9999819e-01   1.0000000e+00   9.9996814e-01
   8.4117182e+02   2.5185492e+01   2.6828111e+01   2.4157893e+01   9.9999819e-01   1.0000000e+00   9.9996814e-01
   9.0164477e+02   2.5185492e+01   2.6828111e+01   2.4157893e+01   9.9999819e-01   1.0000000e+00   9.9996814e-01
   9.6646520e+02   2.5185492e+01   2.6828111e+01   2.4157893e+01   9.9999819e-01   1.0000000e+00   9.9996814e-01
