S870 karim steep flat veryflat verysteep
   1.0359457e-03   1.9546251e+00   1.6496073e+00   1.9546251e+00   1.9546251e+00   1.9546251e+00
   1.1104212e-03   1.9546251e+00   1.6496073e+00   1.9546251e+00   1.9546251e+00   1.9546251e+00
   1.1902508e-03   1.9546251e+00   1.6496073e+00   1.9546251e+00   1.9546251e+00   1.9546251e+00
   1.2758195e-03   1.9546251e+00   1.6496073e+00   1.9546251e+00   1.9546251e+00   1.9546251e+00
   1.3675398e-03   1.9546251e+00   1.6496073e+00   1.9546251e+00   1.9546251e+00   1.9546251e+00
   1.4658541e-03   1.9546251e+00   1.6496073e+00   1.9546251e+00   1.9546251e+00   1.9546251e+00
   1.5712363e-03   1.9546251e+00   1.6496073e+00   1.9546251e+00   1.9546251e+00   1.9546251e+00
   1.6841945e-03   1.9546251e+00   1.6496073e+00   1.9546251e+00   1.9546251e+00   1.9546251e+00
   1.8052735e-03   1.9546251e+00   1.6496073e+00   1.9546251e+00   1.9546251e+00   1.9546251e+00
   1.9350570e-03   1.9546251e+00   1.6496073e+00   1.9546251e+00   1.9546251e+00   1.9546251e+00
   2.0741708e-03   1.9546251e+00   1.6496073e+00   1.9546251e+00   1.9546251e+00   1.9546251e+00
   2.2232857e-03   1.9546251e+00   1.6496073e+00   1.9546251e+00   1.9546251e+00   1.9546251e+00
   2.3831206e-03   1.9546251e+00   1.6496073e+00   1.9546251e+00   1.9546251e+00   1.9546251e+00
   2.5544463e-03   1.9546251e+00   1.6496073e+00   1.9546251e+00   1.9546251e+00   1.9546251e+00
   2.7380888e-03   1.9546251e+00   1.6496073e+00   1.9546251e+00   1.9546251e+00   1.9546251e+00
   2.9349336e-03   1.9546251e+00   1.6496073e+00   1.9546251e+00   1.9546251e+00   1.9546251e+00
   3.1459299e-03   1.9546251e+00   1.6496073e+00   1.9546251e+00   1.9546251e+00   1.9546251e+00
   3.3720949e-03   1.9546251e+00   1.6496073e+00   1.9546251e+00   1.9546251e+00   1.9546251e+00
   3.6145193e-03   1.9546251e+00   1.6496073e+00   1.9546251e+00   1.9546251e+00   1.9546251e+00
   3.8743718e-03   1.9546251e+00   1.6496073e+00   1.9546251e+00   1.9546251e+00   1.9546251e+00
   4.1529055e-03   1.9546251e+00   1.6496073e+00   1.9546251e+00   1.9546251e+00   1.9546251e+00
   4.4514634e-03   1.9546251e+00   1.6496073e+00   1.9546251e+00   1.9546251e+00   1.9546251e+00
   4.7714849e-03   1.9546251e+00   1.6496073e+00   1.9546251e+00   1.9546251e+00   1.9546251e+00
   5.1145133e-03   1.9546251e+00   1.6496073e+00   1.9546251e+00   1.9546251e+00   1.9546251e+00
   5.4822024e-03   1.9546251e+00   1.6496073e+00   1.9546251e+00   1.9546251e+00   1.9546251e+00
   5.8763252e-03   1.9546251e+00   1.6496073e+00   1.9546251e+00   1.9546251e+00   1.9546251e+00
   6.2987819e-03   1.9546251e+00   1.6496073e+00   1.9546251e+00   1.9546251e+00   1.9546251e+00
   6.7516097e-03   1.9546251e+00   1.6496073e+00   1.9546251e+00   1.9546251e+00   1.9546251e+00
   7.2369918e-03   1.9546251e+00   1.6496073e+00   1.9546251e+00   1.9546251e+00   1.9546251e+00
   7.7572687e-03   1.9546251e+00   1.6496073e+00   1.9546251e+00   1.9546251e+00   1.9546251e+00
   8.3149490e-03   1.9546251e+00   1.6496073e+00   1.9546251e+00   1.9546251e+00   1.9546251e+00
   8.9127216e-03   1.9546251e+00   1.6496073e+00   1.9546251e+00   1.9546251e+00   1.9546251e+00
   9.5534689e-03   1.9546251e+00   1.6496073e+00   1.9546251e+00   1.9546251e+00   1.9546251e+00
   1.0240280e-02   1.9546251e+00   1.6496073e+00   1.9546251e+00   1.9546251e+00   1.9546251e+00
   1.0976468e-02   1.9546251e+00   1.6496073e+00   1.9546251e+00   1.9546251e+00   1.9546251e+00
   1.1765580e-02   1.9546251e+00   1.6496073e+00   1.9546251e+00   1.9546251e+00   1.9546251e+00
   1.2611424e-02   1.9546251e+00   1.6496073e+00   1.9546251e+00   1.9546251e+00   1.9546251e+00
   1.3518075e-02   1.9546251e+00   1.6496073e+00   1.9546251e+00   1.9546251e+00   1.9546251e+00
   1.4489908e-02   1.9546251e+00   1.6496073e+00   1.9546251e+00   1.9546251e+00   1.9546251e+00
   1.5531606e-02   1.9546251e+00   1.6496073e+00   1.9546251e+00   1.9546251e+00   1.9546251e+00
   1.6648194e-02   1.9546251e+00   1.6496073e+00   1.9546251e+00   1.9546251e+00   1.9546251e+00
   1.7845055e-02   1.9546251e+00   1.6496073e+00   1.9546251e+00   1.9546251e+00   1.9546251e+00
   1.9127959e-02   1.9546251e+00   1.6496073e+00   1.9546251e+00   1.9546251e+00   1.9546251e+00
   2.0503093e-02   1.9546251e+00   1.6496073e+00   1.9546251e+00   1.9546251e+00   1.9546251e+00
   2.1977088e-02   1.9546251e+00   1.6496073e+00   1.9546251e+00   1.9546251e+00   1.9546251e+00
   2.3557050e-02   1.9546251e+00   1.6496073e+00   1.9546251e+00   1.9546251e+00   1.9546251e+00
   2.5250597e-02   1.9546251e+00   1.6496073e+00   1.9546251e+00   1.9546251e+00   1.9546251e+00
   2.7065896e-02   1.9546251e+00   1.6496073e+00   1.9546251e+00   1.9546251e+00   1.9546251e+00
   2.9011699e-02   1.9546251e+00   1.6496073e+00   1.9546251e+00   1.9546251e+00   1.9546251e+00
   3.1097388e-02   1.9546251e+00   1.6496073e+00   1.9546251e+00   1.9546251e+00   1.9546251e+00
   3.3333020e-02   1.9546251e+00   1.6496073e+00   1.9546251e+00   1.9546251e+00   1.9546251e+00
   3.5729375e-02   1.9546251e+00   1.6496073e+00   1.9546251e+00   1.9546251e+00   1.9546251e+00
   3.8298007e-02   1.9546251e+00   1.6496073e+00   1.9546251e+00   1.9546251e+00   1.9546251e+00
   4.1051301e-02   1.9546251e+00   1.6496073e+00   1.9546251e+00   1.9546251e+00   1.9546251e+00
   4.4002533e-02   1.9546251e+00   1.6496073e+00   1.9546251e+00   1.9546251e+00   1.9546251e+00
   4.7165933e-02   1.9546251e+00   1.6496073e+00   1.9546251e+00   1.9546251e+00   1.9546251e+00
   5.0556754e-02   1.9546251e+00   1.6496073e+00   1.9546251e+00   1.9546251e+00   1.9546251e+00
   5.4191346e-02   1.9546251e+00   1.6496073e+00   1.9546251e+00   1.9546251e+00   1.9546251e+00
   5.8087234e-02   1.9546251e+00   1.6496073e+00   1.9546251e+00   1.9546251e+00   1.9546251e+00
   6.2263201e-02   1.9546251e+00   1.6496073e+00   1.9546251e+00   1.9546251e+00   1.9546251e+00
   6.6739385e-02   1.9546251e+00   1.6496073e+00   1.9546251e+00   1.9546251e+00   1.9546251e+00
   7.1537368e-02   1.9546251e+00   1.6496073e+00   1.9546251e+00   1.9546251e+00   1.9546251e+00
   7.6680283e-02   1.9546251e+00   1.6496073e+00   1.9546251e+00   1.9546251e+00   1.9546251e+00
   8.2192930e-02   1.9546251e+00   1.6496073e+00   1.9546251e+00   1.9546251e+00   1.9546251e+00
   8.8101888e-02   1.9546251e+00   1.6496073e+00   1.9546251e+00   1.9546251e+00   1.9546251e+00
   9.4435649e-02   1.9546251e+00   1.6496073e+00   1.9546251e+00   1.9546251e+00   1.9546251e+00
   1.0122475e-01   1.9546251e+00   1.6496073e+00   1.9546251e+00   1.9546251e+00   1.9546251e+00
   1.0850193e-01   1.9546251e+00   1.6496073e+00   1.9546251e+00   1.9546251e+00   1.9546251e+00
   1.1630228e-01   1.9546251e+00   1.6496073e+00   1.9546251e+00   1.9546251e+00   1.9546251e+00
   1.2466341e-01   1.9546251e+00   1.6496073e+00   1.9546251e+00   1.9546251e+00   1.9546251e+00
   1.3362562e-01   1.9546251e+00   1.6496073e+00   1.9546251e+00   1.9546251e+00   1.9546251e+00
   1.4323214e-01   1.9546251e+00   1.6496073e+00   1.9546251e+00   1.9546251e+00   1.9546251e+00
   1.5352929e-01   1.9546251e+00   1.6496073e+00   1.9546251e+00   1.9546251e+00   1.9546251e+00
   1.6456672e-01   1.9546251e+00   1.6496073e+00   1.9546251e+00   1.9546251e+00   1.9546251e+00
   1.7639763e-01   1.9546251e+00   1.6496073e+00   1.9546251e+00   1.9546251e+00   1.9546251e+00
   1.8907909e-01   1.9546251e+00   1.6496073e+00   1.9546251e+00   1.9546251e+00   1.9546251e+00
   2.0267224e-01   1.9546251e+00   1.6496073e+00   1.9546251e+00   1.9546251e+00   1.9546251e+00
   2.1724261e-01   1.9546251e+00   1.6496073e+00   1.9546251e+00   1.9546251e+00   1.9546251e+00
   2.3286047e-01   1.9546251e+00   1.6496073e+00   1.9546251e+00   1.9546251e+00   1.9546251e+00
   2.4960112e-01   1.9546251e+00   1.6496073e+00   1.9546251e+00   1.9546251e+00   1.9546251e+00
   2.6754527e-01   1.9546251e+00   1.6496073e+00   1.9546251e+00   1.9546251e+00   1.9546251e+00
   2.8677945e-01   1.9546251e+00   1.6496073e+00   1.9546251e+00   1.9546251e+00   1.9546251e+00
   3.0739641e-01   1.9546251e+00   1.6496073e+00   1.9546251e+00   1.9546251e+00   1.9546251e+00
   3.2949554e-01   1.9546251e+00   1.6496073e+00   1.9546251e+00   1.9546251e+00   1.9546251e+00
   3.5318341e-01   1.9546251e+00   1.6496073e+00   1.9546251e+00   1.9546251e+00   1.9546251e+00
   3.7857423e-01   1.9546251e+00   1.6496073e+00   1.9546251e+00   1.9546251e+00   1.9546251e+00
   4.0579043e-01   1.9546251e+00   1.6496073e+00   1.9546251e+00   1.9546251e+00   1.9546251e+00
   4.3496324e-01   1.9546251e+00   1.6496073e+00   1.9546251e+00   1.9546251e+00   1.9546251e+00
   4.6623332e-01   1.9546251e+00   1.6496073e+00   1.9546251e+00   1.9546251e+00   1.9546251e+00
   4.9975145e-01   1.9546251e+00   1.6496073e+00   1.9546251e+00   1.9546251e+00   1.9546251e+00
   5.3567924e-01   1.9546251e+00   1.6496073e+00   1.9546251e+00   1.9546251e+00   1.9546251e+00
   5.7418993e-01   1.9546251e+00   1.6496073e+00   1.9546251e+00   1.9546251e+00   1.9546251e+00
   6.1546920e-01   1.9546251e+00   1.6496073e+00   1.9546251e+00   1.9546251e+00   1.9546251e+00
   6.5971609e-01   1.9546251e+00   1.6496073e+00   1.9546251e+00   1.9546251e+00   1.9546251e+00
   7.0714395e-01   1.9546251e+00   1.6496073e+00   1.9546251e+00   1.9546251e+00   1.9546251e+00
   7.5798146e-01   1.9546251e+00   1.6496073e+00   1.9546251e+00   1.9546251e+00   1.9546251e+00
   8.1247375e-01   1.9546251e+00   1.6496073e+00   1.9546251e+00   1.9546251e+00   1.9546251e+00
   8.7088356e-01   1.9546251e+00   1.6496073e+00   1.9546251e+00   1.9546251e+00   1.9546251e+00
   9.3349252e-01   1.9546251e+00   1.6496073e+00   1.9546251e+00   1.9546251e+00   1.9546251e+00
   1.0006025e+00   1.9546251e+00   1.6496073e+00   1.9546251e+00   1.9546251e+00   1.9546251e+00
   1.0725372e+00   1.9546251e+00   1.6496073e+00   1.9546251e+00   1.9546251e+00   1.9546251e+00
   1.1496433e+00   1.9546251e+00   1.6496073e+00   1.9546251e+00   1.9546251e+00   1.9546251e+00
   1.2322927e+00   1.9546251e+00   1.6496073e+00   1.9546251e+00   1.9546251e+00   1.9546251e+00
   1.3208838e+00   1.9546251e+00   1.6496073e+00   1.9546251e+00   1.9546251e+00   1.9546251e+00
   1.4158439e+00   1.9546251e+00   1.6496073e+00   1.9546251e+00   1.9546251e+00   1.9546251e+00
   1.5176308e+00   1.9546251e+00   1.6496073e+00   1.9546251e+00   1.9546251e+00   1.9546251e+00
   1.6267352e+00   1.9546251e+00   1.6496073e+00   1.9546251e+00   1.9546251e+00   1.9546251e+00
   1.7436834e+00   1.9546251e+00   1.6496073e+00   1.9546251e+00   1.9546251e+00   1.9546251e+00
   1.8690391e+00   1.9546251e+00   1.6496073e+00   1.9546251e+00   1.9546251e+00   1.9546251e+00
   2.0034068e+00   1.9546251e+00   1.6496073e+00   1.9546251e+00   1.9546251e+00   1.9546251e+00
   2.1474343e+00   1.9546251e+00   1.6496073e+00   1.9546251e+00   1.9546251e+00   1.9546251e+00
   2.3018162e+00   1.9546251e+00   1.6496073e+00   1.9546251e+00   1.9546251e+00   1.9546251e+00
   2.4672968e+00   1.9546251e+00   1.6496073e+00   1.9546251e+00   1.9546251e+00   1.9546251e+00
   2.6446740e+00   1.9546251e+00   1.6496073e+00   1.9546251e+00   1.9546251e+00   1.9546251e+00
   2.8348031e+00   1.9546251e+00   1.6496073e+00   1.9546251e+00   1.9546251e+00   1.9546251e+00
   3.0386009e+00   1.9546251e+00   1.6496073e+00   1.9546251e+00   1.9546251e+00   1.9546251e+00
   3.2570499e+00   1.9546251e+00   1.6496073e+00   1.9546251e+00   1.9546251e+00   1.9546251e+00
   3.4912035e+00   1.9546251e+00   1.6496073e+00   1.9546251e+00   1.9546251e+00   1.9546251e+00
   3.7421907e+00   1.9546251e+00   1.6496073e+00   1.9546251e+00   1.9546251e+00   1.9546251e+00
   4.0112218e+00   1.9546251e+00   1.6496073e+00   1.9546251e+00   1.9546251e+00   1.9546251e+00
   4.2995938e+00   1.9546251e+00   1.6496073e+00   1.9546251e+00   1.9546251e+00   1.9546251e+00
   4.6086973e+00   1.9546251e+00   1.6496073e+00   1.9546251e+00   1.9546251e+00   1.9546251e+00
   4.9400226e+00   1.9546251e+00   1.6496073e+00   1.9546251e+00   1.9546251e+00   1.9546251e+00
   5.2951673e+00   1.9546251e+00   1.6496073e+00   1.9546251e+00   1.9546251e+00   1.9546251e+00
   5.6758439e+00   1.9546251e+00   1.6496073e+00   1.9546251e+00   1.9546251e+00   1.9546251e+00
   6.0838878e+00   1.9546251e+00   1.6496073e+00   1.9546251e+00   1.9546251e+00   1.9546251e+00
   6.5212665e+00   1.9546251e+00   1.6496073e+00   1.9546251e+00   1.9546251e+00   1.9546251e+00
   6.9900890e+00   1.9546251e+00   1.6496073e+00   1.9546251e+00   1.9546251e+00   1.9546251e+00
   7.4926157e+00   1.9546251e+00   1.6496073e+00   1.9546251e+00   1.9546251e+00   1.9546251e+00
   8.0312697e+00   1.9546251e+00   1.6496073e+00   1.9546251e+00   1.9546251e+00   1.9546251e+00
   8.6086483e+00   1.9546251e+00   1.6496073e+00   1.9546251e+00   1.9546251e+00   1.9546251e+00
   9.2275354e+00   1.9546251e+00   1.6496073e+00   1.9546251e+00   1.9546251e+00   1.9546251e+00
   9.8909151e+00   1.9699362e+00   1.6654695e+00   1.9671937e+00   1.9641099e+00   2.0012611e+00
   1.0601986e+01   2.0799179e+00   1.7777927e+00   2.0572930e+00   2.0319012e+00   2.3305131e+00
   1.1364177e+01   2.2585340e+00   1.9680914e+00   2.2010742e+00   2.1377216e+00   2.9023988e+00
   1.2181162e+01   2.4988910e+00   2.2431254e+00   2.3899181e+00   2.2723898e+00   3.7084812e+00
   1.3056882e+01   2.8059641e+00   2.6217352e+00   2.6254073e+00   2.4347821e+00   4.7065987e+00
   1.3995559e+01   3.1876373e+00   3.1228415e+00   2.9121818e+00   2.6263743e+00   5.8068919e+00
   1.5001718e+01   3.6510231e+00   3.7558879e+00   3.2555431e+00   2.8496197e+00   6.9035931e+00
   1.6080211e+01   4.1995746e+00   4.5112210e+00   3.6599881e+00   3.1072433e+00   7.9131494e+00
   1.7236239e+01   4.8303813e+00   5.3546291e+00   4.1278798e+00   3.4017782e+00   8.7901130e+00
   1.8475375e+01   5.5321403e+00   6.2315351e+00   4.6581683e+00   3.7351600e+00   9.5226000e+00
   1.9803594e+01   6.2846441e+00   7.0810650e+00   5.2453315e+00   4.1083264e+00   1.0119409e+01
   2.1227300e+01   7.0609373e+00   7.8545185e+00   5.8790673e+00   4.5209018e+00   1.0602710e+01
   2.2753359e+01   7.8343515e+00   8.5350125e+00   6.5462621e+00   4.9714095e+00   1.1014011e+01
   2.4389128e+01   8.5826708e+00   9.1294317e+00   7.2323723e+00   5.4572073e+00   1.1385005e+01
   2.6142495e+01   9.2904693e+00   9.6552396e+00   7.9229450e+00   5.9745049e+00   1.1735072e+01
   2.8021913e+01   9.9498684e+00   1.0131952e+01   8.6052354e+00   6.5185722e+00   1.2076099e+01
   3.0036445e+01   1.0559610e+01   1.0576791e+01   9.2693613e+00   7.0840509e+00   1.2415505e+01
   3.2195805e+01   1.1123074e+01   1.1002971e+01   9.9087237e+00   7.6652889e+00   1.2757547e+01
   3.4510404e+01   1.1646504e+01   1.1420365e+01   1.0520021e+01   8.2567381e+00   1.3105404e+01
   3.6991402e+01   1.2137239e+01   1.1835751e+01   1.1102664e+01   8.8532534e+00   1.3460821e+01
   3.9650763e+01   1.2602684e+01   1.2253787e+01   1.1658131e+01   9.4503583e+00   1.3825042e+01
   4.2501309e+01   1.3049595e+01   1.2677474e+01   1.2189213e+01   1.0044384e+01   1.4198725e+01
   4.5556784e+01   1.3483924e+01   1.3108941e+01   1.2699504e+01   1.0632575e+01   1.4582600e+01
   4.8831921e+01   1.3910583e+01   1.3549418e+01   1.3192824e+01   1.1213030e+01   1.4976922e+01
   5.2342512e+01   1.4333782e+01   1.4000077e+01   1.3673096e+01   1.1784718e+01   1.5382557e+01
   5.6105484e+01   1.4756963e+01   1.4461770e+01   1.4144039e+01   1.2347328e+01   1.5800139e+01
   6.0138982e+01   1.5182829e+01   1.4934959e+01   1.4608982e+01   1.2901103e+01   1.6229893e+01
   6.4462452e+01   1.5613771e+01   1.5420438e+01   1.5071043e+01   1.3446806e+01   1.6672932e+01
   6.9096743e+01   1.6051639e+01   1.5918641e+01   1.5532881e+01   1.3985486e+01   1.7129711e+01
   7.4064199e+01   1.6497956e+01   1.6429979e+01   1.5996803e+01   1.4518394e+01   1.7600819e+01
   7.9388772e+01   1.6953998e+01   1.6954871e+01   1.6464800e+01   1.5046892e+01   1.8086959e+01
   8.5096136e+01   1.7420958e+01   1.7493960e+01   1.6938657e+01   1.5572413e+01   1.8589188e+01
   9.1213809e+01   1.7899863e+01   1.8047857e+01   1.7419898e+01   1.6096348e+01   1.9108496e+01
   9.7771290e+01   1.8391717e+01   1.8617397e+01   1.7909891e+01   1.6620027e+01   1.9646246e+01
   1.0480020e+02   1.8897251e+01   1.9203115e+01   1.8409661e+01   1.7144555e+01   2.0203344e+01
   1.1233442e+02   1.9416990e+01   1.9805432e+01   1.8919938e+01   1.7670768e+01   2.0780628e+01
   1.2041029e+02   1.9951344e+01   2.0424895e+01   1.9441194e+01   1.8199185e+01   2.1379448e+01
   1.2906675e+02   2.0500428e+01   2.1061893e+01   1.9973505e+01   1.8729860e+01   2.2000960e+01
   1.3834553e+02   2.1063739e+01   2.1716206e+01   2.0516254e+01   1.9262118e+01   2.2645770e+01
   1.4829137e+02   2.1640299e+01   2.2387650e+01   2.1068151e+01   1.9794416e+01   2.3315268e+01
   1.5895223e+02   2.2228224e+01   2.3075714e+01   2.1626787e+01   2.0323881e+01   2.4011192e+01
   1.7037951e+02   2.2824054e+01   2.3779333e+01   2.2187874e+01   2.0845508e+01   2.4736444e+01
   1.8262832e+02   2.3421059e+01   2.4494989e+01   2.2743676e+01   2.1350829e+01   2.5492113e+01
   1.9575771e+02   2.4005729e+01   2.5213000e+01   2.3279822e+01   2.1825345e+01   2.6275448e+01
   2.0983099e+02   2.4550720e+01   2.5909575e+01   2.3769164e+01   2.2243907e+01   2.7074229e+01
   2.2491602e+02   2.4996924e+01   2.6521545e+01   2.4157494e+01   2.2561194e+01   2.7843088e+01
   2.4108553e+02   2.5195658e+01   2.6828112e+01   2.4323111e+01   2.2688946e+01   2.8306649e+01
   2.5841749e+02   2.5195658e+01   2.6828112e+01   2.4323111e+01   2.2688946e+01   2.8306649e+01
   2.7699546e+02   2.5195658e+01   2.6828112e+01   2.4323111e+01   2.2688946e+01   2.8306649e+01
   2.9690903e+02   2.5195658e+01   2.6828112e+01   2.4323111e+01   2.2688946e+01   2.8306649e+01
   3.1825421e+02   2.5195658e+01   2.6828112e+01   2.4323111e+01   2.2688946e+01   2.8306649e+01
   3.4113393e+02   2.5195658e+01   2.6828112e+01   2.4323111e+01   2.2688946e+01   2.8306649e+01
   3.6565850e+02   2.5195658e+01   2.6828112e+01   2.4323111e+01   2.2688946e+01   2.8306649e+01
   3.9194617e+02   2.5195658e+01   2.6828112e+01   2.4323111e+01   2.2688946e+01   2.8306649e+01
   4.2012369e+02   2.5195658e+01   2.6828112e+01   2.4323111e+01   2.2688946e+01   2.8306649e+01
   4.5032694e+02   2.5195658e+01   2.6828112e+01   2.4323111e+01   2.2688946e+01   2.8306649e+01
   4.8270154e+02   2.5195658e+01   2.6828112e+01   2.4323111e+01   2.2688946e+01   2.8306649e+01
   5.1740359e+02   2.5195658e+01   2.6828112e+01   2.4323111e+01   2.2688946e+01   2.8306649e+01
   5.5460042e+02   2.5195658e+01   2.6828112e+01   2.4323111e+01   2.2688946e+01   2.8306649e+01
   5.9447137e+02   2.5195658e+01   2.6828112e+01   2.4323111e+01   2.2688946e+01   2.8306649e+01
   6.3720870e+02   2.5195658e+01   2.6828112e+01   2.4323111e+01   2.2688946e+01   2.8306649e+01
   6.8301848e+02   2.5195658e+01   2.6828112e+01   2.4323111e+01   2.2688946e+01   2.8306649e+01
   7.3212158e+02   2.5195658e+01   2.6828112e+01   2.4323111e+01   2.2688946e+01   2.8306649e+01
   7.8475476e+02   2.5195658e+01   2.6828112e+01   2.4323111e+01   2.2688946e+01   2.8306649e+01
   8.4117182e+02   2.5195658e+01   2.6828112e+01   2.4323111e+01   2.2688946e+01   2.8306649e+01
   9.0164477e+02   2.5195658e+01   2.6828112e+01   2.4323111e+01   2.2688946e+01   2.8306649e+01
   9.6646520e+02   2.5195658e+01   2.6828112e+01   2.4323111e+01   2.2688946e+01   2.8306649e+01
