S870 bestfit flat steep
   1.0359457e-03   1.4166708e+00   1.3290872e+00   1.8288414e+00
   1.1104212e-03   1.4166714e+00   1.3290873e+00   1.8288448e+00
   1.1902508e-03   1.4166721e+00   1.3290874e+00   1.8288485e+00
   1.2758195e-03   1.4166728e+00   1.3290876e+00   1.8288524e+00
   1.3675398e-03   1.4166736e+00   1.3290878e+00   1.8288566e+00
   1.4658541e-03   1.4166744e+00   1.3290879e+00   1.8288611e+00
   1.5712363e-03   1.4166752e+00   1.3290881e+00   1.8288659e+00
   1.6841945e-03   1.4166762e+00   1.3290883e+00   1.8288711e+00
   1.8052735e-03   1.4166772e+00   1.3290886e+00   1.8288766e+00
   1.9350570e-03   1.4166782e+00   1.3290888e+00   1.8288825e+00
   2.0741708e-03   1.4166794e+00   1.3290891e+00   1.8288889e+00
   2.2232857e-03   1.4166806e+00   1.3290893e+00   1.8288957e+00
   2.3831206e-03   1.4166819e+00   1.3290896e+00   1.8289030e+00
   2.5544463e-03   1.4166833e+00   1.3290899e+00   1.8289109e+00
   2.7380888e-03   1.4166849e+00   1.3290903e+00   1.8289193e+00
   2.9349336e-03   1.4166865e+00   1.3290906e+00   1.8289283e+00
   3.1459299e-03   1.4166882e+00   1.3290910e+00   1.8289379e+00
   3.3720949e-03   1.4166901e+00   1.3290914e+00   1.8289483e+00
   3.6145193e-03   1.4166921e+00   1.3290919e+00   1.8289594e+00
   3.8743718e-03   1.4166942e+00   1.3290923e+00   1.8289713e+00
   4.1529055e-03   1.4166965e+00   1.3290928e+00   1.8289840e+00
   4.4514634e-03   1.4166990e+00   1.3290934e+00   1.8289977e+00
   4.7714849e-03   1.4167016e+00   1.3290940e+00   1.8290123e+00
   5.1145133e-03   1.4167044e+00   1.3290946e+00   1.8290280e+00
   5.4822024e-03   1.4167075e+00   1.3290953e+00   1.8290448e+00
   5.8763252e-03   1.4167107e+00   1.3290960e+00   1.8290629e+00
   6.2987819e-03   1.4167142e+00   1.3290967e+00   1.8290822e+00
   6.7516097e-03   1.4167179e+00   1.3290976e+00   1.8291029e+00
   7.2369918e-03   1.4167219e+00   1.3290985e+00   1.8291251e+00
   7.7572687e-03   1.4167262e+00   1.3290994e+00   1.8291489e+00
   8.3149490e-03   1.4167308e+00   1.3291004e+00   1.8291745e+00
   8.9127216e-03   1.4167357e+00   1.3291015e+00   1.8292018e+00
   9.5534689e-03   1.4167410e+00   1.3291027e+00   1.8292311e+00
   1.0240280e-02   1.4167467e+00   1.3291039e+00   1.8292626e+00
   1.0976468e-02   1.4167527e+00   1.3291053e+00   1.8292963e+00
   1.1765580e-02   1.4167592e+00   1.3291067e+00   1.8293324e+00
   1.2611424e-02   1.4167662e+00   1.3291083e+00   1.8293711e+00
   1.3518075e-02   1.4167737e+00   1.3291099e+00   1.8294126e+00
   1.4489908e-02   1.4167817e+00   1.3291117e+00   1.8294571e+00
   1.5531606e-02   1.4167903e+00   1.3291136e+00   1.8295049e+00
   1.6648194e-02   1.4167995e+00   1.3291156e+00   1.8295560e+00
   1.7845055e-02   1.4168094e+00   1.3291178e+00   1.8296108e+00
   1.9127959e-02   1.4168199e+00   1.3291201e+00   1.8296696e+00
   2.0503093e-02   1.4168313e+00   1.3291226e+00   1.8297326e+00
   2.1977088e-02   1.4168434e+00   1.3291253e+00   1.8298001e+00
   2.3557050e-02   1.4168565e+00   1.3291282e+00   1.8298725e+00
   2.5250597e-02   1.4168704e+00   1.3291313e+00   1.8299501e+00
   2.7065896e-02   1.4168854e+00   1.3291346e+00   1.8300333e+00
   2.9011699e-02   1.4169015e+00   1.3291381e+00   1.8301225e+00
   3.1097388e-02   1.4169187e+00   1.3291419e+00   1.8302181e+00
   3.3333020e-02   1.4169372e+00   1.3291460e+00   1.8303207e+00
   3.5729375e-02   1.4169569e+00   1.3291504e+00   1.8304306e+00
   3.8298007e-02   1.4169781e+00   1.3291551e+00   1.8305484e+00
   4.1051301e-02   1.4170009e+00   1.3291601e+00   1.8306748e+00
   4.4002533e-02   1.4170253e+00   1.3291655e+00   1.8308102e+00
   4.7165933e-02   1.4170514e+00   1.3291713e+00   1.8309554e+00
   5.0556754e-02   1.4170794e+00   1.3291774e+00   1.8311112e+00
   5.4191346e-02   1.4171095e+00   1.3291841e+00   1.8312781e+00
   5.8087234e-02   1.4171417e+00   1.3291912e+00   1.8314571e+00
   6.2263201e-02   1.4171762e+00   1.3291988e+00   1.8316491e+00
   6.6739385e-02   1.4172132e+00   1.3292070e+00   1.8318549e+00
   7.1537368e-02   1.4172529e+00   1.3292157e+00   1.8320756e+00
   7.6680283e-02   1.4172955e+00   1.3292251e+00   1.8323123e+00
   8.2192930e-02   1.4173411e+00   1.3292352e+00   1.8325661e+00
   8.8101888e-02   1.4173901e+00   1.3292460e+00   1.8328382e+00
   9.4435649e-02   1.4174426e+00   1.3292576e+00   1.8331301e+00
   1.0122475e-01   1.4174988e+00   1.3292700e+00   1.8334432e+00
   1.0850193e-01   1.4175592e+00   1.3292833e+00   1.8337789e+00
   1.1630228e-01   1.4176239e+00   1.3292975e+00   1.8341390e+00
   1.2466341e-01   1.4176934e+00   1.3293128e+00   1.8345252e+00
   1.3362562e-01   1.4177678e+00   1.3293292e+00   1.8349395e+00
   1.4323214e-01   1.4178477e+00   1.3293468e+00   1.8353840e+00
   1.5352929e-01   1.4179333e+00   1.3293657e+00   1.8358608e+00
   1.6456672e-01   1.4180252e+00   1.3293859e+00   1.8363723e+00
   1.7639763e-01   1.4181237e+00   1.3294075e+00   1.8369211e+00
   1.8907909e-01   1.4182295e+00   1.3294308e+00   1.8375099e+00
   2.0267224e-01   1.4183429e+00   1.3294557e+00   1.8381418e+00
   2.1724261e-01   1.4184646e+00   1.3294825e+00   1.8388199e+00
   2.3286047e-01   1.4185952e+00   1.3295111e+00   1.8395476e+00
   2.4960112e-01   1.4187353e+00   1.3295419e+00   1.8403287e+00
   2.6754527e-01   1.4188856e+00   1.3295748e+00   1.8411672e+00
   2.8677945e-01   1.4190470e+00   1.3296102e+00   1.8420673e+00
   3.0739641e-01   1.4192202e+00   1.3296482e+00   1.8430338e+00
   3.2949554e-01   1.4194061e+00   1.3296889e+00   1.8440715e+00
   3.5318341e-01   1.4196057e+00   1.3297325e+00   1.8451860e+00
   3.7857423e-01   1.4198200e+00   1.3297794e+00   1.8463830e+00
   4.0579043e-01   1.4200501e+00   1.3298296e+00   1.8476688e+00
   4.3496324e-01   1.4202971e+00   1.3298835e+00   1.8490503e+00
   4.6623332e-01   1.4205625e+00   1.3299414e+00   1.8505349e+00
   4.9975145e-01   1.4208476e+00   1.3300035e+00   1.8521304e+00
   5.3567924e-01   1.4211539e+00   1.3300701e+00   1.8538455e+00
   5.7418993e-01   1.4214830e+00   1.3301416e+00   1.8556896e+00
   6.1546920e-01   1.4218367e+00   1.3302183e+00   1.8576728e+00
   6.5971609e-01   1.4222169e+00   1.3303007e+00   1.8598061e+00
   7.0714395e-01   1.4226257e+00   1.3303892e+00   1.8621015e+00
   7.5798146e-01   1.4230654e+00   1.3304842e+00   1.8645718e+00
   8.1247375e-01   1.4235383e+00   1.3305862e+00   1.8672313e+00
   8.7088356e-01   1.4240470e+00   1.3306957e+00   1.8700952e+00
   9.3349252e-01   1.4245946e+00   1.3308134e+00   1.8731804e+00
   1.0006025e+00   1.4251841e+00   1.3309398e+00   1.8765051e+00
   1.0725372e+00   1.4258189e+00   1.3310757e+00   1.8800892e+00
   1.1496433e+00   1.4265028e+00   1.3312217e+00   1.8839547e+00
   1.2322927e+00   1.4272397e+00   1.3313786e+00   1.8881253e+00
   1.3208838e+00   1.4280341e+00   1.3315473e+00   1.8926274e+00
   1.4158439e+00   1.4288909e+00   1.3317288e+00   1.8974896e+00
   1.5176308e+00   1.4298154e+00   1.3319239e+00   1.9027435e+00
   1.6267352e+00   1.4308133e+00   1.3321339e+00   1.9084241e+00
   1.7436834e+00   1.4318911e+00   1.3323598e+00   1.9145696e+00
   1.8690391e+00   1.4330558e+00   1.3326031e+00   1.9212226e+00
   2.0034068e+00   1.4343151e+00   1.3328650e+00   1.9284300e+00
   2.1474343e+00   1.4356777e+00   1.3331472e+00   1.9362438e+00
   2.3018162e+00   1.4371529e+00   1.3334512e+00   1.9447218e+00
   2.4672968e+00   1.4387513e+00   1.3337790e+00   1.9539283e+00
   2.6446740e+00   1.4404844e+00   1.3341325e+00   1.9639352e+00
   2.8348031e+00   1.4423652e+00   1.3345140e+00   1.9748227e+00
   3.0386009e+00   1.4444083e+00   1.3349257e+00   1.9866804e+00
   3.2570499e+00   1.4466295e+00   1.3353705e+00   1.9996094e+00
   3.4912035e+00   1.4490472e+00   1.3358511e+00   2.0137231e+00
   3.7421907e+00   1.4516814e+00   1.3363709e+00   2.0291496e+00
   4.0112218e+00   1.4545552e+00   1.3369333e+00   2.0460337e+00
   4.2995938e+00   1.4576942e+00   1.3375423e+00   2.0645395e+00
   4.6086973e+00   1.4611278e+00   1.3382023e+00   2.0848540e+00
   4.9400226e+00   1.4648891e+00   1.3389181e+00   2.1071899e+00
   5.2951673e+00   1.4690159e+00   1.3396952e+00   2.1317906e+00
   5.6758439e+00   1.4735516e+00   1.3405396e+00   2.1589353e+00
   6.0838878e+00   1.4785458e+00   1.3414581e+00   2.1889448e+00
   6.5212665e+00   1.4840557e+00   1.3424584e+00   2.2221893e+00
   6.9900890e+00   1.4901473e+00   1.3435491e+00   2.2590967e+00
   7.4926157e+00   1.4968974e+00   1.3447399e+00   2.3001633e+00
   8.0312697e+00   1.5043954e+00   1.3460420e+00   2.3459665e+00
   8.6086483e+00   1.5127457e+00   1.3474679e+00   2.3971796e+00
   9.2275354e+00   1.5220715e+00   1.3490321e+00   2.4545898e+00
   9.8909151e+00   1.5325176e+00   1.3507512e+00   2.5191195e+00
   1.0601986e+01   1.5442563e+00   1.3526442e+00   2.5918524e+00
   1.1364177e+01   1.5574928e+00   1.3547334e+00   2.6740630e+00
   1.2181162e+01   1.5724726e+00   1.3570444e+00   2.7672527e+00
   1.3056882e+01   1.5894917e+00   1.3596075e+00   2.8731904e+00
   1.3995559e+01   1.6089080e+00   1.3624581e+00   2.9939604e+00
   1.5001718e+01   1.6311571e+00   1.3656380e+00   3.1320139e+00
   1.6080211e+01   1.6567717e+00   1.3691972e+00   3.2902255e+00
   1.7236239e+01   1.6864070e+00   1.3731951e+00   3.4719489e+00
   1.8475375e+01   1.7208725e+00   1.3777036e+00   3.6810665e+00
   1.9803594e+01   1.7611745e+00   1.3828095e+00   3.9220214e+00
   2.1227300e+01   1.8085690e+00   1.3886190e+00   4.1998142e+00
   2.2753359e+01   1.8646314e+00   1.3952624e+00   4.5199401e+00
   2.4389128e+01   1.9313446e+00   1.4029014e+00   4.8882292e+00
   2.6142495e+01   2.0112117e+00   1.4117375e+00   5.3105472e+00
   2.8021913e+01   2.1073969e+00   1.4220246e+00   5.7923071e+00
   3.0036445e+01   2.2238985e+00   1.4340847e+00   6.3377551e+00
   3.2195805e+01   2.3657524e+00   1.4483304e+00   6.9490277e+00
   3.4510404e+01   2.5392570e+00   1.4652942e+00   7.6250481e+00
   3.6991402e+01   2.7521910e+00   1.4856704e+00   8.3604433e+00
   3.9650763e+01   3.0139653e+00   1.5103715e+00   9.1447807e+00
   4.2501309e+01   3.3355993e+00   1.5406075e+00   9.9625037e+00
   4.5556784e+01   3.7293417e+00   1.5779958e+00   1.0793884e+01
   4.8831921e+01   4.2076889e+00   1.6247139e+00   1.1617059e+01
   5.2342512e+01   4.7815335e+00   1.6837105e+00   1.2410829e+01
   5.6105484e+01   5.4573146e+00   1.7589928e+00   1.3157533e+01
   6.0138982e+01   6.2334645e+00   1.8560079e+00   1.3845199e+01
   6.4462452e+01   7.0971673e+00   1.9821248e+00   1.4468443e+01
   6.9096743e+01   8.0231417e+00   2.1471909e+00   1.5028012e+01
   7.4064199e+01   8.9760973e+00   2.3640540e+00   1.5529353e+01
   7.9388772e+01   9.9170884e+00   2.6487869e+00   1.5980752e+01
   8.5096136e+01   1.0811715e+01   3.0200938e+00   1.6391575e+01
   9.1213809e+01   1.1636749e+01   3.4971064e+00   1.6770922e+01
   9.7771290e+01   1.2382625e+01   4.0947763e+00   1.7126780e+01
   1.0480020e+02   1.3051675e+01   4.8169537e+00   1.7465654e+01
   1.1233442e+02   1.3653913e+01   5.6494345e+00   1.7792516e+01
   1.2041029e+02   1.4202583e+01   6.5576929e+00   1.8110968e+01
   1.2906675e+02   1.4710823e+01   7.4934563e+00   1.8423487e+01
   1.3834553e+02   1.5189821e+01   8.4086936e+00   1.8731693e+01
   1.4829137e+02   1.5648167e+01   9.2692737e+00   1.9036583e+01
   1.5895223e+02   1.6091956e+01   1.0060762e+01   1.9338722e+01
   1.7037951e+02   1.6525230e+01   1.0785398e+01   1.9638385e+01
   1.8262832e+02   1.6950494e+01   1.1454796e+01   1.9935660e+01
   1.9575771e+02   1.7369181e+01   1.2083183e+01   2.0230514e+01
   2.0983099e+02   1.7782018e+01   1.2683281e+01   2.0522840e+01
   2.2491602e+02   1.8189283e+01   1.3264699e+01   2.0812486e+01
   2.4108553e+02   1.8590978e+01   1.3833866e+01   2.1099272e+01
   2.5841749e+02   1.8986949e+01   1.4394612e+01   2.1383003e+01
   2.7699546e+02   1.9376951e+01   1.4948892e+01   2.1663477e+01
   2.9690903e+02   1.9760699e+01   1.5497416e+01   2.1940489e+01
   3.1825421e+02   2.0137893e+01   1.6040106e+01   2.2213837e+01
   3.4113393e+02   2.0508234e+01   1.6576424e+01   2.2483321e+01
   3.6565850e+02   2.0871440e+01   1.7105583e+01   2.2748745e+01
   3.9194617e+02   2.1227245e+01   1.7626684e+01   2.3009922e+01
   4.2012369e+02   2.1575406e+01   1.8138801e+01   2.3266671e+01
   4.5032694e+02   2.1915706e+01   1.8641040e+01   2.3518821e+01
   4.8270154e+02   2.2247952e+01   1.9132569e+01   2.3766207e+01
   5.1740359e+02   2.2571978e+01   1.9612635e+01   2.4008678e+01
   5.5460042e+02   2.2887643e+01   2.0080582e+01   2.4246092e+01
   5.9447137e+02   2.3194833e+01   2.0535847e+01   2.4478319e+01
   6.3720870e+02   2.3493458e+01   2.0977966e+01   2.4705239e+01
   6.8301848e+02   2.3783452e+01   2.1406569e+01   2.4926746e+01
   7.3212158e+02   2.4064774e+01   2.1821378e+01   2.5142746e+01
   7.8475476e+02   2.4337405e+01   2.2222201e+01   2.5353158e+01
   8.4117182e+02   2.4601349e+01   2.2608929e+01   2.5557913e+01
   9.0164477e+02   2.4856628e+01   2.2981524e+01   2.5756955e+01
   9.6646520e+02   2.5103286e+01   2.3340019e+01   2.5950239e+01
