S870 bestfit flat steep
   1.0359457e-03   4.7310524e+00   3.0767196e+00   8.2396126e+00
   1.1104212e-03   4.7310574e+00   3.0767210e+00   8.2396228e+00
   1.1902508e-03   4.7310627e+00   3.0767226e+00   8.2396336e+00
   1.2758195e-03   4.7310685e+00   3.0767242e+00   8.2396453e+00
   1.3675398e-03   4.7310747e+00   3.0767260e+00   8.2396577e+00
   1.4658541e-03   4.7310813e+00   3.0767279e+00   8.2396711e+00
   1.5712363e-03   4.7310883e+00   3.0767299e+00   8.2396855e+00
   1.6841945e-03   4.7310959e+00   3.0767320e+00   8.2397008e+00
   1.8052735e-03   4.7311041e+00   3.0767344e+00   8.2397173e+00
   1.9350570e-03   4.7311128e+00   3.0767369e+00   8.2397349e+00
   2.0741708e-03   4.7311222e+00   3.0767395e+00   8.2397539e+00
   2.2232857e-03   4.7311322e+00   3.0767424e+00   8.2397742e+00
   2.3831206e-03   4.7311429e+00   3.0767455e+00   8.2397959e+00
   2.5544463e-03   4.7311544e+00   3.0767487e+00   8.2398192e+00
   2.7380888e-03   4.7311668e+00   3.0767523e+00   8.2398442e+00
   2.9349336e-03   4.7311800e+00   3.0767560e+00   8.2398710e+00
   3.1459299e-03   4.7311942e+00   3.0767601e+00   8.2398997e+00
   3.3720949e-03   4.7312094e+00   3.0767644e+00   8.2399304e+00
   3.6145193e-03   4.7312257e+00   3.0767691e+00   8.2399634e+00
   3.8743718e-03   4.7312431e+00   3.0767741e+00   8.2399988e+00
   4.1529055e-03   4.7312619e+00   3.0767794e+00   8.2400367e+00
   4.4514634e-03   4.7312819e+00   3.0767851e+00   8.2400773e+00
   4.7714849e-03   4.7313034e+00   3.0767913e+00   8.2401208e+00
   5.1145133e-03   4.7313265e+00   3.0767979e+00   8.2401675e+00
   5.4822024e-03   4.7313512e+00   3.0768049e+00   8.2402175e+00
   5.8763252e-03   4.7313777e+00   3.0768125e+00   8.2402711e+00
   6.2987819e-03   4.7314061e+00   3.0768206e+00   8.2403286e+00
   6.7516097e-03   4.7314365e+00   3.0768293e+00   8.2403902e+00
   7.2369918e-03   4.7314692e+00   3.0768386e+00   8.2404562e+00
   7.7572687e-03   4.7315041e+00   3.0768486e+00   8.2405270e+00
   8.3149490e-03   4.7315416e+00   3.0768593e+00   8.2406028e+00
   8.9127216e-03   4.7315818e+00   3.0768707e+00   8.2406842e+00
   9.5534689e-03   4.7316249e+00   3.0768830e+00   8.2407713e+00
   1.0240280e-02   4.7316711e+00   3.0768962e+00   8.2408648e+00
   1.0976468e-02   4.7317205e+00   3.0769103e+00   8.2409649e+00
   1.1765580e-02   4.7317736e+00   3.0769255e+00   8.2410723e+00
   1.2611424e-02   4.7318305e+00   3.0769417e+00   8.2411873e+00
   1.3518075e-02   4.7318914e+00   3.0769591e+00   8.2413107e+00
   1.4489908e-02   4.7319567e+00   3.0769778e+00   8.2414429e+00
   1.5531606e-02   4.7320268e+00   3.0769977e+00   8.2415846e+00
   1.6648194e-02   4.7321018e+00   3.0770192e+00   8.2417365e+00
   1.7845055e-02   4.7321823e+00   3.0770421e+00   8.2418993e+00
   1.9127959e-02   4.7322686e+00   3.0770668e+00   8.2420739e+00
   2.0503093e-02   4.7323610e+00   3.0770932e+00   8.2422609e+00
   2.1977088e-02   4.7324601e+00   3.0771214e+00   8.2424615e+00
   2.3557050e-02   4.7325664e+00   3.0771518e+00   8.2426764e+00
   2.5250597e-02   4.7326802e+00   3.0771843e+00   8.2429068e+00
   2.7065896e-02   4.7328023e+00   3.0772191e+00   8.2431538e+00
   2.9011699e-02   4.7329331e+00   3.0772565e+00   8.2434185e+00
   3.1097388e-02   4.7330734e+00   3.0772965e+00   8.2437022e+00
   3.3333020e-02   4.7332237e+00   3.0773394e+00   8.2440064e+00
   3.5729375e-02   4.7333849e+00   3.0773854e+00   8.2443324e+00
   3.8298007e-02   4.7335577e+00   3.0774347e+00   8.2446819e+00
   4.1051301e-02   4.7337428e+00   3.0774876e+00   8.2450565e+00
   4.4002533e-02   4.7339414e+00   3.0775443e+00   8.2454580e+00
   4.7165933e-02   4.7341541e+00   3.0776050e+00   8.2458884e+00
   5.0556754e-02   4.7343822e+00   3.0776701e+00   8.2463497e+00
   5.4191346e-02   4.7346268e+00   3.0777399e+00   8.2468443e+00
   5.8087234e-02   4.7348889e+00   3.0778148e+00   8.2473743e+00
   6.2263201e-02   4.7351698e+00   3.0778950e+00   8.2479425e+00
   6.6739385e-02   4.7354710e+00   3.0779809e+00   8.2485516e+00
   7.1537368e-02   4.7357939e+00   3.0780731e+00   8.2492044e+00
   7.6680283e-02   4.7361401e+00   3.0781719e+00   8.2499042e+00
   8.2192930e-02   4.7365111e+00   3.0782779e+00   8.2506543e+00
   8.8101888e-02   4.7369089e+00   3.0783914e+00   8.2514583e+00
   9.4435649e-02   4.7373353e+00   3.0785131e+00   8.2523202e+00
   1.0122475e-01   4.7377924e+00   3.0786436e+00   8.2532440e+00
   1.0850193e-01   4.7382824e+00   3.0787835e+00   8.2542343e+00
   1.1630228e-01   4.7388078e+00   3.0789335e+00   8.2552958e+00
   1.2466341e-01   4.7393710e+00   3.0790943e+00   8.2564336e+00
   1.3362562e-01   4.7399747e+00   3.0792667e+00   8.2576533e+00
   1.4323214e-01   4.7406220e+00   3.0794515e+00   8.2589607e+00
   1.5352929e-01   4.7413160e+00   3.0796496e+00   8.2603622e+00
   1.6456672e-01   4.7420600e+00   3.0798621e+00   8.2618644e+00
   1.7639763e-01   4.7428576e+00   3.0800898e+00   8.2634747e+00
   1.8907909e-01   4.7437128e+00   3.0803340e+00   8.2652008e+00
   2.0267224e-01   4.7446297e+00   3.0805958e+00   8.2670511e+00
   2.1724261e-01   4.7456127e+00   3.0808765e+00   8.2690345e+00
   2.3286047e-01   4.7466667e+00   3.0811775e+00   8.2711605e+00
   2.4960112e-01   4.7477968e+00   3.0815002e+00   8.2734396e+00
   2.6754527e-01   4.7490086e+00   3.0818462e+00   8.2758826e+00
   2.8677945e-01   4.7503079e+00   3.0822173e+00   8.2785014e+00
   3.0739641e-01   4.7517011e+00   3.0826151e+00   8.2813086e+00
   3.2949554e-01   4.7531950e+00   3.0830418e+00   8.2843179e+00
   3.5318341e-01   4.7547971e+00   3.0834994e+00   8.2875436e+00
   3.7857423e-01   4.7565150e+00   3.0839900e+00   8.2910016e+00
   4.0579043e-01   4.7583574e+00   3.0845163e+00   8.2947084e+00
   4.3496324e-01   4.7603332e+00   3.0850807e+00   8.2986821e+00
   4.6623332e-01   4.7624522e+00   3.0856860e+00   8.3029418e+00
   4.9975145e-01   4.7647249e+00   3.0863353e+00   8.3075082e+00
   5.3567924e-01   4.7671625e+00   3.0870317e+00   8.3124033e+00
   5.7418993e-01   4.7697771e+00   3.0877787e+00   8.3176510e+00
   6.1546920e-01   4.7725817e+00   3.0885801e+00   8.3232765e+00
   6.5971609e-01   4.7755902e+00   3.0894399e+00   8.3293071e+00
   7.0714395e-01   4.7788177e+00   3.0903623e+00   8.3357722e+00
   7.5798146e-01   4.7822803e+00   3.0913520e+00   8.3427029e+00
   8.1247375e-01   4.7859954e+00   3.0924139e+00   8.3501330e+00
   8.7088356e-01   4.7899815e+00   3.0935535e+00   8.3580983e+00
   9.3349252e-01   4.7942589e+00   3.0947764e+00   8.3666377e+00
   1.0006025e+00   4.7988492e+00   3.0960890e+00   8.3757926e+00
   1.0725372e+00   4.8037755e+00   3.0974979e+00   8.3856072e+00
   1.1496433e+00   4.8090631e+00   3.0990103e+00   8.3961294e+00
   1.2322927e+00   4.8147389e+00   3.1006341e+00   8.4074103e+00
   1.3208838e+00   4.8208319e+00   3.1023775e+00   8.4195045e+00
   1.4158439e+00   4.8273737e+00   3.1042497e+00   8.4324710e+00
   1.5176308e+00   4.8343980e+00   3.1062604e+00   8.4463727e+00
   1.6267352e+00   4.8419413e+00   3.1084202e+00   8.4612771e+00
   1.7436834e+00   4.8500431e+00   3.1107405e+00   8.4772568e+00
   1.8690391e+00   4.8587458e+00   3.1132335e+00   8.4943894e+00
   2.0034068e+00   4.8680954e+00   3.1159127e+00   8.5127582e+00
   2.1474343e+00   4.8781415e+00   3.1187924e+00   8.5324525e+00
   2.3018162e+00   4.8889378e+00   3.1218883e+00   8.5535681e+00
   2.4672968e+00   4.9005424e+00   3.1252173e+00   8.5762074e+00
   2.6446740e+00   4.9130181e+00   3.1287977e+00   8.6004804e+00
   2.8348031e+00   4.9264330e+00   3.1326495e+00   8.6265049e+00
   3.0386009e+00   4.9408607e+00   3.1367943e+00   8.6544071e+00
   3.2570499e+00   4.9563812e+00   3.1412556e+00   8.6843220e+00
   3.4912035e+00   4.9730812e+00   3.1460589e+00   8.7163943e+00
   3.7421907e+00   4.9910549e+00   3.1512322e+00   8.7507787e+00
   4.0112218e+00   5.0104044e+00   3.1568058e+00   8.7876407e+00
   4.2995938e+00   5.0312409e+00   3.1628129e+00   8.8271572e+00
   4.6086973e+00   5.0536851e+00   3.1692895e+00   8.8695174e+00
   4.9400226e+00   5.0778686e+00   3.1762754e+00   8.9149229e+00
   5.2951673e+00   5.1039346e+00   3.1838138e+00   8.9635891e+00
   5.6758439e+00   5.1320391e+00   3.1919522e+00   9.0157452e+00
   6.0838878e+00   5.1623521e+00   3.2007427e+00   9.0716351e+00
   6.5212665e+00   5.1950594e+00   3.2102427e+00   9.1315183e+00
   6.9900890e+00   5.2303636e+00   3.2205153e+00   9.1956699e+00
   7.4926157e+00   5.2684857e+00   3.2316298e+00   9.2643810e+00
   8.0312697e+00   5.3096677e+00   3.2436631e+00   9.3379594e+00
   8.6086483e+00   5.3541737e+00   3.2567000e+00   9.4167293e+00
   9.2275354e+00   5.4022925e+00   3.2708344e+00   9.5010312e+00
   9.8909151e+00   5.4543401e+00   3.2861705e+00   9.5912216e+00
   1.0601986e+01   5.5106616e+00   3.3028242e+00   9.6876717e+00
   1.1364177e+01   5.5716344e+00   3.3209242e+00   9.7907665e+00
   1.2181162e+01   5.6376710e+00   3.3406142e+00   9.9009028e+00
   1.3056882e+01   5.7092215e+00   3.3620547e+00   1.0018486e+01
   1.3995559e+01   5.7867768e+00   3.3854252e+00   1.0143929e+01
   1.5001718e+01   5.8708714e+00   3.4109268e+00   1.0277644e+01
   1.6080211e+01   5.9620864e+00   3.4387855e+00   1.0420041e+01
   1.7236239e+01   6.0610516e+00   3.4692552e+00   1.0571519e+01
   1.8475375e+01   6.1684475e+00   3.5026221e+00   1.0732459e+01
   1.9803594e+01   6.2850063e+00   3.5392089e+00   1.0903214e+01
   2.1227300e+01   6.4115121e+00   3.5793805e+00   1.1084102e+01
   2.2753359e+01   6.5487988e+00   3.6235492e+00   1.1275389e+01
   2.4389128e+01   6.6977465e+00   3.6721824e+00   1.1477282e+01
   2.6142495e+01   6.8592746e+00   3.7258094e+00   1.1689910e+01
   2.8021913e+01   7.0343319e+00   3.7850305e+00   1.1913314e+01
   3.0036445e+01   7.2238815e+00   3.8505262e+00   1.2147434e+01
   3.2195805e+01   7.4288818e+00   3.9230679e+00   1.2392094e+01
   3.4510404e+01   7.6502599e+00   4.0035290e+00   1.2646995e+01
   3.6991402e+01   7.8888804e+00   4.0928961e+00   1.2911707e+01
   3.9650763e+01   8.1455064e+00   4.1922812e+00   1.3185666e+01
   4.2501309e+01   8.4207545e+00   4.3029321e+00   1.3468181e+01
   4.5556784e+01   8.7150463e+00   4.4262412e+00   1.3758444e+01
   4.8831921e+01   9.0285562e+00   4.5637513e+00   1.4055544e+01
   5.2342512e+01   9.3611617e+00   4.7171543e+00   1.4358494e+01
   5.6105484e+01   9.7124010e+00   4.8882826e+00   1.4666259e+01
   6.0138982e+01   1.0081442e+01   5.0790866e+00   1.4977794e+01
   6.4462452e+01   1.0467073e+01   5.2915970e+00   1.5292076e+01
   6.9096743e+01   1.0867714e+01   5.5278650e+00   1.5608142e+01
   7.4064199e+01   1.1281465e+01   5.7898786e+00   1.5925120e+01
   7.9388772e+01   1.1706174e+01   6.0794517e+00   1.6242250e+01
   8.5096136e+01   1.2139536e+01   6.3980887e+00   1.6558905e+01
   9.1213809e+01   1.2579209e+01   6.7468310e+00   1.6874590e+01
   9.7771290e+01   1.3022929e+01   7.1261004e+00   1.7188939e+01
   1.0480020e+02   1.3468620e+01   7.5355606e+00   1.7501701e+01
   1.1233442e+02   1.3914479e+01   7.9740243e+00   1.7812718e+01
   1.2041029e+02   1.4359025e+01   8.4394349e+00   1.8121896e+01
   1.2906675e+02   1.4801115e+01   8.9289418e+00   1.8429185e+01
   1.3834553e+02   1.5239921e+01   9.4390752e+00   1.8734552e+01
   1.4829137e+02   1.5674879e+01   9.9660016e+00   1.9037960e+01
   1.5895223e+02   1.6105628e+01   1.0505821e+01   1.9339357e+01
   1.7037951e+02   1.6531936e+01   1.1054851e+01   1.9638664e+01
   1.8262832e+02   1.6953639e+01   1.1609852e+01   1.9935776e+01
   1.9575771e+02   1.7370587e+01   1.2168149e+01   2.0230560e+01
   2.0983099e+02   1.7782616e+01   1.2727649e+01   2.0522858e+01
   2.2491602e+02   1.8189523e+01   1.3286769e+01   2.0812492e+01
   2.4108553e+02   1.8591070e+01   1.3844308e+01   2.1099274e+01
   2.5841749e+02   1.8986982e+01   1.4399300e+01   2.1383003e+01
   2.7699546e+02   1.9376962e+01   1.4950883e+01   2.1663477e+01
   2.9690903e+02   1.9760702e+01   1.5498212e+01   2.1940489e+01
   3.1825421e+02   2.0137893e+01   1.6040405e+01   2.2213837e+01
   3.4113393e+02   2.0508234e+01   1.6576529e+01   2.2483321e+01
   3.6565850e+02   2.0871440e+01   1.7105617e+01   2.2748745e+01
   3.9194617e+02   2.1227245e+01   1.7626694e+01   2.3009922e+01
   4.2012369e+02   2.1575406e+01   1.8138804e+01   2.3266671e+01
   4.5032694e+02   2.1915706e+01   1.8641041e+01   2.3518821e+01
   4.8270154e+02   2.2247952e+01   1.9132569e+01   2.3766207e+01
   5.1740359e+02   2.2571978e+01   1.9612635e+01   2.4008678e+01
   5.5460042e+02   2.2887643e+01   2.0080582e+01   2.4246092e+01
   5.9447137e+02   2.3194833e+01   2.0535847e+01   2.4478319e+01
   6.3720870e+02   2.3493458e+01   2.0977966e+01   2.4705239e+01
   6.8301848e+02   2.3783452e+01   2.1406569e+01   2.4926746e+01
   7.3212158e+02   2.4064774e+01   2.1821378e+01   2.5142746e+01
   7.8475476e+02   2.4337405e+01   2.2222201e+01   2.5353158e+01
   8.4117182e+02   2.4601349e+01   2.2608929e+01   2.5557913e+01
   9.0164477e+02   2.4856628e+01   2.2981524e+01   2.5756955e+01
   9.6646520e+02   2.5103286e+01   2.3340019e+01   2.5950239e+01
