S870 karim steep flat veryflat verysteep
   1.0359457e-03   8.8514663e+00   7.1237477e+00   8.8514663e+00   8.8514663e+00   8.8514663e+00
   1.1104212e-03   8.8514663e+00   7.1237477e+00   8.8514663e+00   8.8514663e+00   8.8514663e+00
   1.1902508e-03   8.8514663e+00   7.1237477e+00   8.8514663e+00   8.8514663e+00   8.8514663e+00
   1.2758195e-03   8.8514663e+00   7.1237477e+00   8.8514663e+00   8.8514663e+00   8.8514663e+00
   1.3675398e-03   8.8514663e+00   7.1237477e+00   8.8514663e+00   8.8514663e+00   8.8514663e+00
   1.4658541e-03   8.8514663e+00   7.1237477e+00   8.8514663e+00   8.8514663e+00   8.8514663e+00
   1.5712363e-03   8.8514663e+00   7.1237477e+00   8.8514663e+00   8.8514663e+00   8.8514663e+00
   1.6841945e-03   8.8514663e+00   7.1237477e+00   8.8514663e+00   8.8514663e+00   8.8514663e+00
   1.8052735e-03   8.8514663e+00   7.1237477e+00   8.8514663e+00   8.8514663e+00   8.8514663e+00
   1.9350570e-03   8.8514663e+00   7.1237477e+00   8.8514663e+00   8.8514663e+00   8.8514663e+00
   2.0741708e-03   8.8514663e+00   7.1237477e+00   8.8514663e+00   8.8514663e+00   8.8514663e+00
   2.2232857e-03   8.8514663e+00   7.1237477e+00   8.8514663e+00   8.8514663e+00   8.8514663e+00
   2.3831206e-03   8.8514663e+00   7.1237477e+00   8.8514663e+00   8.8514663e+00   8.8514663e+00
   2.5544463e-03   8.8514663e+00   7.1237477e+00   8.8514663e+00   8.8514663e+00   8.8514663e+00
   2.7380888e-03   8.8514663e+00   7.1237477e+00   8.8514663e+00   8.8514663e+00   8.8514663e+00
   2.9349336e-03   8.8514663e+00   7.1237477e+00   8.8514663e+00   8.8514663e+00   8.8514663e+00
   3.1459299e-03   8.8514663e+00   7.1237477e+00   8.8514663e+00   8.8514663e+00   8.8514663e+00
   3.3720949e-03   8.8514663e+00   7.1237477e+00   8.8514663e+00   8.8514663e+00   8.8514663e+00
   3.6145193e-03   8.8514663e+00   7.1237477e+00   8.8514663e+00   8.8514663e+00   8.8514663e+00
   3.8743718e-03   8.8514663e+00   7.1237477e+00   8.8514663e+00   8.8514663e+00   8.8514663e+00
   4.1529055e-03   8.8514663e+00   7.1237477e+00   8.8514663e+00   8.8514663e+00   8.8514663e+00
   4.4514634e-03   8.8514663e+00   7.1237477e+00   8.8514663e+00   8.8514663e+00   8.8514663e+00
   4.7714849e-03   8.8514663e+00   7.1237477e+00   8.8514663e+00   8.8514663e+00   8.8514663e+00
   5.1145133e-03   8.8514663e+00   7.1237477e+00   8.8514663e+00   8.8514663e+00   8.8514663e+00
   5.4822024e-03   8.8514663e+00   7.1237477e+00   8.8514663e+00   8.8514663e+00   8.8514663e+00
   5.8763252e-03   8.8514663e+00   7.1237477e+00   8.8514663e+00   8.8514663e+00   8.8514663e+00
   6.2987819e-03   8.8514663e+00   7.1237477e+00   8.8514663e+00   8.8514663e+00   8.8514663e+00
   6.7516097e-03   8.8514663e+00   7.1237477e+00   8.8514663e+00   8.8514663e+00   8.8514663e+00
   7.2369918e-03   8.8514663e+00   7.1237477e+00   8.8514663e+00   8.8514663e+00   8.8514663e+00
   7.7572687e-03   8.8514663e+00   7.1237477e+00   8.8514663e+00   8.8514663e+00   8.8514663e+00
   8.3149490e-03   8.8514663e+00   7.1237477e+00   8.8514663e+00   8.8514663e+00   8.8514663e+00
   8.9127216e-03   8.8514663e+00   7.1237477e+00   8.8514663e+00   8.8514663e+00   8.8514663e+00
   9.5534689e-03   8.8514663e+00   7.1237477e+00   8.8514663e+00   8.8514663e+00   8.8514663e+00
   1.0240280e-02   8.8514663e+00   7.1237477e+00   8.8514663e+00   8.8514663e+00   8.8514663e+00
   1.0976468e-02   8.8514663e+00   7.1237477e+00   8.8514663e+00   8.8514663e+00   8.8514663e+00
   1.1765580e-02   8.8514663e+00   7.1237477e+00   8.8514663e+00   8.8514663e+00   8.8514663e+00
   1.2611424e-02   8.8514663e+00   7.1237477e+00   8.8514663e+00   8.8514663e+00   8.8514663e+00
   1.3518075e-02   8.8514663e+00   7.1237477e+00   8.8514663e+00   8.8514663e+00   8.8514663e+00
   1.4489908e-02   8.8514663e+00   7.1237477e+00   8.8514663e+00   8.8514663e+00   8.8514663e+00
   1.5531606e-02   8.8514663e+00   7.1237477e+00   8.8514663e+00   8.8514663e+00   8.8514663e+00
   1.6648194e-02   8.8514663e+00   7.1237477e+00   8.8514663e+00   8.8514663e+00   8.8514663e+00
   1.7845055e-02   8.8514663e+00   7.1237477e+00   8.8514663e+00   8.8514663e+00   8.8514663e+00
   1.9127959e-02   8.8514663e+00   7.1237477e+00   8.8514663e+00   8.8514663e+00   8.8514663e+00
   2.0503093e-02   8.8514663e+00   7.1237477e+00   8.8514663e+00   8.8514663e+00   8.8514663e+00
   2.1977088e-02   8.8514663e+00   7.1237477e+00   8.8514663e+00   8.8514663e+00   8.8514663e+00
   2.3557050e-02   8.8514663e+00   7.1237477e+00   8.8514663e+00   8.8514663e+00   8.8514663e+00
   2.5250597e-02   8.8514663e+00   7.1237477e+00   8.8514663e+00   8.8514663e+00   8.8514663e+00
   2.7065896e-02   8.8514663e+00   7.1237477e+00   8.8514663e+00   8.8514663e+00   8.8514663e+00
   2.9011699e-02   8.8514663e+00   7.1237477e+00   8.8514663e+00   8.8514663e+00   8.8514663e+00
   3.1097388e-02   8.8514663e+00   7.1237477e+00   8.8514663e+00   8.8514663e+00   8.8514663e+00
   3.3333020e-02   8.8514663e+00   7.1237477e+00   8.8514663e+00   8.8514663e+00   8.8514663e+00
   3.5729375e-02   8.8514663e+00   7.1237477e+00   8.8514663e+00   8.8514663e+00   8.8514663e+00
   3.8298007e-02   8.8514663e+00   7.1237477e+00   8.8514663e+00   8.8514663e+00   8.8514663e+00
   4.1051301e-02   8.8514663e+00   7.1237477e+00   8.8514663e+00   8.8514663e+00   8.8514663e+00
   4.4002533e-02   8.8514663e+00   7.1237477e+00   8.8514663e+00   8.8514663e+00   8.8514663e+00
   4.7165933e-02   8.8514663e+00   7.1237477e+00   8.8514663e+00   8.8514663e+00   8.8514663e+00
   5.0556754e-02   8.8514663e+00   7.1237477e+00   8.8514663e+00   8.8514663e+00   8.8514663e+00
   5.4191346e-02   8.8514663e+00   7.1237477e+00   8.8514663e+00   8.8514663e+00   8.8514663e+00
   5.8087234e-02   8.8514663e+00   7.1237477e+00   8.8514663e+00   8.8514663e+00   8.8514663e+00
   6.2263201e-02   8.8514663e+00   7.1237477e+00   8.8514663e+00   8.8514663e+00   8.8514663e+00
   6.6739385e-02   8.8514663e+00   7.1237477e+00   8.8514663e+00   8.8514663e+00   8.8514663e+00
   7.1537368e-02   8.8514663e+00   7.1237477e+00   8.8514663e+00   8.8514663e+00   8.8514663e+00
   7.6680283e-02   8.8514663e+00   7.1237477e+00   8.8514663e+00   8.8514663e+00   8.8514663e+00
   8.2192930e-02   8.8514663e+00   7.1237477e+00   8.8514663e+00   8.8514663e+00   8.8514663e+00
   8.8101888e-02   8.8514663e+00   7.1237477e+00   8.8514663e+00   8.8514663e+00   8.8514663e+00
   9.4435649e-02   8.8514663e+00   7.1237477e+00   8.8514663e+00   8.8514663e+00   8.8514663e+00
   1.0122475e-01   8.8514663e+00   7.1237477e+00   8.8514663e+00   8.8514663e+00   8.8514663e+00
   1.0850193e-01   8.8514663e+00   7.1237477e+00   8.8514663e+00   8.8514663e+00   8.8514663e+00
   1.1630228e-01   8.8514663e+00   7.1237477e+00   8.8514663e+00   8.8514663e+00   8.8514663e+00
   1.2466341e-01   8.8514663e+00   7.1237477e+00   8.8514663e+00   8.8514663e+00   8.8514663e+00
   1.3362562e-01   8.8514663e+00   7.1237477e+00   8.8514663e+00   8.8514663e+00   8.8514663e+00
   1.4323214e-01   8.8514663e+00   7.1237477e+00   8.8514663e+00   8.8514663e+00   8.8514663e+00
   1.5352929e-01   8.8514663e+00   7.1237477e+00   8.8514663e+00   8.8514663e+00   8.8514663e+00
   1.6456672e-01   8.8514663e+00   7.1237477e+00   8.8514663e+00   8.8514663e+00   8.8514663e+00
   1.7639763e-01   8.8514663e+00   7.1237477e+00   8.8514663e+00   8.8514663e+00   8.8514663e+00
   1.8907909e-01   8.8514663e+00   7.1237477e+00   8.8514663e+00   8.8514663e+00   8.8514663e+00
   2.0267224e-01   8.8514663e+00   7.1237477e+00   8.8514663e+00   8.8514663e+00   8.8514663e+00
   2.1724261e-01   8.8514663e+00   7.1237477e+00   8.8514663e+00   8.8514663e+00   8.8514663e+00
   2.3286047e-01   8.8514663e+00   7.1237477e+00   8.8514663e+00   8.8514663e+00   8.8514663e+00
   2.4960112e-01   8.8514663e+00   7.1237477e+00   8.8514663e+00   8.8514663e+00   8.8514663e+00
   2.6754527e-01   8.8514663e+00   7.1237477e+00   8.8514663e+00   8.8514663e+00   8.8514663e+00
   2.8677945e-01   8.8514663e+00   7.1237477e+00   8.8514663e+00   8.8514663e+00   8.8514663e+00
   3.0739641e-01   8.8514663e+00   7.1237477e+00   8.8514663e+00   8.8514663e+00   8.8514663e+00
   3.2949554e-01   8.8514663e+00   7.1237477e+00   8.8514663e+00   8.8514663e+00   8.8514663e+00
   3.5318341e-01   8.8514663e+00   7.1237477e+00   8.8514663e+00   8.8514663e+00   8.8514663e+00
   3.7857423e-01   8.8514663e+00   7.1237477e+00   8.8514663e+00   8.8514663e+00   8.8514663e+00
   4.0579043e-01   8.8514663e+00   7.1237477e+00   8.8514663e+00   8.8514663e+00   8.8514663e+00
   4.3496324e-01   8.8514663e+00   7.1237477e+00   8.8514663e+00   8.8514663e+00   8.8514663e+00
   4.6623332e-01   8.8514663e+00   7.1237477e+00   8.8514663e+00   8.8514663e+00   8.8514663e+00
   4.9975145e-01   8.8514663e+00   7.1237477e+00   8.8514663e+00   8.8514663e+00   8.8514663e+00
   5.3567924e-01   8.8514663e+00   7.1237477e+00   8.8514663e+00   8.8514663e+00   8.8514663e+00
   5.7418993e-01   8.8514663e+00   7.1237477e+00   8.8514663e+00   8.8514663e+00   8.8514663e+00
   6.1546920e-01   8.8514663e+00   7.1237477e+00   8.8514663e+00   8.8514663e+00   8.8514663e+00
   6.5971609e-01   8.8514663e+00   7.1237477e+00   8.8514663e+00   8.8514663e+00   8.8514663e+00
   7.0714395e-01   8.8514663e+00   7.1237477e+00   8.8514663e+00   8.8514663e+00   8.8514663e+00
   7.5798146e-01   8.8514663e+00   7.1237477e+00   8.8514663e+00   8.8514663e+00   8.8514663e+00
   8.1247375e-01   8.8514663e+00   7.1237477e+00   8.8514663e+00   8.8514663e+00   8.8514663e+00
   8.7088356e-01   8.8514663e+00   7.1237477e+00   8.8514663e+00   8.8514663e+00   8.8514663e+00
   9.3349252e-01   8.8514663e+00   7.1237477e+00   8.8514663e+00   8.8514663e+00   8.8514663e+00
   1.0006025e+00   8.8514663e+00   7.1237477e+00   8.8514663e+00   8.8514663e+00   8.8514663e+00
   1.0725372e+00   8.8514663e+00   7.1237477e+00   8.8514663e+00   8.8514663e+00   8.8514663e+00
   1.1496433e+00   8.8514663e+00   7.1237477e+00   8.8514663e+00   8.8514663e+00   8.8514663e+00
   1.2322927e+00   8.8514663e+00   7.1237477e+00   8.8514663e+00   8.8514663e+00   8.8514663e+00
   1.3208838e+00   8.8514663e+00   7.1237477e+00   8.8514663e+00   8.8514663e+00   8.8514663e+00
   1.4158439e+00   8.8514663e+00   7.1237477e+00   8.8514663e+00   8.8514663e+00   8.8514663e+00
   1.5176308e+00   8.8514663e+00   7.1237477e+00   8.8514663e+00   8.8514663e+00   8.8514663e+00
   1.6267352e+00   8.8514663e+00   7.1237477e+00   8.8514663e+00   8.8514663e+00   8.8514663e+00
   1.7436834e+00   8.8514663e+00   7.1237477e+00   8.8514663e+00   8.8514663e+00   8.8514663e+00
   1.8690391e+00   8.8514663e+00   7.1237477e+00   8.8514663e+00   8.8514663e+00   8.8514663e+00
   2.0034068e+00   8.8514663e+00   7.1237477e+00   8.8514663e+00   8.8514663e+00   8.8514663e+00
   2.1474343e+00   8.8514663e+00   7.1237477e+00   8.8514663e+00   8.8514663e+00   8.8514663e+00
   2.3018162e+00   8.8514663e+00   7.1237477e+00   8.8514663e+00   8.8514663e+00   8.8514663e+00
   2.4672968e+00   8.8514663e+00   7.1237477e+00   8.8514663e+00   8.8514663e+00   8.8514663e+00
   2.6446740e+00   8.8514663e+00   7.1237477e+00   8.8514663e+00   8.8514663e+00   8.8514663e+00
   2.8348031e+00   8.8514663e+00   7.1237477e+00   8.8514663e+00   8.8514663e+00   8.8514663e+00
   3.0386009e+00   8.8514663e+00   7.1237477e+00   8.8514663e+00   8.8514663e+00   8.8514663e+00
   3.2570499e+00   8.8514663e+00   7.1237477e+00   8.8514663e+00   8.8514663e+00   8.8514663e+00
   3.4912035e+00   8.8514663e+00   7.1237477e+00   8.8514663e+00   8.8514663e+00   8.8514663e+00
   3.7421907e+00   8.8514663e+00   7.1237477e+00   8.8514663e+00   8.8514663e+00   8.8514663e+00
   4.0112218e+00   8.8514663e+00   7.1237477e+00   8.8514663e+00   8.8514663e+00   8.8514663e+00
   4.2995938e+00   8.8514663e+00   7.1237477e+00   8.8514663e+00   8.8514663e+00   8.8514663e+00
   4.6086973e+00   8.8514663e+00   7.1237477e+00   8.8514663e+00   8.8514663e+00   8.8514663e+00
   4.9400226e+00   8.8514663e+00   7.1237477e+00   8.8514663e+00   8.8514663e+00   8.8514663e+00
   5.2951673e+00   8.8514663e+00   7.1237477e+00   8.8514663e+00   8.8514663e+00   8.8514663e+00
   5.6758439e+00   8.8514663e+00   7.1237477e+00   8.8514663e+00   8.8514663e+00   8.8514663e+00
   6.0838878e+00   8.8514663e+00   7.1237477e+00   8.8514663e+00   8.8514663e+00   8.8514663e+00
   6.5212665e+00   8.8514663e+00   7.1237477e+00   8.8514663e+00   8.8514663e+00   8.8514663e+00
   6.9900890e+00   8.8514663e+00   7.1237477e+00   8.8514663e+00   8.8514663e+00   8.8514663e+00
   7.4926157e+00   8.8514663e+00   7.1237477e+00   8.8514663e+00   8.8514663e+00   8.8514663e+00
   8.0312697e+00   8.8514663e+00   7.1237477e+00   8.8514663e+00   8.8514663e+00   8.8514663e+00
   8.6086483e+00   8.8514663e+00   7.1237477e+00   8.8514663e+00   8.8514663e+00   8.8514663e+00
   9.2275354e+00   8.8514663e+00   7.1237477e+00   8.8514663e+00   8.8514663e+00   8.8514663e+00
   9.8909151e+00   8.8514663e+00   7.1237477e+00   8.8514663e+00   8.8514663e+00   8.8514663e+00
   1.0601986e+01   8.8514663e+00   7.1237477e+00   8.8514663e+00   8.8514663e+00   8.8514663e+00
   1.1364177e+01   8.8514663e+00   7.1237477e+00   8.8514663e+00   8.8514663e+00   8.8514663e+00
   1.2181162e+01   8.8514663e+00   7.1237477e+00   8.8514663e+00   8.8514663e+00   8.8514663e+00
   1.3056882e+01   8.8514663e+00   7.1237477e+00   8.8514663e+00   8.8514663e+00   8.8514663e+00
   1.3995559e+01   8.8514663e+00   7.1237477e+00   8.8514663e+00   8.8514663e+00   8.8514663e+00
   1.5001718e+01   8.8514663e+00   7.1237477e+00   8.8514663e+00   8.8514663e+00   8.8514663e+00
   1.6080211e+01   8.8520921e+00   7.1248159e+00   8.8519777e+00   8.8518503e+00   8.8534816e+00
   1.7236239e+01   8.9695366e+00   7.3125465e+00   8.9496899e+00   8.9267087e+00   9.1601832e+00
   1.8475375e+01   9.2160870e+00   7.6824214e+00   9.1591322e+00   9.0909275e+00   9.6669559e+00
   1.9803594e+01   9.5256586e+00   8.1220097e+00   9.4277044e+00   9.3064444e+00   1.0174122e+01
   2.1227300e+01   9.8610228e+00   8.5731990e+00   9.7250154e+00   9.5507408e+00   1.0622873e+01
   2.2753359e+01   1.0205685e+01   9.0147293e+00   1.0036975e+01   9.8130415e+00   1.1021304e+01
   2.4389128e+01   1.0552484e+01   9.4413951e+00   1.0356861e+01   1.0087885e+01   1.1387614e+01
   2.6142495e+01   1.0898434e+01   9.8543103e+00   1.0681273e+01   1.0372191e+01   1.1735999e+01
   2.8021913e+01   1.1242917e+01   1.0257328e+01   1.1008770e+01   1.0664288e+01   1.2076427e+01
   3.0036445e+01   1.1586641e+01   1.0655065e+01   1.1339090e+01   1.0963385e+01   1.2415621e+01
   3.2195805e+01   1.1930795e+01   1.1051558e+01   1.1672510e+01   1.1269131e+01   1.2757588e+01
   3.4510404e+01   1.2276907e+01   1.1450415e+01   1.2009732e+01   1.1581541e+01   1.3105418e+01
   3.6991402e+01   1.2626422e+01   1.1854295e+01   1.2351533e+01   1.1900765e+01   1.3460826e+01
   3.9650763e+01   1.2980685e+01   1.2265217e+01   1.2698732e+01   1.2227048e+01   1.3825044e+01
   4.2501309e+01   1.3340809e+01   1.2684514e+01   1.3052059e+01   1.2560642e+01   1.4198725e+01
   4.5556784e+01   1.3707828e+01   1.3113276e+01   1.3412248e+01   1.2901853e+01   1.4582601e+01
   4.8831921e+01   1.4082519e+01   1.3552088e+01   1.3779884e+01   1.3250932e+01   1.4976922e+01
   5.2342512e+01   1.4465731e+01   1.4001722e+01   1.4155635e+01   1.3608217e+01   1.5382557e+01
   5.6105484e+01   1.4858216e+01   1.4462784e+01   1.4540121e+01   1.3974044e+01   1.5800139e+01
   6.0138982e+01   1.5260551e+01   1.4935585e+01   1.4933840e+01   1.4348689e+01   1.6229893e+01
   6.4462452e+01   1.5673473e+01   1.5420825e+01   1.5337414e+01   1.4732520e+01   1.6672932e+01
   6.9096743e+01   1.6097547e+01   1.5918880e+01   1.5751340e+01   1.5125828e+01   1.7129711e+01
   7.4064199e+01   1.6533303e+01   1.6430127e+01   1.6176078e+01   1.5528879e+01   1.7600819e+01
   7.9388772e+01   1.6981259e+01   1.6954963e+01   1.6612066e+01   1.5941913e+01   1.8086959e+01
   8.5096136e+01   1.7442025e+01   1.7494017e+01   1.7059799e+01   1.6365186e+01   1.8589188e+01
   9.1213809e+01   1.7916182e+01   1.8047892e+01   1.7519731e+01   1.6798898e+01   1.9108496e+01
   9.7771290e+01   1.8404393e+01   1.8617419e+01   1.7992349e+01   1.7243229e+01   1.9646246e+01
   1.0480020e+02   1.8907129e+01   1.9203129e+01   1.8477953e+01   1.7698175e+01   2.0203344e+01
   1.1233442e+02   1.9424718e+01   1.9805441e+01   1.8976679e+01   1.8163539e+01   2.0780628e+01
   1.2041029e+02   1.9957415e+01   2.0424901e+01   1.9488519e+01   1.8638898e+01   2.1379448e+01
   1.2906675e+02   2.0505224e+01   2.1061897e+01   2.0013156e+01   1.9123459e+01   2.2000960e+01
   1.3834553e+02   2.1067550e+01   2.1716208e+01   2.0549653e+01   1.9615787e+01   2.2645770e+01
   1.4829137e+02   2.1643351e+01   2.2387651e+01   2.1096466e+01   2.0113692e+01   2.3315268e+01
   1.5895223e+02   2.2230691e+01   2.3075715e+01   2.1650982e+01   2.0613760e+01   2.4011192e+01
   1.7037951e+02   2.2826071e+01   2.3779333e+01   2.2208754e+01   2.1110572e+01   2.4736444e+01
   1.8262832e+02   2.3422733e+01   2.4494989e+01   2.2761922e+01   2.1595361e+01   2.5492113e+01
   1.9575771e+02   2.4007147e+01   2.5213000e+01   2.3296028e+01   2.2053464e+01   2.6275448e+01
   2.0983099e+02   2.4551955e+01   2.5909575e+01   2.3783871e+01   2.2459745e+01   2.7074229e+01
   2.2491602e+02   2.4998042e+01   2.6521545e+01   2.4171241e+01   2.2769173e+01   2.7843088e+01
   2.4108553e+02   2.5196735e+01   2.6828112e+01   2.4336520e+01   2.2894231e+01   2.8306649e+01
   2.5841749e+02   2.5196735e+01   2.6828112e+01   2.4336520e+01   2.2894231e+01   2.8306649e+01
   2.7699546e+02   2.5196735e+01   2.6828112e+01   2.4336520e+01   2.2894231e+01   2.8306649e+01
   2.9690903e+02   2.5196735e+01   2.6828112e+01   2.4336520e+01   2.2894231e+01   2.8306649e+01
   3.1825421e+02   2.5196735e+01   2.6828112e+01   2.4336520e+01   2.2894231e+01   2.8306649e+01
   3.4113393e+02   2.5196735e+01   2.6828112e+01   2.4336520e+01   2.2894231e+01   2.8306649e+01
   3.6565850e+02   2.5196735e+01   2.6828112e+01   2.4336520e+01   2.2894231e+01   2.8306649e+01
   3.9194617e+02   2.5196735e+01   2.6828112e+01   2.4336520e+01   2.2894231e+01   2.8306649e+01
   4.2012369e+02   2.5196735e+01   2.6828112e+01   2.4336520e+01   2.2894231e+01   2.8306649e+01
   4.5032694e+02   2.5196735e+01   2.6828112e+01   2.4336520e+01   2.2894231e+01   2.8306649e+01
   4.8270154e+02   2.5196735e+01   2.6828112e+01   2.4336520e+01   2.2894231e+01   2.8306649e+01
   5.1740359e+02   2.5196735e+01   2.6828112e+01   2.4336520e+01   2.2894231e+01   2.8306649e+01
   5.5460042e+02   2.5196735e+01   2.6828112e+01   2.4336520e+01   2.2894231e+01   2.8306649e+01
   5.9447137e+02   2.5196735e+01   2.6828112e+01   2.4336520e+01   2.2894231e+01   2.8306649e+01
   6.3720870e+02   2.5196735e+01   2.6828112e+01   2.4336520e+01   2.2894231e+01   2.8306649e+01
   6.8301848e+02   2.5196735e+01   2.6828112e+01   2.4336520e+01   2.2894231e+01   2.8306649e+01
   7.3212158e+02   2.5196735e+01   2.6828112e+01   2.4336520e+01   2.2894231e+01   2.8306649e+01
   7.8475476e+02   2.5196735e+01   2.6828112e+01   2.4336520e+01   2.2894231e+01   2.8306649e+01
   8.4117182e+02   2.5196735e+01   2.6828112e+01   2.4336520e+01   2.2894231e+01   2.8306649e+01
   9.0164477e+02   2.5196735e+01   2.6828112e+01   2.4336520e+01   2.2894231e+01   2.8306649e+01
   9.6646520e+02   2.5196735e+01   2.6828112e+01   2.4336520e+01   2.2894231e+01   2.8306649e+01
