S870 karim steep flat veryflat verysteep break15
   1.0359457e-03   1.8645605e+00   1.6033164e+00   1.8645605e+00   1.8645605e+00   1.8645605e+00   1.8645605e+00
   1.1104212e-03   1.8645605e+00   1.6033164e+00   1.8645605e+00   1.8645605e+00   1.8645605e+00   1.8645605e+00
   1.1902508e-03   1.8645605e+00   1.6033164e+00   1.8645605e+00   1.8645605e+00   1.8645605e+00   1.8645605e+00
   1.2758195e-03   1.8645605e+00   1.6033164e+00   1.8645605e+00   1.8645605e+00   1.8645605e+00   1.8645605e+00
   1.3675398e-03   1.8645605e+00   1.6033164e+00   1.8645605e+00   1.8645605e+00   1.8645605e+00   1.8645605e+00
   1.4658541e-03   1.8645605e+00   1.6033164e+00   1.8645605e+00   1.8645605e+00   1.8645605e+00   1.8645605e+00
   1.5712363e-03   1.8645605e+00   1.6033164e+00   1.8645605e+00   1.8645605e+00   1.8645605e+00   1.8645605e+00
   1.6841945e-03   1.8645605e+00   1.6033164e+00   1.8645605e+00   1.8645605e+00   1.8645605e+00   1.8645605e+00
   1.8052735e-03   1.8645605e+00   1.6033164e+00   1.8645605e+00   1.8645605e+00   1.8645605e+00   1.8645605e+00
   1.9350570e-03   1.8645605e+00   1.6033164e+00   1.8645605e+00   1.8645605e+00   1.8645605e+00   1.8645605e+00
   2.0741708e-03   1.8645605e+00   1.6033164e+00   1.8645605e+00   1.8645605e+00   1.8645605e+00   1.8645605e+00
   2.2232857e-03   1.8645605e+00   1.6033164e+00   1.8645605e+00   1.8645605e+00   1.8645605e+00   1.8645605e+00
   2.3831206e-03   1.8645605e+00   1.6033164e+00   1.8645605e+00   1.8645605e+00   1.8645605e+00   1.8645605e+00
   2.5544463e-03   1.8645605e+00   1.6033164e+00   1.8645605e+00   1.8645605e+00   1.8645605e+00   1.8645605e+00
   2.7380888e-03   1.8645605e+00   1.6033164e+00   1.8645605e+00   1.8645605e+00   1.8645605e+00   1.8645605e+00
   2.9349336e-03   1.8645605e+00   1.6033164e+00   1.8645605e+00   1.8645605e+00   1.8645605e+00   1.8645605e+00
   3.1459299e-03   1.8645605e+00   1.6033164e+00   1.8645605e+00   1.8645605e+00   1.8645605e+00   1.8645605e+00
   3.3720949e-03   1.8645605e+00   1.6033164e+00   1.8645605e+00   1.8645605e+00   1.8645605e+00   1.8645605e+00
   3.6145193e-03   1.8645605e+00   1.6033164e+00   1.8645605e+00   1.8645605e+00   1.8645605e+00   1.8645605e+00
   3.8743718e-03   1.8645605e+00   1.6033164e+00   1.8645605e+00   1.8645605e+00   1.8645605e+00   1.8645605e+00
   4.1529055e-03   1.8645605e+00   1.6033164e+00   1.8645605e+00   1.8645605e+00   1.8645605e+00   1.8645605e+00
   4.4514634e-03   1.8645605e+00   1.6033164e+00   1.8645605e+00   1.8645605e+00   1.8645605e+00   1.8645605e+00
   4.7714849e-03   1.8645605e+00   1.6033164e+00   1.8645605e+00   1.8645605e+00   1.8645605e+00   1.8645605e+00
   5.1145133e-03   1.8645605e+00   1.6033164e+00   1.8645605e+00   1.8645605e+00   1.8645605e+00   1.8645605e+00
   5.4822024e-03   1.8645605e+00   1.6033164e+00   1.8645605e+00   1.8645605e+00   1.8645605e+00   1.8645605e+00
   5.8763252e-03   1.8645605e+00   1.6033164e+00   1.8645605e+00   1.8645605e+00   1.8645605e+00   1.8645605e+00
   6.2987819e-03   1.8645605e+00   1.6033164e+00   1.8645605e+00   1.8645605e+00   1.8645605e+00   1.8645605e+00
   6.7516097e-03   1.8645605e+00   1.6033164e+00   1.8645605e+00   1.8645605e+00   1.8645605e+00   1.8645605e+00
   7.2369918e-03   1.8645605e+00   1.6033164e+00   1.8645605e+00   1.8645605e+00   1.8645605e+00   1.8645605e+00
   7.7572687e-03   1.8645605e+00   1.6033164e+00   1.8645605e+00   1.8645605e+00   1.8645605e+00   1.8645605e+00
   8.3149490e-03   1.8645605e+00   1.6033164e+00   1.8645605e+00   1.8645605e+00   1.8645605e+00   1.8645605e+00
   8.9127216e-03   1.8645605e+00   1.6033164e+00   1.8645605e+00   1.8645605e+00   1.8645605e+00   1.8645605e+00
   9.5534689e-03   1.8645605e+00   1.6033164e+00   1.8645605e+00   1.8645605e+00   1.8645605e+00   1.8645605e+00
   1.0240280e-02   1.8645605e+00   1.6033164e+00   1.8645605e+00   1.8645605e+00   1.8645605e+00   1.8645605e+00
   1.0976468e-02   1.8645605e+00   1.6033164e+00   1.8645605e+00   1.8645605e+00   1.8645605e+00   1.8645605e+00
   1.1765580e-02   1.8645605e+00   1.6033164e+00   1.8645605e+00   1.8645605e+00   1.8645605e+00   1.8645605e+00
   1.2611424e-02   1.8645605e+00   1.6033164e+00   1.8645605e+00   1.8645605e+00   1.8645605e+00   1.8645605e+00
   1.3518075e-02   1.8645605e+00   1.6033164e+00   1.8645605e+00   1.8645605e+00   1.8645605e+00   1.8645605e+00
   1.4489908e-02   1.8645605e+00   1.6033164e+00   1.8645605e+00   1.8645605e+00   1.8645605e+00   1.8645605e+00
   1.5531606e-02   1.8645605e+00   1.6033164e+00   1.8645605e+00   1.8645605e+00   1.8645605e+00   1.8645605e+00
   1.6648194e-02   1.8645605e+00   1.6033164e+00   1.8645605e+00   1.8645605e+00   1.8645605e+00   1.8645605e+00
   1.7845055e-02   1.8645605e+00   1.6033164e+00   1.8645605e+00   1.8645605e+00   1.8645605e+00   1.8645605e+00
   1.9127959e-02   1.8645605e+00   1.6033164e+00   1.8645605e+00   1.8645605e+00   1.8645605e+00   1.8645605e+00
   2.0503093e-02   1.8645605e+00   1.6033164e+00   1.8645605e+00   1.8645605e+00   1.8645605e+00   1.8645605e+00
   2.1977088e-02   1.8645605e+00   1.6033164e+00   1.8645605e+00   1.8645605e+00   1.8645605e+00   1.8645605e+00
   2.3557050e-02   1.8645605e+00   1.6033164e+00   1.8645605e+00   1.8645605e+00   1.8645605e+00   1.8645605e+00
   2.5250597e-02   1.8645605e+00   1.6033164e+00   1.8645605e+00   1.8645605e+00   1.8645605e+00   1.8645605e+00
   2.7065896e-02   1.8645605e+00   1.6033164e+00   1.8645605e+00   1.8645605e+00   1.8645605e+00   1.8645605e+00
   2.9011699e-02   1.8645605e+00   1.6033164e+00   1.8645605e+00   1.8645605e+00   1.8645605e+00   1.8645605e+00
   3.1097388e-02   1.8645605e+00   1.6033164e+00   1.8645605e+00   1.8645605e+00   1.8645605e+00   1.8645605e+00
   3.3333020e-02   1.8645605e+00   1.6033164e+00   1.8645605e+00   1.8645605e+00   1.8645605e+00   1.8645605e+00
   3.5729375e-02   1.8645605e+00   1.6033164e+00   1.8645605e+00   1.8645605e+00   1.8645605e+00   1.8645605e+00
   3.8298007e-02   1.8645605e+00   1.6033164e+00   1.8645605e+00   1.8645605e+00   1.8645605e+00   1.8645605e+00
   4.1051301e-02   1.8645605e+00   1.6033164e+00   1.8645605e+00   1.8645605e+00   1.8645605e+00   1.8645605e+00
   4.4002533e-02   1.8645605e+00   1.6033164e+00   1.8645605e+00   1.8645605e+00   1.8645605e+00   1.8645605e+00
   4.7165933e-02   1.8645605e+00   1.6033164e+00   1.8645605e+00   1.8645605e+00   1.8645605e+00   1.8645605e+00
   5.0556754e-02   1.8645605e+00   1.6033164e+00   1.8645605e+00   1.8645605e+00   1.8645605e+00   1.8645605e+00
   5.4191346e-02   1.8645605e+00   1.6033164e+00   1.8645605e+00   1.8645605e+00   1.8645605e+00   1.8645605e+00
   5.8087234e-02   1.8645605e+00   1.6033164e+00   1.8645605e+00   1.8645605e+00   1.8645605e+00   1.8645605e+00
   6.2263201e-02   1.8645605e+00   1.6033164e+00   1.8645605e+00   1.8645605e+00   1.8645605e+00   1.8645605e+00
   6.6739385e-02   1.8645605e+00   1.6033164e+00   1.8645605e+00   1.8645605e+00   1.8645605e+00   1.8645605e+00
   7.1537368e-02   1.8645605e+00   1.6033164e+00   1.8645605e+00   1.8645605e+00   1.8645605e+00   1.8645605e+00
   7.6680283e-02   1.8645605e+00   1.6033164e+00   1.8645605e+00   1.8645605e+00   1.8645605e+00   1.8645605e+00
   8.2192930e-02   1.8645605e+00   1.6033164e+00   1.8645605e+00   1.8645605e+00   1.8645605e+00   1.8645605e+00
   8.8101888e-02   1.8645605e+00   1.6033164e+00   1.8645605e+00   1.8645605e+00   1.8645605e+00   1.8645605e+00
   9.4435649e-02   1.8645605e+00   1.6033164e+00   1.8645605e+00   1.8645605e+00   1.8645605e+00   1.8645605e+00
   1.0122475e-01   1.8645605e+00   1.6033164e+00   1.8645605e+00   1.8645605e+00   1.8645605e+00   1.8645605e+00
   1.0850193e-01   1.8645605e+00   1.6033164e+00   1.8645605e+00   1.8645605e+00   1.8645605e+00   1.8645605e+00
   1.1630228e-01   1.8645605e+00   1.6033164e+00   1.8645605e+00   1.8645605e+00   1.8645605e+00   1.8645605e+00
   1.2466341e-01   1.8645605e+00   1.6033164e+00   1.8645605e+00   1.8645605e+00   1.8645605e+00   1.8645605e+00
   1.3362562e-01   1.8645605e+00   1.6033164e+00   1.8645605e+00   1.8645605e+00   1.8645605e+00   1.8645605e+00
   1.4323214e-01   1.8645605e+00   1.6033164e+00   1.8645605e+00   1.8645605e+00   1.8645605e+00   1.8645605e+00
   1.5352929e-01   1.8645605e+00   1.6033164e+00   1.8645605e+00   1.8645605e+00   1.8645605e+00   1.8645605e+00
   1.6456672e-01   1.8645605e+00   1.6033164e+00   1.8645605e+00   1.8645605e+00   1.8645605e+00   1.8645605e+00
   1.7639763e-01   1.8645605e+00   1.6033164e+00   1.8645605e+00   1.8645605e+00   1.8645605e+00   1.8645605e+00
   1.8907909e-01   1.8645605e+00   1.6033164e+00   1.8645605e+00   1.8645605e+00   1.8645605e+00   1.8645605e+00
   2.0267224e-01   1.8645605e+00   1.6033164e+00   1.8645605e+00   1.8645605e+00   1.8645605e+00   1.8645605e+00
   2.1724261e-01   1.8645605e+00   1.6033164e+00   1.8645605e+00   1.8645605e+00   1.8645605e+00   1.8645605e+00
   2.3286047e-01   1.8645605e+00   1.6033164e+00   1.8645605e+00   1.8645605e+00   1.8645605e+00   1.8645605e+00
   2.4960112e-01   1.8645605e+00   1.6033164e+00   1.8645605e+00   1.8645605e+00   1.8645605e+00   1.8645605e+00
   2.6754527e-01   1.8645605e+00   1.6033164e+00   1.8645605e+00   1.8645605e+00   1.8645605e+00   1.8645605e+00
   2.8677945e-01   1.8645605e+00   1.6033164e+00   1.8645605e+00   1.8645605e+00   1.8645605e+00   1.8645605e+00
   3.0739641e-01   1.8645605e+00   1.6033164e+00   1.8645605e+00   1.8645605e+00   1.8645605e+00   1.8645605e+00
   3.2949554e-01   1.8645605e+00   1.6033164e+00   1.8645605e+00   1.8645605e+00   1.8645605e+00   1.8645605e+00
   3.5318341e-01   1.8645605e+00   1.6033164e+00   1.8645605e+00   1.8645605e+00   1.8645605e+00   1.8645605e+00
   3.7857423e-01   1.8645605e+00   1.6033164e+00   1.8645605e+00   1.8645605e+00   1.8645605e+00   1.8645605e+00
   4.0579043e-01   1.8645605e+00   1.6033164e+00   1.8645605e+00   1.8645605e+00   1.8645605e+00   1.8645605e+00
   4.3496324e-01   1.8645605e+00   1.6033164e+00   1.8645605e+00   1.8645605e+00   1.8645605e+00   1.8645605e+00
   4.6623332e-01   1.8645605e+00   1.6033164e+00   1.8645605e+00   1.8645605e+00   1.8645605e+00   1.8645605e+00
   4.9975145e-01   1.8645605e+00   1.6033164e+00   1.8645605e+00   1.8645605e+00   1.8645605e+00   1.8645605e+00
   5.3567924e-01   1.8645605e+00   1.6033164e+00   1.8645605e+00   1.8645605e+00   1.8645605e+00   1.8645605e+00
   5.7418993e-01   1.8645605e+00   1.6033164e+00   1.8645605e+00   1.8645605e+00   1.8645605e+00   1.8645605e+00
   6.1546920e-01   1.8645605e+00   1.6033164e+00   1.8645605e+00   1.8645605e+00   1.8645605e+00   1.8645605e+00
   6.5971609e-01   1.8645605e+00   1.6033164e+00   1.8645605e+00   1.8645605e+00   1.8645605e+00   1.8645605e+00
   7.0714395e-01   1.8645605e+00   1.6033164e+00   1.8645605e+00   1.8645605e+00   1.8645605e+00   1.8645605e+00
   7.5798146e-01   1.8645605e+00   1.6033164e+00   1.8645605e+00   1.8645605e+00   1.8645605e+00   1.8645605e+00
   8.1247375e-01   1.8645605e+00   1.6033164e+00   1.8645605e+00   1.8645605e+00   1.8645605e+00   1.8645605e+00
   8.7088356e-01   1.8645605e+00   1.6033164e+00   1.8645605e+00   1.8645605e+00   1.8645605e+00   1.8645605e+00
   9.3349252e-01   1.8645605e+00   1.6033164e+00   1.8645605e+00   1.8645605e+00   1.8645605e+00   1.8645605e+00
   1.0006025e+00   1.8645605e+00   1.6033164e+00   1.8645605e+00   1.8645605e+00   1.8645605e+00   1.8645605e+00
   1.0725372e+00   1.8645605e+00   1.6033164e+00   1.8645605e+00   1.8645605e+00   1.8645605e+00   1.8645605e+00
   1.1496433e+00   1.8645605e+00   1.6033164e+00   1.8645605e+00   1.8645605e+00   1.8645605e+00   1.8645605e+00
   1.2322927e+00   1.8645605e+00   1.6033164e+00   1.8645605e+00   1.8645605e+00   1.8645605e+00   1.8645605e+00
   1.3208838e+00   1.8645605e+00   1.6033164e+00   1.8645605e+00   1.8645605e+00   1.8645605e+00   1.8645605e+00
   1.4158439e+00   1.8645605e+00   1.6033164e+00   1.8645605e+00   1.8645605e+00   1.8645605e+00   1.8645605e+00
   1.5176308e+00   1.8645605e+00   1.6033164e+00   1.8645605e+00   1.8645605e+00   1.8645605e+00   1.8645605e+00
   1.6267352e+00   1.8645605e+00   1.6033164e+00   1.8645605e+00   1.8645605e+00   1.8645605e+00   1.8645605e+00
   1.7436834e+00   1.8645605e+00   1.6033164e+00   1.8645605e+00   1.8645605e+00   1.8645605e+00   1.8645605e+00
   1.8690391e+00   1.8645605e+00   1.6033164e+00   1.8645605e+00   1.8645605e+00   1.8645605e+00   1.8645605e+00
   2.0034068e+00   1.8645605e+00   1.6033164e+00   1.8645605e+00   1.8645605e+00   1.8645605e+00   1.8645605e+00
   2.1474343e+00   1.8645605e+00   1.6033164e+00   1.8645605e+00   1.8645605e+00   1.8645605e+00   1.8645605e+00
   2.3018162e+00   1.8645605e+00   1.6033164e+00   1.8645605e+00   1.8645605e+00   1.8645605e+00   1.8645605e+00
   2.4672968e+00   1.8645605e+00   1.6033164e+00   1.8645605e+00   1.8645605e+00   1.8645605e+00   1.8645605e+00
   2.6446740e+00   1.8645605e+00   1.6033164e+00   1.8645605e+00   1.8645605e+00   1.8645605e+00   1.8645605e+00
   2.8348031e+00   1.8645605e+00   1.6033164e+00   1.8645605e+00   1.8645605e+00   1.8645605e+00   1.8645605e+00
   3.0386009e+00   1.8645605e+00   1.6033164e+00   1.8645605e+00   1.8645605e+00   1.8645605e+00   1.8645605e+00
   3.2570499e+00   1.8645605e+00   1.6033164e+00   1.8645605e+00   1.8645605e+00   1.8645605e+00   1.8645605e+00
   3.4912035e+00   1.8645605e+00   1.6033164e+00   1.8645605e+00   1.8645605e+00   1.8645605e+00   1.8645605e+00
   3.7421907e+00   1.8645605e+00   1.6033164e+00   1.8645605e+00   1.8645605e+00   1.8645605e+00   1.8645605e+00
   4.0112218e+00   1.8645605e+00   1.6033164e+00   1.8645605e+00   1.8645605e+00   1.8645605e+00   1.8645605e+00
   4.2995938e+00   1.8645605e+00   1.6033164e+00   1.8645605e+00   1.8645605e+00   1.8645605e+00   1.8645605e+00
   4.6086973e+00   1.8645605e+00   1.6033164e+00   1.8645605e+00   1.8645605e+00   1.8645605e+00   1.8645605e+00
   4.9400226e+00   1.8645605e+00   1.6033164e+00   1.8645605e+00   1.8645605e+00   1.8645605e+00   1.8645605e+00
   5.2951673e+00   1.8645605e+00   1.6033164e+00   1.8645605e+00   1.8645605e+00   1.8645605e+00   1.8645605e+00
   5.6758439e+00   1.8645605e+00   1.6033164e+00   1.8645605e+00   1.8645605e+00   1.8645605e+00   1.8645605e+00
   6.0838878e+00   1.8645605e+00   1.6033164e+00   1.8645605e+00   1.8645605e+00   1.8645605e+00   1.8645605e+00
   6.5212665e+00   1.8645605e+00   1.6033164e+00   1.8645605e+00   1.8645605e+00   1.8645605e+00   1.8645605e+00
   6.9900890e+00   1.8645605e+00   1.6033164e+00   1.8645605e+00   1.8645605e+00   1.8645605e+00   1.8645605e+00
   7.4926157e+00   1.8645605e+00   1.6033164e+00   1.8645605e+00   1.8645605e+00   1.8645605e+00   1.8645605e+00
   8.0312697e+00   1.8645605e+00   1.6033164e+00   1.8645605e+00   1.8645605e+00   1.8645605e+00   1.8645605e+00
   8.6086483e+00   1.8645605e+00   1.6033164e+00   1.8645605e+00   1.8645605e+00   1.8645605e+00   1.8645605e+00
   9.2275354e+00   1.8645605e+00   1.6033164e+00   1.8645605e+00   1.8645605e+00   1.8645605e+00   1.8645605e+00
   9.8909151e+00   1.8786003e+00   1.6180657e+00   1.8760839e+00   1.8732552e+00   1.9073939e+00   1.8645605e+00
   1.0601986e+01   1.9787045e+00   1.7218028e+00   1.9580043e+00   1.9348188e+00   2.2105205e+00   1.8645605e+00
   1.1364177e+01   2.1406856e+00   1.8973363e+00   2.0880348e+00   2.0302227e+00   2.7440886e+00   1.8645605e+00
   1.2181162e+01   2.3588524e+00   2.1521624e+00   2.2586346e+00   2.1512434e+00   3.5096451e+00   1.8645605e+00
   1.3056882e+01   2.6385413e+00   2.5055935e+00   2.4716668e+00   2.2970542e+00   4.4722996e+00   1.8645605e+00
   1.3995559e+01   2.9879083e+00   2.9774150e+00   2.7318404e+00   2.4691907e+00   5.5419493e+00   1.8645605e+00
   1.5001718e+01   3.4145452e+00   3.5781714e+00   3.0445465e+00   2.6700886e+00   6.6062618e+00   1.8645605e+00
   1.6080211e+01   3.9226984e+00   4.2987019e+00   3.4145110e+00   2.9024534e+00   7.5753303e+00   1.8645605e+00
   1.7236239e+01   4.5105300e+00   5.1038337e+00   3.8445288e+00   3.1688447e+00   8.4025537e+00   1.8645605e+00
   1.8475375e+01   5.1679015e+00   5.9367016e+00   4.3341898e+00   3.4713015e+00   9.0787795e+00   1.8755526e+00
   1.9803594e+01   5.8757289e+00   6.7349159e+00   4.8788250e+00   3.8109801e+00   9.6182453e+00   1.9715092e+00
   2.1227300e+01   6.6099558e+00   7.4578281e+00   5.4700528e+00   4.1881305e+00   1.0062705e+01   2.1304299e+00
   2.2753359e+01   7.3469787e+00   8.0967095e+00   6.0970505e+00   4.6021354e+00   1.0455784e+01   2.3454385e+00
   2.4389128e+01   8.0665776e+00   8.6615409e+00   6.7473219e+00   5.0513250e+00   1.0823294e+01   2.6215682e+00
   2.6142495e+01   8.7544379e+00   9.1700370e+00   7.4081560e+00   5.5330100e+00   1.1180155e+01   2.9669204e+00
   2.8021913e+01   9.4028774e+00   9.6402962e+00   8.0680276e+00   6.0436159e+00   1.1535084e+01   3.3891883e+00
   3.0036445e+01   1.0009970e+01   1.0087256e+01   8.7175792e+00   6.5788798e+00   1.1892912e+01   3.8928757e+00
   3.2195805e+01   1.0578015e+01   1.0522115e+01   9.3501531e+00   7.1341190e+00   1.2256468e+01   4.4765398e+00
   3.4510404e+01   1.1111806e+01   1.0952683e+01   9.9617945e+00   7.7045081e+00   1.2627311e+01   5.1305306e+00
   3.6991402e+01   1.1617322e+01   1.1384314e+01   1.0550970e+01   8.2853674e+00   1.3006480e+01   5.8362133e+00
   3.9650763e+01   1.2100698e+01   1.1820503e+01   1.1118028e+01   8.8723906e+00   1.3394554e+01   6.5696218e+00
   4.2501309e+01   1.2567684e+01   1.2263519e+01   1.1664653e+01   9.4618263e+00   1.3791951e+01   7.3070676e+00
   4.5556784e+01   1.3023396e+01   1.2714891e+01   1.2193387e+01   1.0050599e+01   1.4199100e+01   8.0280566e+00
   4.8831921e+01   1.3472148e+01   1.3175513e+01   1.2707169e+01   1.0636333e+01   1.4616183e+01   8.7179111e+00
   5.2342512e+01   1.3917685e+01   1.3646276e+01   1.3209173e+01   1.1217400e+01   1.5043964e+01   9.3685967e+00
   5.6105484e+01   1.4363062e+01   1.4127732e+01   1.3702483e+01   1.1792817e+01   1.5482844e+01   9.9779121e+00
   6.0138982e+01   1.4810835e+01   1.4620413e+01   1.4190032e+01   1.2362191e+01   1.5933431e+01   1.0547977e+01
   6.4462452e+01   1.5263096e+01   1.5124729e+01   1.4674493e+01   1.2925601e+01   1.6396202e+01   1.1083482e+01
   6.9096743e+01   1.5721635e+01   1.5641193e+01   1.5158304e+01   1.3483513e+01   1.6872035e+01   1.1590375e+01
   7.4064199e+01   1.6188113e+01   1.6170575e+01   1.5643745e+01   1.4036735e+01   1.7362083e+01   1.2074801e+01
   7.9388772e+01   1.6663746e+01   1.6713196e+01   1.6132678e+01   1.4586178e+01   1.7866760e+01   1.2542535e+01
   8.5096136e+01   1.7149766e+01   1.7269775e+01   1.6626858e+01   1.5132922e+01   1.8387246e+01   1.2998738e+01
   9.1213809e+01   1.7647185e+01   1.7840896e+01   1.7127758e+01   1.5678044e+01   1.8924486e+01   1.3447762e+01
   9.7771290e+01   1.8156905e+01   1.8427199e+01   1.7636641e+01   1.6222571e+01   1.9479568e+01   1.3893387e+01
   1.0480020e+02   1.8679703e+01   1.9029330e+01   1.8154545e+01   1.6767408e+01   2.0053632e+01   1.4338699e+01
   1.1233442e+02   1.9216112e+01   1.9647744e+01   1.8682186e+01   1.7313209e+01   2.0647620e+01   1.4786301e+01
   1.2041029e+02   1.9766624e+01   2.0283184e+01   1.9220081e+01   1.7860366e+01   2.1263214e+01   1.5238305e+01
   1.2906675e+02   2.0331365e+01   2.0936084e+01   1.9768295e+01   1.8408796e+01   2.1901589e+01   1.5696465e+01
   1.3834553e+02   2.0909912e+01   2.1606428e+01   2.0326248e+01   1.8957727e+01   2.2563623e+01   1.6162474e+01
   1.4829137e+02   2.1501364e+01   2.2294281e+01   2.0892672e+01   1.9505504e+01   2.3251112e+01   1.6637568e+01
   1.5895223e+02   2.2103560e+01   2.2998656e+01   2.1464929e+01   2.0049027e+01   2.3964819e+01   1.7122989e+01
   1.7037951e+02   2.2712586e+01   2.3717624e+01   2.2038389e+01   2.0583046e+01   2.4705975e+01   1.7619757e+01
   1.8262832e+02   2.3321110e+01   2.4446575e+01   2.2604873e+01   2.1098819e+01   2.5474244e+01   1.8128772e+01
   1.9575771e+02   2.3915184e+01   2.5174959e+01   2.3149723e+01   2.1581730e+01   2.6265650e+01   1.8650836e+01
   2.0983099e+02   2.4467299e+01   2.5878821e+01   2.3645670e+01   2.2006571e+01   2.7068263e+01   1.9186484e+01
   2.2491602e+02   2.4917737e+01   2.6494808e+01   2.4037891e+01   2.2327465e+01   2.7838227e+01   1.9736212e+01
   2.4108553e+02   2.5117369e+01   2.6802010e+01   2.4204320e+01   2.2455963e+01   2.8301047e+01   2.0300179e+01
   2.5841749e+02   2.5117369e+01   2.6802010e+01   2.4204320e+01   2.2455963e+01   2.8301047e+01   2.0877985e+01
   2.7699546e+02   2.5117369e+01   2.6802010e+01   2.4204320e+01   2.2455963e+01   2.8301047e+01   2.1468772e+01
   2.9690903e+02   2.5117369e+01   2.6802010e+01   2.4204320e+01   2.2455963e+01   2.8301047e+01   2.2070484e+01
   3.1825421e+02   2.5117369e+01   2.6802010e+01   2.4204320e+01   2.2455963e+01   2.8301047e+01   2.2679304e+01
   3.4113393e+02   2.5117369e+01   2.6802010e+01   2.4204320e+01   2.2455963e+01   2.8301047e+01   2.3288133e+01
   3.6565850e+02   2.5117369e+01   2.6802010e+01   2.4204320e+01   2.2455963e+01   2.8301047e+01   2.3883518e+01
   3.9194617e+02   2.5117369e+01   2.6802010e+01   2.4204320e+01   2.2455963e+01   2.8301047e+01   2.4439010e+01
   4.2012369e+02   2.5117369e+01   2.6802010e+01   2.4204320e+01   2.2455963e+01   2.8301047e+01   2.4897552e+01
   4.5032694e+02   2.5117369e+01   2.6802010e+01   2.4204320e+01   2.2455963e+01   2.8301047e+01   2.5117369e+01
   4.8270154e+02   2.5117369e+01   2.6802010e+01   2.4204320e+01   2.2455963e+01   2.8301047e+01   2.5117369e+01
   5.1740359e+02   2.5117369e+01   2.6802010e+01   2.4204320e+01   2.2455963e+01   2.8301047e+01   2.5117369e+01
   5.5460042e+02   2.5117369e+01   2.6802010e+01   2.4204320e+01   2.2455963e+01   2.8301047e+01   2.5117369e+01
   5.9447137e+02   2.5117369e+01   2.6802010e+01   2.4204320e+01   2.2455963e+01   2.8301047e+01   2.5117369e+01
   6.3720870e+02   2.5117369e+01   2.6802010e+01   2.4204320e+01   2.2455963e+01   2.8301047e+01   2.5117369e+01
   6.8301848e+02   2.5117369e+01   2.6802010e+01   2.4204320e+01   2.2455963e+01   2.8301047e+01   2.5117369e+01
   7.3212158e+02   2.5117369e+01   2.6802010e+01   2.4204320e+01   2.2455963e+01   2.8301047e+01   2.5117369e+01
   7.8475476e+02   2.5117369e+01   2.6802010e+01   2.4204320e+01   2.2455963e+01   2.8301047e+01   2.5117369e+01
   8.4117182e+02   2.5117369e+01   2.6802010e+01   2.4204320e+01   2.2455963e+01   2.8301047e+01   2.5117369e+01
   9.0164477e+02   2.5117369e+01   2.6802010e+01   2.4204320e+01   2.2455963e+01   2.8301047e+01   2.5117369e+01
   9.6646520e+02   2.5117369e+01   2.6802010e+01   2.4204320e+01   2.2455963e+01   2.8301047e+01   2.5117369e+01
