S870 karim steep flat veryflat verysteep break15
   1.0359457e-03   1.9132039e+00   1.6284094e+00   1.9132039e+00   1.9132039e+00   1.9132039e+00   1.9132039e+00
   1.1104212e-03   1.9132039e+00   1.6284094e+00   1.9132039e+00   1.9132039e+00   1.9132039e+00   1.9132039e+00
   1.1902508e-03   1.9132039e+00   1.6284094e+00   1.9132039e+00   1.9132039e+00   1.9132039e+00   1.9132039e+00
   1.2758195e-03   1.9132039e+00   1.6284094e+00   1.9132039e+00   1.9132039e+00   1.9132039e+00   1.9132039e+00
   1.3675398e-03   1.9132039e+00   1.6284094e+00   1.9132039e+00   1.9132039e+00   1.9132039e+00   1.9132039e+00
   1.4658541e-03   1.9132039e+00   1.6284094e+00   1.9132039e+00   1.9132039e+00   1.9132039e+00   1.9132039e+00
   1.5712363e-03   1.9132039e+00   1.6284094e+00   1.9132039e+00   1.9132039e+00   1.9132039e+00   1.9132039e+00
   1.6841945e-03   1.9132039e+00   1.6284094e+00   1.9132039e+00   1.9132039e+00   1.9132039e+00   1.9132039e+00
   1.8052735e-03   1.9132039e+00   1.6284094e+00   1.9132039e+00   1.9132039e+00   1.9132039e+00   1.9132039e+00
   1.9350570e-03   1.9132039e+00   1.6284094e+00   1.9132039e+00   1.9132039e+00   1.9132039e+00   1.9132039e+00
   2.0741708e-03   1.9132039e+00   1.6284094e+00   1.9132039e+00   1.9132039e+00   1.9132039e+00   1.9132039e+00
   2.2232857e-03   1.9132039e+00   1.6284094e+00   1.9132039e+00   1.9132039e+00   1.9132039e+00   1.9132039e+00
   2.3831206e-03   1.9132039e+00   1.6284094e+00   1.9132039e+00   1.9132039e+00   1.9132039e+00   1.9132039e+00
   2.5544463e-03   1.9132039e+00   1.6284094e+00   1.9132039e+00   1.9132039e+00   1.9132039e+00   1.9132039e+00
   2.7380888e-03   1.9132039e+00   1.6284094e+00   1.9132039e+00   1.9132039e+00   1.9132039e+00   1.9132039e+00
   2.9349336e-03   1.9132039e+00   1.6284094e+00   1.9132039e+00   1.9132039e+00   1.9132039e+00   1.9132039e+00
   3.1459299e-03   1.9132039e+00   1.6284094e+00   1.9132039e+00   1.9132039e+00   1.9132039e+00   1.9132039e+00
   3.3720949e-03   1.9132039e+00   1.6284094e+00   1.9132039e+00   1.9132039e+00   1.9132039e+00   1.9132039e+00
   3.6145193e-03   1.9132039e+00   1.6284094e+00   1.9132039e+00   1.9132039e+00   1.9132039e+00   1.9132039e+00
   3.8743718e-03   1.9132039e+00   1.6284094e+00   1.9132039e+00   1.9132039e+00   1.9132039e+00   1.9132039e+00
   4.1529055e-03   1.9132039e+00   1.6284094e+00   1.9132039e+00   1.9132039e+00   1.9132039e+00   1.9132039e+00
   4.4514634e-03   1.9132039e+00   1.6284094e+00   1.9132039e+00   1.9132039e+00   1.9132039e+00   1.9132039e+00
   4.7714849e-03   1.9132039e+00   1.6284094e+00   1.9132039e+00   1.9132039e+00   1.9132039e+00   1.9132039e+00
   5.1145133e-03   1.9132039e+00   1.6284094e+00   1.9132039e+00   1.9132039e+00   1.9132039e+00   1.9132039e+00
   5.4822024e-03   1.9132039e+00   1.6284094e+00   1.9132039e+00   1.9132039e+00   1.9132039e+00   1.9132039e+00
   5.8763252e-03   1.9132039e+00   1.6284094e+00   1.9132039e+00   1.9132039e+00   1.9132039e+00   1.9132039e+00
   6.2987819e-03   1.9132039e+00   1.6284094e+00   1.9132039e+00   1.9132039e+00   1.9132039e+00   1.9132039e+00
   6.7516097e-03   1.9132039e+00   1.6284094e+00   1.9132039e+00   1.9132039e+00   1.9132039e+00   1.9132039e+00
   7.2369918e-03   1.9132039e+00   1.6284094e+00   1.9132039e+00   1.9132039e+00   1.9132039e+00   1.9132039e+00
   7.7572687e-03   1.9132039e+00   1.6284094e+00   1.9132039e+00   1.9132039e+00   1.9132039e+00   1.9132039e+00
   8.3149490e-03   1.9132039e+00   1.6284094e+00   1.9132039e+00   1.9132039e+00   1.9132039e+00   1.9132039e+00
   8.9127216e-03   1.9132039e+00   1.6284094e+00   1.9132039e+00   1.9132039e+00   1.9132039e+00   1.9132039e+00
   9.5534689e-03   1.9132039e+00   1.6284094e+00   1.9132039e+00   1.9132039e+00   1.9132039e+00   1.9132039e+00
   1.0240280e-02   1.9132039e+00   1.6284094e+00   1.9132039e+00   1.9132039e+00   1.9132039e+00   1.9132039e+00
   1.0976468e-02   1.9132039e+00   1.6284094e+00   1.9132039e+00   1.9132039e+00   1.9132039e+00   1.9132039e+00
   1.1765580e-02   1.9132039e+00   1.6284094e+00   1.9132039e+00   1.9132039e+00   1.9132039e+00   1.9132039e+00
   1.2611424e-02   1.9132039e+00   1.6284094e+00   1.9132039e+00   1.9132039e+00   1.9132039e+00   1.9132039e+00
   1.3518075e-02   1.9132039e+00   1.6284094e+00   1.9132039e+00   1.9132039e+00   1.9132039e+00   1.9132039e+00
   1.4489908e-02   1.9132039e+00   1.6284094e+00   1.9132039e+00   1.9132039e+00   1.9132039e+00   1.9132039e+00
   1.5531606e-02   1.9132039e+00   1.6284094e+00   1.9132039e+00   1.9132039e+00   1.9132039e+00   1.9132039e+00
   1.6648194e-02   1.9132039e+00   1.6284094e+00   1.9132039e+00   1.9132039e+00   1.9132039e+00   1.9132039e+00
   1.7845055e-02   1.9132039e+00   1.6284094e+00   1.9132039e+00   1.9132039e+00   1.9132039e+00   1.9132039e+00
   1.9127959e-02   1.9132039e+00   1.6284094e+00   1.9132039e+00   1.9132039e+00   1.9132039e+00   1.9132039e+00
   2.0503093e-02   1.9132039e+00   1.6284094e+00   1.9132039e+00   1.9132039e+00   1.9132039e+00   1.9132039e+00
   2.1977088e-02   1.9132039e+00   1.6284094e+00   1.9132039e+00   1.9132039e+00   1.9132039e+00   1.9132039e+00
   2.3557050e-02   1.9132039e+00   1.6284094e+00   1.9132039e+00   1.9132039e+00   1.9132039e+00   1.9132039e+00
   2.5250597e-02   1.9132039e+00   1.6284094e+00   1.9132039e+00   1.9132039e+00   1.9132039e+00   1.9132039e+00
   2.7065896e-02   1.9132039e+00   1.6284094e+00   1.9132039e+00   1.9132039e+00   1.9132039e+00   1.9132039e+00
   2.9011699e-02   1.9132039e+00   1.6284094e+00   1.9132039e+00   1.9132039e+00   1.9132039e+00   1.9132039e+00
   3.1097388e-02   1.9132039e+00   1.6284094e+00   1.9132039e+00   1.9132039e+00   1.9132039e+00   1.9132039e+00
   3.3333020e-02   1.9132039e+00   1.6284094e+00   1.9132039e+00   1.9132039e+00   1.9132039e+00   1.9132039e+00
   3.5729375e-02   1.9132039e+00   1.6284094e+00   1.9132039e+00   1.9132039e+00   1.9132039e+00   1.9132039e+00
   3.8298007e-02   1.9132039e+00   1.6284094e+00   1.9132039e+00   1.9132039e+00   1.9132039e+00   1.9132039e+00
   4.1051301e-02   1.9132039e+00   1.6284094e+00   1.9132039e+00   1.9132039e+00   1.9132039e+00   1.9132039e+00
   4.4002533e-02   1.9132039e+00   1.6284094e+00   1.9132039e+00   1.9132039e+00   1.9132039e+00   1.9132039e+00
   4.7165933e-02   1.9132039e+00   1.6284094e+00   1.9132039e+00   1.9132039e+00   1.9132039e+00   1.9132039e+00
   5.0556754e-02   1.9132039e+00   1.6284094e+00   1.9132039e+00   1.9132039e+00   1.9132039e+00   1.9132039e+00
   5.4191346e-02   1.9132039e+00   1.6284094e+00   1.9132039e+00   1.9132039e+00   1.9132039e+00   1.9132039e+00
   5.8087234e-02   1.9132039e+00   1.6284094e+00   1.9132039e+00   1.9132039e+00   1.9132039e+00   1.9132039e+00
   6.2263201e-02   1.9132039e+00   1.6284094e+00   1.9132039e+00   1.9132039e+00   1.9132039e+00   1.9132039e+00
   6.6739385e-02   1.9132039e+00   1.6284094e+00   1.9132039e+00   1.9132039e+00   1.9132039e+00   1.9132039e+00
   7.1537368e-02   1.9132039e+00   1.6284094e+00   1.9132039e+00   1.9132039e+00   1.9132039e+00   1.9132039e+00
   7.6680283e-02   1.9132039e+00   1.6284094e+00   1.9132039e+00   1.9132039e+00   1.9132039e+00   1.9132039e+00
   8.2192930e-02   1.9132039e+00   1.6284094e+00   1.9132039e+00   1.9132039e+00   1.9132039e+00   1.9132039e+00
   8.8101888e-02   1.9132039e+00   1.6284094e+00   1.9132039e+00   1.9132039e+00   1.9132039e+00   1.9132039e+00
   9.4435649e-02   1.9132039e+00   1.6284094e+00   1.9132039e+00   1.9132039e+00   1.9132039e+00   1.9132039e+00
   1.0122475e-01   1.9132039e+00   1.6284094e+00   1.9132039e+00   1.9132039e+00   1.9132039e+00   1.9132039e+00
   1.0850193e-01   1.9132039e+00   1.6284094e+00   1.9132039e+00   1.9132039e+00   1.9132039e+00   1.9132039e+00
   1.1630228e-01   1.9132039e+00   1.6284094e+00   1.9132039e+00   1.9132039e+00   1.9132039e+00   1.9132039e+00
   1.2466341e-01   1.9132039e+00   1.6284094e+00   1.9132039e+00   1.9132039e+00   1.9132039e+00   1.9132039e+00
   1.3362562e-01   1.9132039e+00   1.6284094e+00   1.9132039e+00   1.9132039e+00   1.9132039e+00   1.9132039e+00
   1.4323214e-01   1.9132039e+00   1.6284094e+00   1.9132039e+00   1.9132039e+00   1.9132039e+00   1.9132039e+00
   1.5352929e-01   1.9132039e+00   1.6284094e+00   1.9132039e+00   1.9132039e+00   1.9132039e+00   1.9132039e+00
   1.6456672e-01   1.9132039e+00   1.6284094e+00   1.9132039e+00   1.9132039e+00   1.9132039e+00   1.9132039e+00
   1.7639763e-01   1.9132039e+00   1.6284094e+00   1.9132039e+00   1.9132039e+00   1.9132039e+00   1.9132039e+00
   1.8907909e-01   1.9132039e+00   1.6284094e+00   1.9132039e+00   1.9132039e+00   1.9132039e+00   1.9132039e+00
   2.0267224e-01   1.9132039e+00   1.6284094e+00   1.9132039e+00   1.9132039e+00   1.9132039e+00   1.9132039e+00
   2.1724261e-01   1.9132039e+00   1.6284094e+00   1.9132039e+00   1.9132039e+00   1.9132039e+00   1.9132039e+00
   2.3286047e-01   1.9132039e+00   1.6284094e+00   1.9132039e+00   1.9132039e+00   1.9132039e+00   1.9132039e+00
   2.4960112e-01   1.9132039e+00   1.6284094e+00   1.9132039e+00   1.9132039e+00   1.9132039e+00   1.9132039e+00
   2.6754527e-01   1.9132039e+00   1.6284094e+00   1.9132039e+00   1.9132039e+00   1.9132039e+00   1.9132039e+00
   2.8677945e-01   1.9132039e+00   1.6284094e+00   1.9132039e+00   1.9132039e+00   1.9132039e+00   1.9132039e+00
   3.0739641e-01   1.9132039e+00   1.6284094e+00   1.9132039e+00   1.9132039e+00   1.9132039e+00   1.9132039e+00
   3.2949554e-01   1.9132039e+00   1.6284094e+00   1.9132039e+00   1.9132039e+00   1.9132039e+00   1.9132039e+00
   3.5318341e-01   1.9132039e+00   1.6284094e+00   1.9132039e+00   1.9132039e+00   1.9132039e+00   1.9132039e+00
   3.7857423e-01   1.9132039e+00   1.6284094e+00   1.9132039e+00   1.9132039e+00   1.9132039e+00   1.9132039e+00
   4.0579043e-01   1.9132039e+00   1.6284094e+00   1.9132039e+00   1.9132039e+00   1.9132039e+00   1.9132039e+00
   4.3496324e-01   1.9132039e+00   1.6284094e+00   1.9132039e+00   1.9132039e+00   1.9132039e+00   1.9132039e+00
   4.6623332e-01   1.9132039e+00   1.6284094e+00   1.9132039e+00   1.9132039e+00   1.9132039e+00   1.9132039e+00
   4.9975145e-01   1.9132039e+00   1.6284094e+00   1.9132039e+00   1.9132039e+00   1.9132039e+00   1.9132039e+00
   5.3567924e-01   1.9132039e+00   1.6284094e+00   1.9132039e+00   1.9132039e+00   1.9132039e+00   1.9132039e+00
   5.7418993e-01   1.9132039e+00   1.6284094e+00   1.9132039e+00   1.9132039e+00   1.9132039e+00   1.9132039e+00
   6.1546920e-01   1.9132039e+00   1.6284094e+00   1.9132039e+00   1.9132039e+00   1.9132039e+00   1.9132039e+00
   6.5971609e-01   1.9132039e+00   1.6284094e+00   1.9132039e+00   1.9132039e+00   1.9132039e+00   1.9132039e+00
   7.0714395e-01   1.9132039e+00   1.6284094e+00   1.9132039e+00   1.9132039e+00   1.9132039e+00   1.9132039e+00
   7.5798146e-01   1.9132039e+00   1.6284094e+00   1.9132039e+00   1.9132039e+00   1.9132039e+00   1.9132039e+00
   8.1247375e-01   1.9132039e+00   1.6284094e+00   1.9132039e+00   1.9132039e+00   1.9132039e+00   1.9132039e+00
   8.7088356e-01   1.9132039e+00   1.6284094e+00   1.9132039e+00   1.9132039e+00   1.9132039e+00   1.9132039e+00
   9.3349252e-01   1.9132039e+00   1.6284094e+00   1.9132039e+00   1.9132039e+00   1.9132039e+00   1.9132039e+00
   1.0006025e+00   1.9132039e+00   1.6284094e+00   1.9132039e+00   1.9132039e+00   1.9132039e+00   1.9132039e+00
   1.0725372e+00   1.9132039e+00   1.6284094e+00   1.9132039e+00   1.9132039e+00   1.9132039e+00   1.9132039e+00
   1.1496433e+00   1.9132039e+00   1.6284094e+00   1.9132039e+00   1.9132039e+00   1.9132039e+00   1.9132039e+00
   1.2322927e+00   1.9132039e+00   1.6284094e+00   1.9132039e+00   1.9132039e+00   1.9132039e+00   1.9132039e+00
   1.3208838e+00   1.9132039e+00   1.6284094e+00   1.9132039e+00   1.9132039e+00   1.9132039e+00   1.9132039e+00
   1.4158439e+00   1.9132039e+00   1.6284094e+00   1.9132039e+00   1.9132039e+00   1.9132039e+00   1.9132039e+00
   1.5176308e+00   1.9132039e+00   1.6284094e+00   1.9132039e+00   1.9132039e+00   1.9132039e+00   1.9132039e+00
   1.6267352e+00   1.9132039e+00   1.6284094e+00   1.9132039e+00   1.9132039e+00   1.9132039e+00   1.9132039e+00
   1.7436834e+00   1.9132039e+00   1.6284094e+00   1.9132039e+00   1.9132039e+00   1.9132039e+00   1.9132039e+00
   1.8690391e+00   1.9132039e+00   1.6284094e+00   1.9132039e+00   1.9132039e+00   1.9132039e+00   1.9132039e+00
   2.0034068e+00   1.9132039e+00   1.6284094e+00   1.9132039e+00   1.9132039e+00   1.9132039e+00   1.9132039e+00
   2.1474343e+00   1.9132039e+00   1.6284094e+00   1.9132039e+00   1.9132039e+00   1.9132039e+00   1.9132039e+00
   2.3018162e+00   1.9132039e+00   1.6284094e+00   1.9132039e+00   1.9132039e+00   1.9132039e+00   1.9132039e+00
   2.4672968e+00   1.9132039e+00   1.6284094e+00   1.9132039e+00   1.9132039e+00   1.9132039e+00   1.9132039e+00
   2.6446740e+00   1.9132039e+00   1.6284094e+00   1.9132039e+00   1.9132039e+00   1.9132039e+00   1.9132039e+00
   2.8348031e+00   1.9132039e+00   1.6284094e+00   1.9132039e+00   1.9132039e+00   1.9132039e+00   1.9132039e+00
   3.0386009e+00   1.9132039e+00   1.6284094e+00   1.9132039e+00   1.9132039e+00   1.9132039e+00   1.9132039e+00
   3.2570499e+00   1.9132039e+00   1.6284094e+00   1.9132039e+00   1.9132039e+00   1.9132039e+00   1.9132039e+00
   3.4912035e+00   1.9132039e+00   1.6284094e+00   1.9132039e+00   1.9132039e+00   1.9132039e+00   1.9132039e+00
   3.7421907e+00   1.9132039e+00   1.6284094e+00   1.9132039e+00   1.9132039e+00   1.9132039e+00   1.9132039e+00
   4.0112218e+00   1.9132039e+00   1.6284094e+00   1.9132039e+00   1.9132039e+00   1.9132039e+00   1.9132039e+00
   4.2995938e+00   1.9132039e+00   1.6284094e+00   1.9132039e+00   1.9132039e+00   1.9132039e+00   1.9132039e+00
   4.6086973e+00   1.9132039e+00   1.6284094e+00   1.9132039e+00   1.9132039e+00   1.9132039e+00   1.9132039e+00
   4.9400226e+00   1.9132039e+00   1.6284094e+00   1.9132039e+00   1.9132039e+00   1.9132039e+00   1.9132039e+00
   5.2951673e+00   1.9132039e+00   1.6284094e+00   1.9132039e+00   1.9132039e+00   1.9132039e+00   1.9132039e+00
   5.6758439e+00   1.9132039e+00   1.6284094e+00   1.9132039e+00   1.9132039e+00   1.9132039e+00   1.9132039e+00
   6.0838878e+00   1.9132039e+00   1.6284094e+00   1.9132039e+00   1.9132039e+00   1.9132039e+00   1.9132039e+00
   6.5212665e+00   1.9132039e+00   1.6284094e+00   1.9132039e+00   1.9132039e+00   1.9132039e+00   1.9132039e+00
   6.9900890e+00   1.9132039e+00   1.6284094e+00   1.9132039e+00   1.9132039e+00   1.9132039e+00   1.9132039e+00
   7.4926157e+00   1.9132039e+00   1.6284094e+00   1.9132039e+00   1.9132039e+00   1.9132039e+00   1.9132039e+00
   8.0312697e+00   1.9132039e+00   1.6284094e+00   1.9132039e+00   1.9132039e+00   1.9132039e+00   1.9132039e+00
   8.6086483e+00   1.9132039e+00   1.6284094e+00   1.9132039e+00   1.9132039e+00   1.9132039e+00   1.9132039e+00
   9.2275354e+00   1.9132039e+00   1.6284094e+00   1.9132039e+00   1.9132039e+00   1.9132039e+00   1.9132039e+00
   9.8909151e+00   1.9279319e+00   1.6437613e+00   1.9252932e+00   1.9223263e+00   1.9580953e+00   1.9132039e+00
   1.0601986e+01   2.0334246e+00   1.7521930e+00   2.0116744e+00   1.9872858e+00   2.2755019e+00   1.9132039e+00
   1.1364177e+01   2.2044911e+00   1.9358175e+00   2.1492102e+00   2.0883709e+00   2.8301116e+00   1.9132039e+00
   1.2181162e+01   2.4348027e+00   2.2017585e+00   2.3297821e+00   2.2168403e+00   3.6180794e+00   1.9132039e+00
   1.3056882e+01   2.7295215e+00   2.5691150e+00   2.5551129e+00   2.3717102e+00   4.6006038e+00   1.9132039e+00
   1.3995559e+01   3.0966715e+00   3.0572311e+00   2.8298832e+00   2.5544865e+00   5.6875955e+00   1.9132039e+00
   1.5001718e+01   3.5436072e+00   3.6760966e+00   3.1594504e+00   2.7676209e+00   6.7704391e+00   1.9132039e+00
   1.6080211e+01   4.0741585e+00   4.4163116e+00   3.5484288e+00   3.0138354e+00   7.7626655e+00   1.9132039e+00
   1.7236239e+01   4.6859005e+00   5.2432112e+00   3.9993846e+00   3.2956800e+00   8.6180749e+00   1.9132039e+00
   1.8475375e+01   5.3680549e+00   6.1011733e+00   4.5115661e+00   3.6151440e+00   9.3260127e+00   1.9247303e+00
   1.9803594e+01   6.1008198e+00   6.9282307e+00   5.0797992e+00   3.9732581e+00   9.8967369e+00   2.0258303e+00
   2.1227300e+01   6.8582247e+00   7.6782396e+00   5.6945036e+00   4.3698943e+00   1.0359961e+01   2.1936593e+00
   2.2753359e+01   7.6149592e+00   8.3384490e+00   6.3435711e+00   4.8039632e+00   1.0760359e+01   2.4206514e+00
   2.4389128e+01   8.3497144e+00   8.9175879e+00   7.0133501e+00   5.2732540e+00   1.1127452e+01   2.7116563e+00
   2.6142495e+01   9.0476341e+00   9.4336145e+00   7.6901652e+00   5.7744670e+00   1.1478732e+01   3.0746454e+00
   2.8021913e+01   9.7010205e+00   9.9056060e+00   8.3618314e+00   6.3033869e+00   1.1824570e+01   3.5170845e+00
   3.0036445e+01   1.0308422e+01   1.0349867e+01   9.0187359e+00   6.8551458e+00   1.2171204e+01   4.0430684e+00
   3.2195805e+01   1.0872856e+01   1.0778804e+01   9.6543175e+00   7.4245345e+00   1.2522303e+01   4.6505762e+00
   3.4510404e+01   1.1399965e+01   1.1201281e+01   1.0265021e+01   8.0063307e+00   1.2880106e+01   5.3293194e+00
   3.6991402e+01   1.1896509e+01   1.1623386e+01   1.0849874e+01   8.5956021e+00   1.3245992e+01   6.0599683e+00
   3.9650763e+01   1.2369316e+01   1.2049165e+01   1.1409862e+01   9.1879469e+00   1.3620813e+01   6.8167037e+00
   4.2501309e+01   1.2824702e+01   1.2481291e+01   1.1947313e+01   9.7796660e+00   1.4005177e+01   7.5740818e+00
   4.5556784e+01   1.3268251e+01   1.2921617e+01   1.2465371e+01   1.0367870e+01   1.4399686e+01   8.3104971e+00
   4.8831921e+01   1.3704633e+01   1.3371270e+01   1.2967495e+01   1.0950463e+01   1.4804628e+01   9.0106932e+00
   5.2342512e+01   1.4137793e+01   1.3831174e+01   1.3457250e+01   1.1526146e+01   1.5220608e+01   9.6665952e+00
   5.6105484e+01   1.4570933e+01   1.4301941e+01   1.3938030e+01   1.2094294e+01   1.5648040e+01   1.0276456e+01
   6.0138982e+01   1.5006748e+01   1.4784205e+01   1.4413029e+01   1.2654892e+01   1.6087622e+01   1.0843101e+01
   6.4462452e+01   1.5447391e+01   1.5278399e+01   1.4885092e+01   1.3208367e+01   1.6539860e+01   1.1372072e+01
   6.9096743e+01   1.5894798e+01   1.5785228e+01   1.5356862e+01   1.3755558e+01   1.7005763e+01   1.1870100e+01
   7.4064199e+01   1.6350466e+01   1.6305097e+01   1.5830571e+01   1.4297492e+01   1.7485904e+01   1.2344028e+01
   7.9388772e+01   1.6815716e+01   1.6838533e+01   1.6308202e+01   1.4835365e+01   1.7981099e+01   1.2800207e+01
   8.5096136e+01   1.7291691e+01   1.7386075e+01   1.6791479e+01   1.5370432e+01   1.8492210e+01   1.3244267e+01
   9.1213809e+01   1.7779472e+01   1.7948458e+01   1.7281945e+01   1.5903970e+01   1.9020457e+01   1.3680926e+01
   9.7771290e+01   1.8279884e+01   1.8526168e+01   1.7780822e+01   1.6437123e+01   1.9566632e+01   1.4114164e+01
   1.0480020e+02   1.8793708e+01   1.9119870e+01   1.8289156e+01   1.6970915e+01   2.0131944e+01   1.4547225e+01
   1.1233442e+02   1.9321495e+01   1.9730066e+01   1.8807682e+01   1.7506105e+01   2.0717438e+01   1.4982858e+01
   1.2041029e+02   1.9863641e+01   2.0357285e+01   1.9336857e+01   1.8043135e+01   2.1324340e+01   1.5423212e+01
   1.2906675e+02   2.0420273e+01   2.1001974e+01   1.9876748e+01   1.8581992e+01   2.1953998e+01   1.5870233e+01
   1.3834553e+02   2.0991136e+01   2.1664453e+01   2.0426903e+01   1.9122028e+01   2.2607892e+01   1.6325409e+01
   1.4829137e+02   2.1575337e+01   2.2344715e+01   2.0986080e+01   1.9661667e+01   2.3287490e+01   1.6790100e+01
   1.5895223e+02   2.2170818e+01   2.3041901e+01   2.1551733e+01   2.0197922e+01   2.3993731e+01   1.7265452e+01
   1.7037951e+02   2.2773573e+01   2.3753640e+01   2.2119229e+01   2.0725651e+01   2.4726649e+01   1.7752561e+01
   1.8262832e+02   2.3376377e+01   2.4475497e+01   2.2680484e+01   2.1236208e+01   2.5486732e+01   1.8252255e+01
   1.9575771e+02   2.3965593e+01   2.5197677e+01   2.3221025e+01   2.1715027e+01   2.6271579e+01   1.8765323e+01
   2.0983099e+02   2.4513904e+01   2.5896804e+01   2.3713651e+01   2.2136832e+01   2.7070232e+01   1.9292330e+01
   2.2491602e+02   2.4961576e+01   2.6509390e+01   2.4103506e+01   2.2455680e+01   2.7837970e+01   1.9833679e+01
   2.4108553e+02   2.5159577e+01   2.6814353e+01   2.4268586e+01   2.2583109e+01   2.8298835e+01   2.0389521e+01
   2.5841749e+02   2.5159577e+01   2.6814353e+01   2.4268586e+01   2.2583109e+01   2.8298835e+01   2.0959618e+01
   2.7699546e+02   2.5159577e+01   2.6814353e+01   2.4268586e+01   2.2583109e+01   2.8298835e+01   2.1543123e+01
   2.9690903e+02   2.5159577e+01   2.6814353e+01   2.4268586e+01   2.2583109e+01   2.8298835e+01   2.2138086e+01
   3.1825421e+02   2.5159577e+01   2.6814353e+01   2.4268586e+01   2.2583109e+01   2.8298835e+01   2.2740617e+01
   3.4113393e+02   2.5159577e+01   2.6814353e+01   2.4268586e+01   2.2583109e+01   2.8298835e+01   2.3343692e+01
   3.6565850e+02   2.5159577e+01   2.6814353e+01   2.4268586e+01   2.2583109e+01   2.8298835e+01   2.3934166e+01
   3.9194617e+02   2.5159577e+01   2.6814353e+01   2.4268586e+01   2.2583109e+01   2.8298835e+01   2.4485797e+01
   4.2012369e+02   2.5159577e+01   2.6814353e+01   2.4268586e+01   2.2583109e+01   2.8298835e+01   2.4941526e+01
   4.5032694e+02   2.5159577e+01   2.6814353e+01   2.4268586e+01   2.2583109e+01   2.8298835e+01   2.5159577e+01
   4.8270154e+02   2.5159577e+01   2.6814353e+01   2.4268586e+01   2.2583109e+01   2.8298835e+01   2.5159577e+01
   5.1740359e+02   2.5159577e+01   2.6814353e+01   2.4268586e+01   2.2583109e+01   2.8298835e+01   2.5159577e+01
   5.5460042e+02   2.5159577e+01   2.6814353e+01   2.4268586e+01   2.2583109e+01   2.8298835e+01   2.5159577e+01
   5.9447137e+02   2.5159577e+01   2.6814353e+01   2.4268586e+01   2.2583109e+01   2.8298835e+01   2.5159577e+01
   6.3720870e+02   2.5159577e+01   2.6814353e+01   2.4268586e+01   2.2583109e+01   2.8298835e+01   2.5159577e+01
   6.8301848e+02   2.5159577e+01   2.6814353e+01   2.4268586e+01   2.2583109e+01   2.8298835e+01   2.5159577e+01
   7.3212158e+02   2.5159577e+01   2.6814353e+01   2.4268586e+01   2.2583109e+01   2.8298835e+01   2.5159577e+01
   7.8475476e+02   2.5159577e+01   2.6814353e+01   2.4268586e+01   2.2583109e+01   2.8298835e+01   2.5159577e+01
   8.4117182e+02   2.5159577e+01   2.6814353e+01   2.4268586e+01   2.2583109e+01   2.8298835e+01   2.5159577e+01
   9.0164477e+02   2.5159577e+01   2.6814353e+01   2.4268586e+01   2.2583109e+01   2.8298835e+01   2.5159577e+01
   9.6646520e+02   2.5159577e+01   2.6814353e+01   2.4268586e+01   2.2583109e+01   2.8298835e+01   2.5159577e+01
