S870 karim steep flat veryflat verysteep break15
   1.0359457e-03   8.6831075e+00   7.0060576e+00   8.6831075e+00   8.6831075e+00   8.6831075e+00   8.6831075e+00
   1.1104212e-03   8.6831075e+00   7.0060576e+00   8.6831075e+00   8.6831075e+00   8.6831075e+00   8.6831075e+00
   1.1902508e-03   8.6831075e+00   7.0060576e+00   8.6831075e+00   8.6831075e+00   8.6831075e+00   8.6831075e+00
   1.2758195e-03   8.6831075e+00   7.0060576e+00   8.6831075e+00   8.6831075e+00   8.6831075e+00   8.6831075e+00
   1.3675398e-03   8.6831075e+00   7.0060576e+00   8.6831075e+00   8.6831075e+00   8.6831075e+00   8.6831075e+00
   1.4658541e-03   8.6831075e+00   7.0060576e+00   8.6831075e+00   8.6831075e+00   8.6831075e+00   8.6831075e+00
   1.5712363e-03   8.6831075e+00   7.0060576e+00   8.6831075e+00   8.6831075e+00   8.6831075e+00   8.6831075e+00
   1.6841945e-03   8.6831075e+00   7.0060576e+00   8.6831075e+00   8.6831075e+00   8.6831075e+00   8.6831075e+00
   1.8052735e-03   8.6831075e+00   7.0060576e+00   8.6831075e+00   8.6831075e+00   8.6831075e+00   8.6831075e+00
   1.9350570e-03   8.6831075e+00   7.0060576e+00   8.6831075e+00   8.6831075e+00   8.6831075e+00   8.6831075e+00
   2.0741708e-03   8.6831075e+00   7.0060576e+00   8.6831075e+00   8.6831075e+00   8.6831075e+00   8.6831075e+00
   2.2232857e-03   8.6831075e+00   7.0060576e+00   8.6831075e+00   8.6831075e+00   8.6831075e+00   8.6831075e+00
   2.3831206e-03   8.6831075e+00   7.0060576e+00   8.6831075e+00   8.6831075e+00   8.6831075e+00   8.6831075e+00
   2.5544463e-03   8.6831075e+00   7.0060576e+00   8.6831075e+00   8.6831075e+00   8.6831075e+00   8.6831075e+00
   2.7380888e-03   8.6831075e+00   7.0060576e+00   8.6831075e+00   8.6831075e+00   8.6831075e+00   8.6831075e+00
   2.9349336e-03   8.6831075e+00   7.0060576e+00   8.6831075e+00   8.6831075e+00   8.6831075e+00   8.6831075e+00
   3.1459299e-03   8.6831075e+00   7.0060576e+00   8.6831075e+00   8.6831075e+00   8.6831075e+00   8.6831075e+00
   3.3720949e-03   8.6831075e+00   7.0060576e+00   8.6831075e+00   8.6831075e+00   8.6831075e+00   8.6831075e+00
   3.6145193e-03   8.6831075e+00   7.0060576e+00   8.6831075e+00   8.6831075e+00   8.6831075e+00   8.6831075e+00
   3.8743718e-03   8.6831075e+00   7.0060576e+00   8.6831075e+00   8.6831075e+00   8.6831075e+00   8.6831075e+00
   4.1529055e-03   8.6831075e+00   7.0060576e+00   8.6831075e+00   8.6831075e+00   8.6831075e+00   8.6831075e+00
   4.4514634e-03   8.6831075e+00   7.0060576e+00   8.6831075e+00   8.6831075e+00   8.6831075e+00   8.6831075e+00
   4.7714849e-03   8.6831075e+00   7.0060576e+00   8.6831075e+00   8.6831075e+00   8.6831075e+00   8.6831075e+00
   5.1145133e-03   8.6831075e+00   7.0060576e+00   8.6831075e+00   8.6831075e+00   8.6831075e+00   8.6831075e+00
   5.4822024e-03   8.6831075e+00   7.0060576e+00   8.6831075e+00   8.6831075e+00   8.6831075e+00   8.6831075e+00
   5.8763252e-03   8.6831075e+00   7.0060576e+00   8.6831075e+00   8.6831075e+00   8.6831075e+00   8.6831075e+00
   6.2987819e-03   8.6831075e+00   7.0060576e+00   8.6831075e+00   8.6831075e+00   8.6831075e+00   8.6831075e+00
   6.7516097e-03   8.6831075e+00   7.0060576e+00   8.6831075e+00   8.6831075e+00   8.6831075e+00   8.6831075e+00
   7.2369918e-03   8.6831075e+00   7.0060576e+00   8.6831075e+00   8.6831075e+00   8.6831075e+00   8.6831075e+00
   7.7572687e-03   8.6831075e+00   7.0060576e+00   8.6831075e+00   8.6831075e+00   8.6831075e+00   8.6831075e+00
   8.3149490e-03   8.6831075e+00   7.0060576e+00   8.6831075e+00   8.6831075e+00   8.6831075e+00   8.6831075e+00
   8.9127216e-03   8.6831075e+00   7.0060576e+00   8.6831075e+00   8.6831075e+00   8.6831075e+00   8.6831075e+00
   9.5534689e-03   8.6831075e+00   7.0060576e+00   8.6831075e+00   8.6831075e+00   8.6831075e+00   8.6831075e+00
   1.0240280e-02   8.6831075e+00   7.0060576e+00   8.6831075e+00   8.6831075e+00   8.6831075e+00   8.6831075e+00
   1.0976468e-02   8.6831075e+00   7.0060576e+00   8.6831075e+00   8.6831075e+00   8.6831075e+00   8.6831075e+00
   1.1765580e-02   8.6831075e+00   7.0060576e+00   8.6831075e+00   8.6831075e+00   8.6831075e+00   8.6831075e+00
   1.2611424e-02   8.6831075e+00   7.0060576e+00   8.6831075e+00   8.6831075e+00   8.6831075e+00   8.6831075e+00
   1.3518075e-02   8.6831075e+00   7.0060576e+00   8.6831075e+00   8.6831075e+00   8.6831075e+00   8.6831075e+00
   1.4489908e-02   8.6831075e+00   7.0060576e+00   8.6831075e+00   8.6831075e+00   8.6831075e+00   8.6831075e+00
   1.5531606e-02   8.6831075e+00   7.0060576e+00   8.6831075e+00   8.6831075e+00   8.6831075e+00   8.6831075e+00
   1.6648194e-02   8.6831075e+00   7.0060576e+00   8.6831075e+00   8.6831075e+00   8.6831075e+00   8.6831075e+00
   1.7845055e-02   8.6831075e+00   7.0060576e+00   8.6831075e+00   8.6831075e+00   8.6831075e+00   8.6831075e+00
   1.9127959e-02   8.6831075e+00   7.0060576e+00   8.6831075e+00   8.6831075e+00   8.6831075e+00   8.6831075e+00
   2.0503093e-02   8.6831075e+00   7.0060576e+00   8.6831075e+00   8.6831075e+00   8.6831075e+00   8.6831075e+00
   2.1977088e-02   8.6831075e+00   7.0060576e+00   8.6831075e+00   8.6831075e+00   8.6831075e+00   8.6831075e+00
   2.3557050e-02   8.6831075e+00   7.0060576e+00   8.6831075e+00   8.6831075e+00   8.6831075e+00   8.6831075e+00
   2.5250597e-02   8.6831075e+00   7.0060576e+00   8.6831075e+00   8.6831075e+00   8.6831075e+00   8.6831075e+00
   2.7065896e-02   8.6831075e+00   7.0060576e+00   8.6831075e+00   8.6831075e+00   8.6831075e+00   8.6831075e+00
   2.9011699e-02   8.6831075e+00   7.0060576e+00   8.6831075e+00   8.6831075e+00   8.6831075e+00   8.6831075e+00
   3.1097388e-02   8.6831075e+00   7.0060576e+00   8.6831075e+00   8.6831075e+00   8.6831075e+00   8.6831075e+00
   3.3333020e-02   8.6831075e+00   7.0060576e+00   8.6831075e+00   8.6831075e+00   8.6831075e+00   8.6831075e+00
   3.5729375e-02   8.6831075e+00   7.0060576e+00   8.6831075e+00   8.6831075e+00   8.6831075e+00   8.6831075e+00
   3.8298007e-02   8.6831075e+00   7.0060576e+00   8.6831075e+00   8.6831075e+00   8.6831075e+00   8.6831075e+00
   4.1051301e-02   8.6831075e+00   7.0060576e+00   8.6831075e+00   8.6831075e+00   8.6831075e+00   8.6831075e+00
   4.4002533e-02   8.6831075e+00   7.0060576e+00   8.6831075e+00   8.6831075e+00   8.6831075e+00   8.6831075e+00
   4.7165933e-02   8.6831075e+00   7.0060576e+00   8.6831075e+00   8.6831075e+00   8.6831075e+00   8.6831075e+00
   5.0556754e-02   8.6831075e+00   7.0060576e+00   8.6831075e+00   8.6831075e+00   8.6831075e+00   8.6831075e+00
   5.4191346e-02   8.6831075e+00   7.0060576e+00   8.6831075e+00   8.6831075e+00   8.6831075e+00   8.6831075e+00
   5.8087234e-02   8.6831075e+00   7.0060576e+00   8.6831075e+00   8.6831075e+00   8.6831075e+00   8.6831075e+00
   6.2263201e-02   8.6831075e+00   7.0060576e+00   8.6831075e+00   8.6831075e+00   8.6831075e+00   8.6831075e+00
   6.6739385e-02   8.6831075e+00   7.0060576e+00   8.6831075e+00   8.6831075e+00   8.6831075e+00   8.6831075e+00
   7.1537368e-02   8.6831075e+00   7.0060576e+00   8.6831075e+00   8.6831075e+00   8.6831075e+00   8.6831075e+00
   7.6680283e-02   8.6831075e+00   7.0060576e+00   8.6831075e+00   8.6831075e+00   8.6831075e+00   8.6831075e+00
   8.2192930e-02   8.6831075e+00   7.0060576e+00   8.6831075e+00   8.6831075e+00   8.6831075e+00   8.6831075e+00
   8.8101888e-02   8.6831075e+00   7.0060576e+00   8.6831075e+00   8.6831075e+00   8.6831075e+00   8.6831075e+00
   9.4435649e-02   8.6831075e+00   7.0060576e+00   8.6831075e+00   8.6831075e+00   8.6831075e+00   8.6831075e+00
   1.0122475e-01   8.6831075e+00   7.0060576e+00   8.6831075e+00   8.6831075e+00   8.6831075e+00   8.6831075e+00
   1.0850193e-01   8.6831075e+00   7.0060576e+00   8.6831075e+00   8.6831075e+00   8.6831075e+00   8.6831075e+00
   1.1630228e-01   8.6831075e+00   7.0060576e+00   8.6831075e+00   8.6831075e+00   8.6831075e+00   8.6831075e+00
   1.2466341e-01   8.6831075e+00   7.0060576e+00   8.6831075e+00   8.6831075e+00   8.6831075e+00   8.6831075e+00
   1.3362562e-01   8.6831075e+00   7.0060576e+00   8.6831075e+00   8.6831075e+00   8.6831075e+00   8.6831075e+00
   1.4323214e-01   8.6831075e+00   7.0060576e+00   8.6831075e+00   8.6831075e+00   8.6831075e+00   8.6831075e+00
   1.5352929e-01   8.6831075e+00   7.0060576e+00   8.6831075e+00   8.6831075e+00   8.6831075e+00   8.6831075e+00
   1.6456672e-01   8.6831075e+00   7.0060576e+00   8.6831075e+00   8.6831075e+00   8.6831075e+00   8.6831075e+00
   1.7639763e-01   8.6831075e+00   7.0060576e+00   8.6831075e+00   8.6831075e+00   8.6831075e+00   8.6831075e+00
   1.8907909e-01   8.6831075e+00   7.0060576e+00   8.6831075e+00   8.6831075e+00   8.6831075e+00   8.6831075e+00
   2.0267224e-01   8.6831075e+00   7.0060576e+00   8.6831075e+00   8.6831075e+00   8.6831075e+00   8.6831075e+00
   2.1724261e-01   8.6831075e+00   7.0060576e+00   8.6831075e+00   8.6831075e+00   8.6831075e+00   8.6831075e+00
   2.3286047e-01   8.6831075e+00   7.0060576e+00   8.6831075e+00   8.6831075e+00   8.6831075e+00   8.6831075e+00
   2.4960112e-01   8.6831075e+00   7.0060576e+00   8.6831075e+00   8.6831075e+00   8.6831075e+00   8.6831075e+00
   2.6754527e-01   8.6831075e+00   7.0060576e+00   8.6831075e+00   8.6831075e+00   8.6831075e+00   8.6831075e+00
   2.8677945e-01   8.6831075e+00   7.0060576e+00   8.6831075e+00   8.6831075e+00   8.6831075e+00   8.6831075e+00
   3.0739641e-01   8.6831075e+00   7.0060576e+00   8.6831075e+00   8.6831075e+00   8.6831075e+00   8.6831075e+00
   3.2949554e-01   8.6831075e+00   7.0060576e+00   8.6831075e+00   8.6831075e+00   8.6831075e+00   8.6831075e+00
   3.5318341e-01   8.6831075e+00   7.0060576e+00   8.6831075e+00   8.6831075e+00   8.6831075e+00   8.6831075e+00
   3.7857423e-01   8.6831075e+00   7.0060576e+00   8.6831075e+00   8.6831075e+00   8.6831075e+00   8.6831075e+00
   4.0579043e-01   8.6831075e+00   7.0060576e+00   8.6831075e+00   8.6831075e+00   8.6831075e+00   8.6831075e+00
   4.3496324e-01   8.6831075e+00   7.0060576e+00   8.6831075e+00   8.6831075e+00   8.6831075e+00   8.6831075e+00
   4.6623332e-01   8.6831075e+00   7.0060576e+00   8.6831075e+00   8.6831075e+00   8.6831075e+00   8.6831075e+00
   4.9975145e-01   8.6831075e+00   7.0060576e+00   8.6831075e+00   8.6831075e+00   8.6831075e+00   8.6831075e+00
   5.3567924e-01   8.6831075e+00   7.0060576e+00   8.6831075e+00   8.6831075e+00   8.6831075e+00   8.6831075e+00
   5.7418993e-01   8.6831075e+00   7.0060576e+00   8.6831075e+00   8.6831075e+00   8.6831075e+00   8.6831075e+00
   6.1546920e-01   8.6831075e+00   7.0060576e+00   8.6831075e+00   8.6831075e+00   8.6831075e+00   8.6831075e+00
   6.5971609e-01   8.6831075e+00   7.0060576e+00   8.6831075e+00   8.6831075e+00   8.6831075e+00   8.6831075e+00
   7.0714395e-01   8.6831075e+00   7.0060576e+00   8.6831075e+00   8.6831075e+00   8.6831075e+00   8.6831075e+00
   7.5798146e-01   8.6831075e+00   7.0060576e+00   8.6831075e+00   8.6831075e+00   8.6831075e+00   8.6831075e+00
   8.1247375e-01   8.6831075e+00   7.0060576e+00   8.6831075e+00   8.6831075e+00   8.6831075e+00   8.6831075e+00
   8.7088356e-01   8.6831075e+00   7.0060576e+00   8.6831075e+00   8.6831075e+00   8.6831075e+00   8.6831075e+00
   9.3349252e-01   8.6831075e+00   7.0060576e+00   8.6831075e+00   8.6831075e+00   8.6831075e+00   8.6831075e+00
   1.0006025e+00   8.6831075e+00   7.0060576e+00   8.6831075e+00   8.6831075e+00   8.6831075e+00   8.6831075e+00
   1.0725372e+00   8.6831075e+00   7.0060576e+00   8.6831075e+00   8.6831075e+00   8.6831075e+00   8.6831075e+00
   1.1496433e+00   8.6831075e+00   7.0060576e+00   8.6831075e+00   8.6831075e+00   8.6831075e+00   8.6831075e+00
   1.2322927e+00   8.6831075e+00   7.0060576e+00   8.6831075e+00   8.6831075e+00   8.6831075e+00   8.6831075e+00
   1.3208838e+00   8.6831075e+00   7.0060576e+00   8.6831075e+00   8.6831075e+00   8.6831075e+00   8.6831075e+00
   1.4158439e+00   8.6831075e+00   7.0060576e+00   8.6831075e+00   8.6831075e+00   8.6831075e+00   8.6831075e+00
   1.5176308e+00   8.6831075e+00   7.0060576e+00   8.6831075e+00   8.6831075e+00   8.6831075e+00   8.6831075e+00
   1.6267352e+00   8.6831075e+00   7.0060576e+00   8.6831075e+00   8.6831075e+00   8.6831075e+00   8.6831075e+00
   1.7436834e+00   8.6831075e+00   7.0060576e+00   8.6831075e+00   8.6831075e+00   8.6831075e+00   8.6831075e+00
   1.8690391e+00   8.6831075e+00   7.0060576e+00   8.6831075e+00   8.6831075e+00   8.6831075e+00   8.6831075e+00
   2.0034068e+00   8.6831075e+00   7.0060576e+00   8.6831075e+00   8.6831075e+00   8.6831075e+00   8.6831075e+00
   2.1474343e+00   8.6831075e+00   7.0060576e+00   8.6831075e+00   8.6831075e+00   8.6831075e+00   8.6831075e+00
   2.3018162e+00   8.6831075e+00   7.0060576e+00   8.6831075e+00   8.6831075e+00   8.6831075e+00   8.6831075e+00
   2.4672968e+00   8.6831075e+00   7.0060576e+00   8.6831075e+00   8.6831075e+00   8.6831075e+00   8.6831075e+00
   2.6446740e+00   8.6831075e+00   7.0060576e+00   8.6831075e+00   8.6831075e+00   8.6831075e+00   8.6831075e+00
   2.8348031e+00   8.6831075e+00   7.0060576e+00   8.6831075e+00   8.6831075e+00   8.6831075e+00   8.6831075e+00
   3.0386009e+00   8.6831075e+00   7.0060576e+00   8.6831075e+00   8.6831075e+00   8.6831075e+00   8.6831075e+00
   3.2570499e+00   8.6831075e+00   7.0060576e+00   8.6831075e+00   8.6831075e+00   8.6831075e+00   8.6831075e+00
   3.4912035e+00   8.6831075e+00   7.0060576e+00   8.6831075e+00   8.6831075e+00   8.6831075e+00   8.6831075e+00
   3.7421907e+00   8.6831075e+00   7.0060576e+00   8.6831075e+00   8.6831075e+00   8.6831075e+00   8.6831075e+00
   4.0112218e+00   8.6831075e+00   7.0060576e+00   8.6831075e+00   8.6831075e+00   8.6831075e+00   8.6831075e+00
   4.2995938e+00   8.6831075e+00   7.0060576e+00   8.6831075e+00   8.6831075e+00   8.6831075e+00   8.6831075e+00
   4.6086973e+00   8.6831075e+00   7.0060576e+00   8.6831075e+00   8.6831075e+00   8.6831075e+00   8.6831075e+00
   4.9400226e+00   8.6831075e+00   7.0060576e+00   8.6831075e+00   8.6831075e+00   8.6831075e+00   8.6831075e+00
   5.2951673e+00   8.6831075e+00   7.0060576e+00   8.6831075e+00   8.6831075e+00   8.6831075e+00   8.6831075e+00
   5.6758439e+00   8.6831075e+00   7.0060576e+00   8.6831075e+00   8.6831075e+00   8.6831075e+00   8.6831075e+00
   6.0838878e+00   8.6831075e+00   7.0060576e+00   8.6831075e+00   8.6831075e+00   8.6831075e+00   8.6831075e+00
   6.5212665e+00   8.6831075e+00   7.0060576e+00   8.6831075e+00   8.6831075e+00   8.6831075e+00   8.6831075e+00
   6.9900890e+00   8.6831075e+00   7.0060576e+00   8.6831075e+00   8.6831075e+00   8.6831075e+00   8.6831075e+00
   7.4926157e+00   8.6831075e+00   7.0060576e+00   8.6831075e+00   8.6831075e+00   8.6831075e+00   8.6831075e+00
   8.0312697e+00   8.6831075e+00   7.0060576e+00   8.6831075e+00   8.6831075e+00   8.6831075e+00   8.6831075e+00
   8.6086483e+00   8.6831075e+00   7.0060576e+00   8.6831075e+00   8.6831075e+00   8.6831075e+00   8.6831075e+00
   9.2275354e+00   8.6831075e+00   7.0060576e+00   8.6831075e+00   8.6831075e+00   8.6831075e+00   8.6831075e+00
   9.8909151e+00   8.6831075e+00   7.0060576e+00   8.6831075e+00   8.6831075e+00   8.6831075e+00   8.6831075e+00
   1.0601986e+01   8.6831075e+00   7.0060576e+00   8.6831075e+00   8.6831075e+00   8.6831075e+00   8.6831075e+00
   1.1364177e+01   8.6831075e+00   7.0060576e+00   8.6831075e+00   8.6831075e+00   8.6831075e+00   8.6831075e+00
   1.2181162e+01   8.6831075e+00   7.0060576e+00   8.6831075e+00   8.6831075e+00   8.6831075e+00   8.6831075e+00
   1.3056882e+01   8.6831075e+00   7.0060576e+00   8.6831075e+00   8.6831075e+00   8.6831075e+00   8.6831075e+00
   1.3995559e+01   8.6831075e+00   7.0060576e+00   8.6831075e+00   8.6831075e+00   8.6831075e+00   8.6831075e+00
   1.5001718e+01   8.6831075e+00   7.0060576e+00   8.6831075e+00   8.6831075e+00   8.6831075e+00   8.6831075e+00
   1.6080211e+01   8.6837114e+00   7.0070865e+00   8.6836010e+00   8.6834781e+00   8.6850523e+00   8.6831075e+00
   1.7236239e+01   8.7970472e+00   7.1878195e+00   8.7778987e+00   8.7557240e+00   8.9808966e+00   8.6831075e+00
   1.8475375e+01   9.0341595e+00   7.5422036e+00   8.9793658e+00   8.9137279e+00   9.4672701e+00   8.6831075e+00
   1.9803594e+01   9.3304336e+00   7.9603128e+00   9.2365446e+00   9.1202359e+00   9.9501287e+00   8.6831075e+00
   2.1227300e+01   9.6516184e+00   8.3893622e+00   9.5214145e+00   9.3544506e+00   1.0379604e+01   8.6831075e+00
   2.2753359e+01   9.9838847e+00   8.8126370e+00   9.8220660e+00   9.6072103e+00   1.0767466e+01   8.6831075e+00
   2.4389128e+01   1.0320964e+01   9.2260208e+00   1.0132580e+01   9.8736853e+00   1.1129998e+01   8.6831075e+00
   2.6142495e+01   1.0660238e+01   9.6307040e+00   1.0449964e+01   1.0151154e+01   1.1479639e+01   8.6831075e+00
   2.8021913e+01   1.1001101e+01   1.0030026e+01   1.0772901e+01   1.0438117e+01   1.1824892e+01   8.6831075e+00
   3.0036445e+01   1.1344008e+01   1.0427781e+01   1.1101034e+01   1.0733797e+01   1.2171319e+01   8.6831075e+00
   3.2195805e+01   1.1689869e+01   1.0827340e+01   1.1434502e+01   1.1037818e+01   1.2522344e+01   8.7868632e+00
   3.4510404e+01   1.2039741e+01   1.1231416e+01   1.1773690e+01   1.1350042e+01   1.2880120e+01   9.0192413e+00
   3.6991402e+01   1.2394669e+01   1.1642057e+01   1.2119088e+01   1.1670462e+01   1.3245997e+01   9.3134144e+00
   3.9650763e+01   1.2755587e+01   1.2060719e+01   1.2471196e+01   1.1999133e+01   1.3620814e+01   9.6337074e+00
   4.2501309e+01   1.3123317e+01   1.2488435e+01   1.2830501e+01   1.2336151e+01   1.4005178e+01   9.9655962e+00
   4.5556784e+01   1.3498629e+01   1.2926034e+01   1.3197504e+01   1.2681665e+01   1.4399686e+01   1.0302529e+01
   4.8831921e+01   1.3882134e+01   1.3374000e+01   1.3572629e+01   1.3035805e+01   1.4804628e+01   1.0641719e+01
   5.2342512e+01   1.4274457e+01   1.3832862e+01   1.3956337e+01   1.3398751e+01   1.5220608e+01   1.0982487e+01
   5.6105484e+01   1.4676134e+01   1.4302985e+01   1.4349042e+01   1.3770679e+01   1.5648040e+01   1.1325256e+01
   6.0138982e+01   1.5087746e+01   1.4784851e+01   1.4751204e+01   1.4151807e+01   1.6087622e+01   1.1670923e+01
   6.4462452e+01   1.5509791e+01   1.5278800e+01   1.5163230e+01   1.4542329e+01   1.6539860e+01   1.2020544e+01
   6.9096743e+01   1.5942914e+01   1.5785476e+01   1.5585641e+01   1.4942521e+01   1.7005763e+01   1.2375166e+01
   7.4064199e+01   1.6387615e+01   1.6305251e+01   1.6018845e+01   1.5352582e+01   1.7485904e+01   1.2735730e+01
   7.9388772e+01   1.6844443e+01   1.6838629e+01   1.6463286e+01   1.5772725e+01   1.7981099e+01   1.3103062e+01
   8.5096136e+01   1.7313947e+01   1.7386135e+01   1.6919391e+01   1.6203135e+01   1.8492210e+01   1.3477936e+01
   9.1213809e+01   1.7796754e+01   1.7948495e+01   1.7387628e+01   1.6643992e+01   1.9020457e+01   1.3860973e+01
   9.7771290e+01   1.8293341e+01   1.8526191e+01   1.7868328e+01   1.7095348e+01   1.9566632e+01   1.4252792e+01
   1.0480020e+02   1.8804219e+01   1.9119884e+01   1.8361802e+01   1.7557174e+01   2.0131944e+01   1.4653937e+01
   1.1233442e+02   1.9329736e+01   1.9730076e+01   1.8868182e+01   1.8029238e+01   2.0717438e+01   1.5065018e+01
   1.2041029e+02   1.9870130e+01   2.0357291e+01   1.9387430e+01   1.8511071e+01   2.1324340e+01   1.5486504e+01
   1.2906675e+02   2.0425410e+01   2.1001978e+01   1.9919214e+01   1.9001833e+01   2.1953998e+01   1.5919035e+01
   1.3834553e+02   2.0995228e+01   2.1664455e+01   2.0462754e+01   1.9500140e+01   2.2607892e+01   1.6363084e+01
   1.4829137e+02   2.1578621e+01   2.2344717e+01   2.1016542e+01   2.0003779e+01   2.3287490e+01   1.6819231e+01
   1.5895223e+02   2.2173478e+01   2.3041902e+01   2.1577821e+01   2.0509217e+01   2.3993731e+01   1.7288018e+01
   1.7037951e+02   2.2775753e+01   2.3753641e+01   2.2141788e+01   2.1010870e+01   2.4726649e+01   1.7770082e+01
   1.8262832e+02   2.3378190e+01   2.4475498e+01   2.2700232e+01   2.1499785e+01   2.5486732e+01   1.8265896e+01
   1.9575771e+02   2.3967131e+01   2.5197678e+01   2.3238588e+01   2.1961249e+01   2.6271579e+01   1.8775975e+01
   2.0983099e+02   2.4515244e+01   2.5896805e+01   2.3729604e+01   2.2370035e+01   2.7070232e+01   1.9300680e+01
   2.2491602e+02   2.4962791e+01   2.6509390e+01   2.4118428e+01   2.2680549e+01   2.7837970e+01   1.9840253e+01
   2.4108553e+02   2.5160747e+01   2.6814353e+01   2.4283147e+01   2.2805137e+01   2.8298835e+01   2.0394723e+01
   2.5841749e+02   2.5160747e+01   2.6814353e+01   2.4283147e+01   2.2805137e+01   2.8298835e+01   2.0963760e+01
   2.7699546e+02   2.5160747e+01   2.6814353e+01   2.4283147e+01   2.2805137e+01   2.8298835e+01   2.1546446e+01
   2.9690903e+02   2.5160747e+01   2.6814353e+01   2.4283147e+01   2.2805137e+01   2.8298835e+01   2.2140776e+01
   3.1825421e+02   2.5160747e+01   2.6814353e+01   2.4283147e+01   2.2805137e+01   2.8298835e+01   2.2742820e+01
   3.4113393e+02   2.5160747e+01   2.6814353e+01   2.4283147e+01   2.2805137e+01   2.8298835e+01   2.3345522e+01
   3.6565850e+02   2.5160747e+01   2.6814353e+01   2.4283147e+01   2.2805137e+01   2.8298835e+01   2.3935717e+01
   3.9194617e+02   2.5160747e+01   2.6814353e+01   2.4283147e+01   2.2805137e+01   2.8298835e+01   2.4487145e+01
   4.2012369e+02   2.5160747e+01   2.6814353e+01   2.4283147e+01   2.2805137e+01   2.8298835e+01   2.4942745e+01
   4.5032694e+02   2.5160747e+01   2.6814353e+01   2.4283147e+01   2.2805137e+01   2.8298835e+01   2.5160747e+01
   4.8270154e+02   2.5160747e+01   2.6814353e+01   2.4283147e+01   2.2805137e+01   2.8298835e+01   2.5160747e+01
   5.1740359e+02   2.5160747e+01   2.6814353e+01   2.4283147e+01   2.2805137e+01   2.8298835e+01   2.5160747e+01
   5.5460042e+02   2.5160747e+01   2.6814353e+01   2.4283147e+01   2.2805137e+01   2.8298835e+01   2.5160747e+01
   5.9447137e+02   2.5160747e+01   2.6814353e+01   2.4283147e+01   2.2805137e+01   2.8298835e+01   2.5160747e+01
   6.3720870e+02   2.5160747e+01   2.6814353e+01   2.4283147e+01   2.2805137e+01   2.8298835e+01   2.5160747e+01
   6.8301848e+02   2.5160747e+01   2.6814353e+01   2.4283147e+01   2.2805137e+01   2.8298835e+01   2.5160747e+01
   7.3212158e+02   2.5160747e+01   2.6814353e+01   2.4283147e+01   2.2805137e+01   2.8298835e+01   2.5160747e+01
   7.8475476e+02   2.5160747e+01   2.6814353e+01   2.4283147e+01   2.2805137e+01   2.8298835e+01   2.5160747e+01
   8.4117182e+02   2.5160747e+01   2.6814353e+01   2.4283147e+01   2.2805137e+01   2.8298835e+01   2.5160747e+01
   9.0164477e+02   2.5160747e+01   2.6814353e+01   2.4283147e+01   2.2805137e+01   2.8298835e+01   2.5160747e+01
   9.6646520e+02   2.5160747e+01   2.6814353e+01   2.4283147e+01   2.2805137e+01   2.8298835e+01   2.5160747e+01
