S870 karim steep flat veryflat verysteep break15
   1.0359457e-03   1.3380327e+00   1.2584074e+00   1.3380327e+00   1.3380327e+00   1.3380327e+00   1.3380327e+00
   1.1104212e-03   1.3380327e+00   1.2584074e+00   1.3380327e+00   1.3380327e+00   1.3380327e+00   1.3380327e+00
   1.1902508e-03   1.3380327e+00   1.2584074e+00   1.3380327e+00   1.3380327e+00   1.3380327e+00   1.3380327e+00
   1.2758195e-03   1.3380327e+00   1.2584074e+00   1.3380327e+00   1.3380327e+00   1.3380327e+00   1.3380327e+00
   1.3675398e-03   1.3380327e+00   1.2584074e+00   1.3380327e+00   1.3380327e+00   1.3380327e+00   1.3380327e+00
   1.4658541e-03   1.3380327e+00   1.2584074e+00   1.3380327e+00   1.3380327e+00   1.3380327e+00   1.3380327e+00
   1.5712363e-03   1.3380327e+00   1.2584074e+00   1.3380327e+00   1.3380327e+00   1.3380327e+00   1.3380327e+00
   1.6841945e-03   1.3380327e+00   1.2584074e+00   1.3380327e+00   1.3380327e+00   1.3380327e+00   1.3380327e+00
   1.8052735e-03   1.3380327e+00   1.2584074e+00   1.3380327e+00   1.3380327e+00   1.3380327e+00   1.3380327e+00
   1.9350570e-03   1.3380327e+00   1.2584074e+00   1.3380327e+00   1.3380327e+00   1.3380327e+00   1.3380327e+00
   2.0741708e-03   1.3380327e+00   1.2584074e+00   1.3380327e+00   1.3380327e+00   1.3380327e+00   1.3380327e+00
   2.2232857e-03   1.3380327e+00   1.2584074e+00   1.3380327e+00   1.3380327e+00   1.3380327e+00   1.3380327e+00
   2.3831206e-03   1.3380327e+00   1.2584074e+00   1.3380327e+00   1.3380327e+00   1.3380327e+00   1.3380327e+00
   2.5544463e-03   1.3380327e+00   1.2584074e+00   1.3380327e+00   1.3380327e+00   1.3380327e+00   1.3380327e+00
   2.7380888e-03   1.3380327e+00   1.2584074e+00   1.3380327e+00   1.3380327e+00   1.3380327e+00   1.3380327e+00
   2.9349336e-03   1.3380327e+00   1.2584074e+00   1.3380327e+00   1.3380327e+00   1.3380327e+00   1.3380327e+00
   3.1459299e-03   1.3380327e+00   1.2584074e+00   1.3380327e+00   1.3380327e+00   1.3380327e+00   1.3380327e+00
   3.3720949e-03   1.3380327e+00   1.2584074e+00   1.3380327e+00   1.3380327e+00   1.3380327e+00   1.3380327e+00
   3.6145193e-03   1.3380327e+00   1.2584074e+00   1.3380327e+00   1.3380327e+00   1.3380327e+00   1.3380327e+00
   3.8743718e-03   1.3380327e+00   1.2584074e+00   1.3380327e+00   1.3380327e+00   1.3380327e+00   1.3380327e+00
   4.1529055e-03   1.3380327e+00   1.2584074e+00   1.3380327e+00   1.3380327e+00   1.3380327e+00   1.3380327e+00
   4.4514634e-03   1.3380327e+00   1.2584074e+00   1.3380327e+00   1.3380327e+00   1.3380327e+00   1.3380327e+00
   4.7714849e-03   1.3380327e+00   1.2584074e+00   1.3380327e+00   1.3380327e+00   1.3380327e+00   1.3380327e+00
   5.1145133e-03   1.3380327e+00   1.2584074e+00   1.3380327e+00   1.3380327e+00   1.3380327e+00   1.3380327e+00
   5.4822024e-03   1.3380327e+00   1.2584074e+00   1.3380327e+00   1.3380327e+00   1.3380327e+00   1.3380327e+00
   5.8763252e-03   1.3380327e+00   1.2584074e+00   1.3380327e+00   1.3380327e+00   1.3380327e+00   1.3380327e+00
   6.2987819e-03   1.3380327e+00   1.2584074e+00   1.3380327e+00   1.3380327e+00   1.3380327e+00   1.3380327e+00
   6.7516097e-03   1.3380327e+00   1.2584074e+00   1.3380327e+00   1.3380327e+00   1.3380327e+00   1.3380327e+00
   7.2369918e-03   1.3380327e+00   1.2584074e+00   1.3380327e+00   1.3380327e+00   1.3380327e+00   1.3380327e+00
   7.7572687e-03   1.3380327e+00   1.2584074e+00   1.3380327e+00   1.3380327e+00   1.3380327e+00   1.3380327e+00
   8.3149490e-03   1.3380327e+00   1.2584074e+00   1.3380327e+00   1.3380327e+00   1.3380327e+00   1.3380327e+00
   8.9127216e-03   1.3380327e+00   1.2584074e+00   1.3380327e+00   1.3380327e+00   1.3380327e+00   1.3380327e+00
   9.5534689e-03   1.3380327e+00   1.2584074e+00   1.3380327e+00   1.3380327e+00   1.3380327e+00   1.3380327e+00
   1.0240280e-02   1.3380327e+00   1.2584074e+00   1.3380327e+00   1.3380327e+00   1.3380327e+00   1.3380327e+00
   1.0976468e-02   1.3380327e+00   1.2584074e+00   1.3380327e+00   1.3380327e+00   1.3380327e+00   1.3380327e+00
   1.1765580e-02   1.3380327e+00   1.2584074e+00   1.3380327e+00   1.3380327e+00   1.3380327e+00   1.3380327e+00
   1.2611424e-02   1.3380327e+00   1.2584074e+00   1.3380327e+00   1.3380327e+00   1.3380327e+00   1.3380327e+00
   1.3518075e-02   1.3380327e+00   1.2584074e+00   1.3380327e+00   1.3380327e+00   1.3380327e+00   1.3380327e+00
   1.4489908e-02   1.3380327e+00   1.2584074e+00   1.3380327e+00   1.3380327e+00   1.3380327e+00   1.3380327e+00
   1.5531606e-02   1.3380327e+00   1.2584074e+00   1.3380327e+00   1.3380327e+00   1.3380327e+00   1.3380327e+00
   1.6648194e-02   1.3380327e+00   1.2584074e+00   1.3380327e+00   1.3380327e+00   1.3380327e+00   1.3380327e+00
   1.7845055e-02   1.3380327e+00   1.2584074e+00   1.3380327e+00   1.3380327e+00   1.3380327e+00   1.3380327e+00
   1.9127959e-02   1.3380327e+00   1.2584074e+00   1.3380327e+00   1.3380327e+00   1.3380327e+00   1.3380327e+00
   2.0503093e-02   1.3380327e+00   1.2584074e+00   1.3380327e+00   1.3380327e+00   1.3380327e+00   1.3380327e+00
   2.1977088e-02   1.3380327e+00   1.2584074e+00   1.3380327e+00   1.3380327e+00   1.3380327e+00   1.3380327e+00
   2.3557050e-02   1.3380327e+00   1.2584074e+00   1.3380327e+00   1.3380327e+00   1.3380327e+00   1.3380327e+00
   2.5250597e-02   1.3380327e+00   1.2584074e+00   1.3380327e+00   1.3380327e+00   1.3380327e+00   1.3380327e+00
   2.7065896e-02   1.3380327e+00   1.2584074e+00   1.3380327e+00   1.3380327e+00   1.3380327e+00   1.3380327e+00
   2.9011699e-02   1.3380327e+00   1.2584074e+00   1.3380327e+00   1.3380327e+00   1.3380327e+00   1.3380327e+00
   3.1097388e-02   1.3380327e+00   1.2584074e+00   1.3380327e+00   1.3380327e+00   1.3380327e+00   1.3380327e+00
   3.3333020e-02   1.3380327e+00   1.2584074e+00   1.3380327e+00   1.3380327e+00   1.3380327e+00   1.3380327e+00
   3.5729375e-02   1.3380327e+00   1.2584074e+00   1.3380327e+00   1.3380327e+00   1.3380327e+00   1.3380327e+00
   3.8298007e-02   1.3380327e+00   1.2584074e+00   1.3380327e+00   1.3380327e+00   1.3380327e+00   1.3380327e+00
   4.1051301e-02   1.3380327e+00   1.2584074e+00   1.3380327e+00   1.3380327e+00   1.3380327e+00   1.3380327e+00
   4.4002533e-02   1.3380327e+00   1.2584074e+00   1.3380327e+00   1.3380327e+00   1.3380327e+00   1.3380327e+00
   4.7165933e-02   1.3380327e+00   1.2584074e+00   1.3380327e+00   1.3380327e+00   1.3380327e+00   1.3380327e+00
   5.0556754e-02   1.3380327e+00   1.2584074e+00   1.3380327e+00   1.3380327e+00   1.3380327e+00   1.3380327e+00
   5.4191346e-02   1.3380327e+00   1.2584074e+00   1.3380327e+00   1.3380327e+00   1.3380327e+00   1.3380327e+00
   5.8087234e-02   1.3380327e+00   1.2584074e+00   1.3380327e+00   1.3380327e+00   1.3380327e+00   1.3380327e+00
   6.2263201e-02   1.3380327e+00   1.2584074e+00   1.3380327e+00   1.3380327e+00   1.3380327e+00   1.3380327e+00
   6.6739385e-02   1.3380327e+00   1.2584074e+00   1.3380327e+00   1.3380327e+00   1.3380327e+00   1.3380327e+00
   7.1537368e-02   1.3380327e+00   1.2584074e+00   1.3380327e+00   1.3380327e+00   1.3380327e+00   1.3380327e+00
   7.6680283e-02   1.3380327e+00   1.2584074e+00   1.3380327e+00   1.3380327e+00   1.3380327e+00   1.3380327e+00
   8.2192930e-02   1.3380327e+00   1.2584074e+00   1.3380327e+00   1.3380327e+00   1.3380327e+00   1.3380327e+00
   8.8101888e-02   1.3380327e+00   1.2584074e+00   1.3380327e+00   1.3380327e+00   1.3380327e+00   1.3380327e+00
   9.4435649e-02   1.3380327e+00   1.2584074e+00   1.3380327e+00   1.3380327e+00   1.3380327e+00   1.3380327e+00
   1.0122475e-01   1.3380327e+00   1.2584074e+00   1.3380327e+00   1.3380327e+00   1.3380327e+00   1.3380327e+00
   1.0850193e-01   1.3380327e+00   1.2584074e+00   1.3380327e+00   1.3380327e+00   1.3380327e+00   1.3380327e+00
   1.1630228e-01   1.3380327e+00   1.2584074e+00   1.3380327e+00   1.3380327e+00   1.3380327e+00   1.3380327e+00
   1.2466341e-01   1.3380327e+00   1.2584074e+00   1.3380327e+00   1.3380327e+00   1.3380327e+00   1.3380327e+00
   1.3362562e-01   1.3380327e+00   1.2584074e+00   1.3380327e+00   1.3380327e+00   1.3380327e+00   1.3380327e+00
   1.4323214e-01   1.3380327e+00   1.2584074e+00   1.3380327e+00   1.3380327e+00   1.3380327e+00   1.3380327e+00
   1.5352929e-01   1.3380327e+00   1.2584074e+00   1.3380327e+00   1.3380327e+00   1.3380327e+00   1.3380327e+00
   1.6456672e-01   1.3380327e+00   1.2584074e+00   1.3380327e+00   1.3380327e+00   1.3380327e+00   1.3380327e+00
   1.7639763e-01   1.3380327e+00   1.2584074e+00   1.3380327e+00   1.3380327e+00   1.3380327e+00   1.3380327e+00
   1.8907909e-01   1.3380327e+00   1.2584074e+00   1.3380327e+00   1.3380327e+00   1.3380327e+00   1.3380327e+00
   2.0267224e-01   1.3380327e+00   1.2584074e+00   1.3380327e+00   1.3380327e+00   1.3380327e+00   1.3380327e+00
   2.1724261e-01   1.3380327e+00   1.2584074e+00   1.3380327e+00   1.3380327e+00   1.3380327e+00   1.3380327e+00
   2.3286047e-01   1.3380327e+00   1.2584074e+00   1.3380327e+00   1.3380327e+00   1.3380327e+00   1.3380327e+00
   2.4960112e-01   1.3380327e+00   1.2584074e+00   1.3380327e+00   1.3380327e+00   1.3380327e+00   1.3380327e+00
   2.6754527e-01   1.3380327e+00   1.2584074e+00   1.3380327e+00   1.3380327e+00   1.3380327e+00   1.3380327e+00
   2.8677945e-01   1.3380327e+00   1.2584074e+00   1.3380327e+00   1.3380327e+00   1.3380327e+00   1.3380327e+00
   3.0739641e-01   1.3380327e+00   1.2584074e+00   1.3380327e+00   1.3380327e+00   1.3380327e+00   1.3380327e+00
   3.2949554e-01   1.3380327e+00   1.2584074e+00   1.3380327e+00   1.3380327e+00   1.3380327e+00   1.3380327e+00
   3.5318341e-01   1.3380327e+00   1.2584074e+00   1.3380327e+00   1.3380327e+00   1.3380327e+00   1.3380327e+00
   3.7857423e-01   1.3380327e+00   1.2584074e+00   1.3380327e+00   1.3380327e+00   1.3380327e+00   1.3380327e+00
   4.0579043e-01   1.3380327e+00   1.2584074e+00   1.3380327e+00   1.3380327e+00   1.3380327e+00   1.3380327e+00
   4.3496324e-01   1.3380327e+00   1.2584074e+00   1.3380327e+00   1.3380327e+00   1.3380327e+00   1.3380327e+00
   4.6623332e-01   1.3380327e+00   1.2584074e+00   1.3380327e+00   1.3380327e+00   1.3380327e+00   1.3380327e+00
   4.9975145e-01   1.3380327e+00   1.2584074e+00   1.3380327e+00   1.3380327e+00   1.3380327e+00   1.3380327e+00
   5.3567924e-01   1.3380327e+00   1.2584074e+00   1.3380327e+00   1.3380327e+00   1.3380327e+00   1.3380327e+00
   5.7418993e-01   1.3380327e+00   1.2584074e+00   1.3380327e+00   1.3380327e+00   1.3380327e+00   1.3380327e+00
   6.1546920e-01   1.3380327e+00   1.2584074e+00   1.3380327e+00   1.3380327e+00   1.3380327e+00   1.3380327e+00
   6.5971609e-01   1.3380327e+00   1.2584074e+00   1.3380327e+00   1.3380327e+00   1.3380327e+00   1.3380327e+00
   7.0714395e-01   1.3380327e+00   1.2584074e+00   1.3380327e+00   1.3380327e+00   1.3380327e+00   1.3380327e+00
   7.5798146e-01   1.3380327e+00   1.2584074e+00   1.3380327e+00   1.3380327e+00   1.3380327e+00   1.3380327e+00
   8.1247375e-01   1.3380327e+00   1.2584074e+00   1.3380327e+00   1.3380327e+00   1.3380327e+00   1.3380327e+00
   8.7088356e-01   1.3380327e+00   1.2584074e+00   1.3380327e+00   1.3380327e+00   1.3380327e+00   1.3380327e+00
   9.3349252e-01   1.3380327e+00   1.2584074e+00   1.3380327e+00   1.3380327e+00   1.3380327e+00   1.3380327e+00
   1.0006025e+00   1.3380327e+00   1.2584074e+00   1.3380327e+00   1.3380327e+00   1.3380327e+00   1.3380327e+00
   1.0725372e+00   1.3380327e+00   1.2584074e+00   1.3380327e+00   1.3380327e+00   1.3380327e+00   1.3380327e+00
   1.1496433e+00   1.3380327e+00   1.2584074e+00   1.3380327e+00   1.3380327e+00   1.3380327e+00   1.3380327e+00
   1.2322927e+00   1.3380327e+00   1.2584074e+00   1.3380327e+00   1.3380327e+00   1.3380327e+00   1.3380327e+00
   1.3208838e+00   1.3380327e+00   1.2584074e+00   1.3380327e+00   1.3380327e+00   1.3380327e+00   1.3380327e+00
   1.4158439e+00   1.3380327e+00   1.2584074e+00   1.3380327e+00   1.3380327e+00   1.3380327e+00   1.3380327e+00
   1.5176308e+00   1.3380327e+00   1.2584074e+00   1.3380327e+00   1.3380327e+00   1.3380327e+00   1.3380327e+00
   1.6267352e+00   1.3380327e+00   1.2584074e+00   1.3380327e+00   1.3380327e+00   1.3380327e+00   1.3380327e+00
   1.7436834e+00   1.3380327e+00   1.2584074e+00   1.3380327e+00   1.3380327e+00   1.3380327e+00   1.3380327e+00
   1.8690391e+00   1.3380327e+00   1.2584074e+00   1.3380327e+00   1.3380327e+00   1.3380327e+00   1.3380327e+00
   2.0034068e+00   1.3380327e+00   1.2584074e+00   1.3380327e+00   1.3380327e+00   1.3380327e+00   1.3380327e+00
   2.1474343e+00   1.3380327e+00   1.2584074e+00   1.3380327e+00   1.3380327e+00   1.3380327e+00   1.3380327e+00
   2.3018162e+00   1.3380327e+00   1.2584074e+00   1.3380327e+00   1.3380327e+00   1.3380327e+00   1.3380327e+00
   2.4672968e+00   1.3380327e+00   1.2584074e+00   1.3380327e+00   1.3380327e+00   1.3380327e+00   1.3380327e+00
   2.6446740e+00   1.3380327e+00   1.2584074e+00   1.3380327e+00   1.3380327e+00   1.3380327e+00   1.3380327e+00
   2.8348031e+00   1.3380327e+00   1.2584074e+00   1.3380327e+00   1.3380327e+00   1.3380327e+00   1.3380327e+00
   3.0386009e+00   1.3380327e+00   1.2584074e+00   1.3380327e+00   1.3380327e+00   1.3380327e+00   1.3380327e+00
   3.2570499e+00   1.3380327e+00   1.2584074e+00   1.3380327e+00   1.3380327e+00   1.3380327e+00   1.3380327e+00
   3.4912035e+00   1.3380327e+00   1.2584074e+00   1.3380327e+00   1.3380327e+00   1.3380327e+00   1.3380327e+00
   3.7421907e+00   1.3380327e+00   1.2584074e+00   1.3380327e+00   1.3380327e+00   1.3380327e+00   1.3380327e+00
   4.0112218e+00   1.3380327e+00   1.2584074e+00   1.3380327e+00   1.3380327e+00   1.3380327e+00   1.3380327e+00
   4.2995938e+00   1.3380327e+00   1.2584074e+00   1.3380327e+00   1.3380327e+00   1.3380327e+00   1.3380327e+00
   4.6086973e+00   1.3380327e+00   1.2584074e+00   1.3380327e+00   1.3380327e+00   1.3380327e+00   1.3380327e+00
   4.9400226e+00   1.3380327e+00   1.2584074e+00   1.3380327e+00   1.3380327e+00   1.3380327e+00   1.3380327e+00
   5.2951673e+00   1.3380327e+00   1.2584074e+00   1.3380327e+00   1.3380327e+00   1.3380327e+00   1.3380327e+00
   5.6758439e+00   1.3380327e+00   1.2584074e+00   1.3380327e+00   1.3380327e+00   1.3380327e+00   1.3380327e+00
   6.0838878e+00   1.3380327e+00   1.2584074e+00   1.3380327e+00   1.3380327e+00   1.3380327e+00   1.3380327e+00
   6.5212665e+00   1.3380327e+00   1.2584074e+00   1.3380327e+00   1.3380327e+00   1.3380327e+00   1.3380327e+00
   6.9900890e+00   1.3380327e+00   1.2584074e+00   1.3380327e+00   1.3380327e+00   1.3380327e+00   1.3380327e+00
   7.4926157e+00   1.3380327e+00   1.2584074e+00   1.3380327e+00   1.3380327e+00   1.3380327e+00   1.3380327e+00
   8.0312697e+00   1.3380327e+00   1.2584074e+00   1.3380327e+00   1.3380327e+00   1.3380327e+00   1.3380327e+00
   8.6086483e+00   1.3380327e+00   1.2584074e+00   1.3380327e+00   1.3380327e+00   1.3380327e+00   1.3380327e+00
   9.2275354e+00   1.3546664e+00   1.2768512e+00   1.3516487e+00   1.3482745e+00   1.3900455e+00   1.3380327e+00
   9.8909151e+00   1.4079296e+00   1.3363985e+00   1.3944714e+00   1.3798109e+00   1.5818012e+00   1.3380327e+00
   1.0601986e+01   1.4834138e+00   1.4272391e+00   1.4529649e+00   1.4210452e+00   1.9300243e+00   1.3380327e+00
   1.1364177e+01   1.5830687e+00   1.5602442e+00   1.5269795e+00   1.4706190e+00   2.4934872e+00   1.3380327e+00
   1.2181162e+01   1.7131938e+00   1.7544946e+00   1.6195515e+00   1.5294193e+00   3.3048972e+00   1.3380327e+00
   1.3056882e+01   1.8824939e+00   2.0356526e+00   1.7351374e+00   1.5990832e+00   4.3271208e+00   1.3380327e+00
   1.3995559e+01   2.1016281e+00   2.4333189e+00   1.8792760e+00   1.6816892e+00   5.4538112e+00   1.3380327e+00
   1.5001718e+01   2.3827099e+00   2.9738174e+00   2.0584609e+00   1.7796820e+00   6.5598915e+00   1.3380327e+00
   1.6080211e+01   2.7382767e+00   3.6673105e+00   2.2799512e+00   1.8958469e+00   7.5536600e+00   1.3380327e+00
   1.7236239e+01   3.1794330e+00   4.4933909e+00   2.5513930e+00   2.0332825e+00   8.3933121e+00   1.3525388e+00
   1.8475375e+01   3.7130806e+00   5.3958112e+00   2.8801565e+00   2.1953471e+00   9.0750974e+00   1.4044375e+00
   1.9803594e+01   4.3386205e+00   6.2961651e+00   3.2723438e+00   2.3855621e+00   9.6168488e+00   1.4787184e+00
   2.1227300e+01   5.0461289e+00   7.1287250e+00   3.7317706e+00   2.6074686e+00   1.0062191e+01   1.5769171e+00
   2.2753359e+01   5.8169698e+00   7.8645067e+00   4.2591354e+00   2.8644978e+00   1.0455598e+01   1.7051749e+00
   2.4389128e+01   6.6260237e+00   8.5048188e+00   4.8512446e+00   3.1598065e+00   1.0823227e+01   1.8720795e+00
   2.6142495e+01   7.4460090e+00   9.0674332e+00   5.5007757e+00   3.4960711e+00   1.1180131e+01   2.0881930e+00
   2.8021913e+01   8.2522064e+00   9.5744602e+00   6.1967186e+00   3.8752670e+00   1.1535075e+01   2.3655698e+00
   3.0036445e+01   9.0259092e+00   1.0045556e+01   6.9254579e+00   4.2984559e+00   1.1892909e+01   2.7167639e+00
   3.2195805e+01   9.7558968e+00   1.0495919e+01   7.6723235e+00   4.7656073e+00   1.2256466e+01   3.1530212e+00
   3.4510404e+01   1.0437948e+01   1.0936312e+01   8.4232190e+00   5.2754819e+00   1.2627311e+01   3.6815564e+00
   3.6991402e+01   1.1073296e+01   1.1374117e+01   9.1660243e+00   5.8256039e+00   1.3006480e+01   4.3022560e+00
   3.9650763e+01   1.1666647e+01   1.1814164e+01   9.8914576e+00   6.4123337e+00   1.3394554e+01   5.0056984e+00
   4.2501309e+01   1.2224491e+01   1.2259582e+01   1.0593392e+01   7.0310432e+00   1.3791951e+01   5.7736945e+00
   4.5556784e+01   1.2753874e+01   1.2712449e+01   1.1268701e+01   7.6763822e+00   1.4199100e+01   6.5813756e+00
   4.8831921e+01   1.3261534e+01   1.3173999e+01   1.1916739e+01   8.3425917e+00   1.4616183e+01   7.4014486e+00
   5.2342512e+01   1.3753684e+01   1.3645336e+01   1.2538829e+01   9.0238651e+00   1.5043964e+01   8.2089464e+00
   5.6105484e+01   1.4235661e+01   1.4127150e+01   1.3137551e+01   9.7146567e+00   1.5482844e+01   8.9847774e+00
   6.0138982e+01   1.4712010e+01   1.4620051e+01   1.3716259e+01   1.0409959e+01   1.5933431e+01   9.7173151e+00
   6.4462452e+01   1.5186493e+01   1.5124505e+01   1.4278629e+01   1.1105488e+01   1.6396202e+01   1.0401986e+01
   6.9096743e+01   1.5662262e+01   1.5641053e+01   1.4828401e+01   1.1797803e+01   1.6872035e+01   1.1039778e+01
   7.4064199e+01   1.6142071e+01   1.6170488e+01   1.5369272e+01   1.2484368e+01   1.7362083e+01   1.1635258e+01
   7.9388772e+01   1.6628008e+01   1.6713142e+01   1.5904522e+01   1.3163435e+01   1.7866760e+01   1.2194852e+01
   8.5096136e+01   1.7121985e+01   1.7269741e+01   1.6437225e+01   1.3834032e+01   1.8387246e+01   1.2725603e+01
   9.1213809e+01   1.7625547e+01   1.7840875e+01   1.6970055e+01   1.4495783e+01   1.8924486e+01   1.3234275e+01
   9.7771290e+01   1.8140011e+01   1.8427185e+01   1.7505333e+01   1.5148778e+01   1.9479568e+01   1.3727121e+01
   1.0480020e+02   1.8666474e+01   1.9029322e+01   1.8045009e+01   1.5793402e+01   2.0053632e+01   1.4209525e+01
   1.1233442e+02   1.9205716e+01   1.9647739e+01   1.8590579e+01   1.6430135e+01   2.0647620e+01   1.4686096e+01
   1.2041029e+02   1.9758419e+01   2.0283181e+01   1.9143217e+01   1.7059423e+01   2.1263214e+01   1.5160630e+01
   1.2906675e+02   2.0324857e+01   2.0936082e+01   1.9703537e+01   1.7681422e+01   2.1901589e+01   1.5636261e+01
   1.3834553e+02   2.0904717e+01   2.1606426e+01   2.0271414e+01   1.8295711e+01   2.2563623e+01   1.6115790e+01
   1.4829137e+02   2.1497186e+01   2.2294280e+01   2.0845953e+01   1.8901012e+01   2.3251112e+01   1.6601334e+01
   1.5895223e+02   2.2100170e+01   2.2998656e+01   2.1424818e+01   1.9494616e+01   2.3964819e+01   1.7094824e+01
   1.7037951e+02   2.2709802e+01   2.3717624e+01   2.2003622e+01   2.0071587e+01   2.4705975e+01   1.7597824e+01
   1.8262832e+02   2.3318790e+01   2.4446574e+01   2.2574372e+01   2.0623402e+01   2.5474244e+01   1.8111650e+01
   1.9575771e+02   2.3913214e+01   2.5174959e+01   2.3122546e+01   2.1135493e+01   2.6265650e+01   1.8637431e+01
   2.0983099e+02   2.4465580e+01   2.5878821e+01   2.3620950e+01   2.1582403e+01   2.7068263e+01   1.9175952e+01
   2.2491602e+02   2.4916178e+01   2.6494808e+01   2.4014751e+01   2.1917512e+01   2.7838227e+01   1.9727902e+01
   2.4108553e+02   2.5115867e+01   2.6802010e+01   2.4181735e+01   2.2050884e+01   2.8301047e+01   2.0293589e+01
   2.5841749e+02   2.5115867e+01   2.6802010e+01   2.4181735e+01   2.2050884e+01   2.8301047e+01   2.0872727e+01
   2.7699546e+02   2.5115867e+01   2.6802010e+01   2.4181735e+01   2.2050884e+01   2.8301047e+01   2.1464545e+01
   2.9690903e+02   2.5115867e+01   2.6802010e+01   2.4181735e+01   2.2050884e+01   2.8301047e+01   2.2067056e+01
   3.1825421e+02   2.5115867e+01   2.6802010e+01   2.4181735e+01   2.2050884e+01   2.8301047e+01   2.2676491e+01
   3.4113393e+02   2.5115867e+01   2.6802010e+01   2.4181735e+01   2.2050884e+01   2.8301047e+01   2.3285792e+01
   3.6565850e+02   2.5115867e+01   2.6802010e+01   2.4181735e+01   2.2050884e+01   2.8301047e+01   2.3881532e+01
   3.9194617e+02   2.5115867e+01   2.6802010e+01   2.4181735e+01   2.2050884e+01   2.8301047e+01   2.4437280e+01
   4.2012369e+02   2.5115867e+01   2.6802010e+01   2.4181735e+01   2.2050884e+01   2.8301047e+01   2.4895987e+01
   4.5032694e+02   2.5115867e+01   2.6802010e+01   2.4181735e+01   2.2050884e+01   2.8301047e+01   2.5115867e+01
   4.8270154e+02   2.5115867e+01   2.6802010e+01   2.4181735e+01   2.2050884e+01   2.8301047e+01   2.5115867e+01
   5.1740359e+02   2.5115867e+01   2.6802010e+01   2.4181735e+01   2.2050884e+01   2.8301047e+01   2.5115867e+01
   5.5460042e+02   2.5115867e+01   2.6802010e+01   2.4181735e+01   2.2050884e+01   2.8301047e+01   2.5115867e+01
   5.9447137e+02   2.5115867e+01   2.6802010e+01   2.4181735e+01   2.2050884e+01   2.8301047e+01   2.5115867e+01
   6.3720870e+02   2.5115867e+01   2.6802010e+01   2.4181735e+01   2.2050884e+01   2.8301047e+01   2.5115867e+01
   6.8301848e+02   2.5115867e+01   2.6802010e+01   2.4181735e+01   2.2050884e+01   2.8301047e+01   2.5115867e+01
   7.3212158e+02   2.5115867e+01   2.6802010e+01   2.4181735e+01   2.2050884e+01   2.8301047e+01   2.5115867e+01
   7.8475476e+02   2.5115867e+01   2.6802010e+01   2.4181735e+01   2.2050884e+01   2.8301047e+01   2.5115867e+01
   8.4117182e+02   2.5115867e+01   2.6802010e+01   2.4181735e+01   2.2050884e+01   2.8301047e+01   2.5115867e+01
   9.0164477e+02   2.5115867e+01   2.6802010e+01   2.4181735e+01   2.2050884e+01   2.8301047e+01   2.5115867e+01
   9.6646520e+02   2.5115867e+01   2.6802010e+01   2.4181735e+01   2.2050884e+01   2.8301047e+01   2.5115867e+01
