S870 karim steep flat veryflat verysteep break15
   1.0359457e-03   8.4712177e+00   6.8538509e+00   8.4712177e+00   8.4712177e+00   8.4712177e+00   8.4712177e+00
   1.1104212e-03   8.4712177e+00   6.8538509e+00   8.4712177e+00   8.4712177e+00   8.4712177e+00   8.4712177e+00
   1.1902508e-03   8.4712177e+00   6.8538509e+00   8.4712177e+00   8.4712177e+00   8.4712177e+00   8.4712177e+00
   1.2758195e-03   8.4712177e+00   6.8538509e+00   8.4712177e+00   8.4712177e+00   8.4712177e+00   8.4712177e+00
   1.3675398e-03   8.4712177e+00   6.8538509e+00   8.4712177e+00   8.4712177e+00   8.4712177e+00   8.4712177e+00
   1.4658541e-03   8.4712177e+00   6.8538509e+00   8.4712177e+00   8.4712177e+00   8.4712177e+00   8.4712177e+00
   1.5712363e-03   8.4712177e+00   6.8538509e+00   8.4712177e+00   8.4712177e+00   8.4712177e+00   8.4712177e+00
   1.6841945e-03   8.4712177e+00   6.8538509e+00   8.4712177e+00   8.4712177e+00   8.4712177e+00   8.4712177e+00
   1.8052735e-03   8.4712177e+00   6.8538509e+00   8.4712177e+00   8.4712177e+00   8.4712177e+00   8.4712177e+00
   1.9350570e-03   8.4712177e+00   6.8538509e+00   8.4712177e+00   8.4712177e+00   8.4712177e+00   8.4712177e+00
   2.0741708e-03   8.4712177e+00   6.8538509e+00   8.4712177e+00   8.4712177e+00   8.4712177e+00   8.4712177e+00
   2.2232857e-03   8.4712177e+00   6.8538509e+00   8.4712177e+00   8.4712177e+00   8.4712177e+00   8.4712177e+00
   2.3831206e-03   8.4712177e+00   6.8538509e+00   8.4712177e+00   8.4712177e+00   8.4712177e+00   8.4712177e+00
   2.5544463e-03   8.4712177e+00   6.8538509e+00   8.4712177e+00   8.4712177e+00   8.4712177e+00   8.4712177e+00
   2.7380888e-03   8.4712177e+00   6.8538509e+00   8.4712177e+00   8.4712177e+00   8.4712177e+00   8.4712177e+00
   2.9349336e-03   8.4712177e+00   6.8538509e+00   8.4712177e+00   8.4712177e+00   8.4712177e+00   8.4712177e+00
   3.1459299e-03   8.4712177e+00   6.8538509e+00   8.4712177e+00   8.4712177e+00   8.4712177e+00   8.4712177e+00
   3.3720949e-03   8.4712177e+00   6.8538509e+00   8.4712177e+00   8.4712177e+00   8.4712177e+00   8.4712177e+00
   3.6145193e-03   8.4712177e+00   6.8538509e+00   8.4712177e+00   8.4712177e+00   8.4712177e+00   8.4712177e+00
   3.8743718e-03   8.4712177e+00   6.8538509e+00   8.4712177e+00   8.4712177e+00   8.4712177e+00   8.4712177e+00
   4.1529055e-03   8.4712177e+00   6.8538509e+00   8.4712177e+00   8.4712177e+00   8.4712177e+00   8.4712177e+00
   4.4514634e-03   8.4712177e+00   6.8538509e+00   8.4712177e+00   8.4712177e+00   8.4712177e+00   8.4712177e+00
   4.7714849e-03   8.4712177e+00   6.8538509e+00   8.4712177e+00   8.4712177e+00   8.4712177e+00   8.4712177e+00
   5.1145133e-03   8.4712177e+00   6.8538509e+00   8.4712177e+00   8.4712177e+00   8.4712177e+00   8.4712177e+00
   5.4822024e-03   8.4712177e+00   6.8538509e+00   8.4712177e+00   8.4712177e+00   8.4712177e+00   8.4712177e+00
   5.8763252e-03   8.4712177e+00   6.8538509e+00   8.4712177e+00   8.4712177e+00   8.4712177e+00   8.4712177e+00
   6.2987819e-03   8.4712177e+00   6.8538509e+00   8.4712177e+00   8.4712177e+00   8.4712177e+00   8.4712177e+00
   6.7516097e-03   8.4712177e+00   6.8538509e+00   8.4712177e+00   8.4712177e+00   8.4712177e+00   8.4712177e+00
   7.2369918e-03   8.4712177e+00   6.8538509e+00   8.4712177e+00   8.4712177e+00   8.4712177e+00   8.4712177e+00
   7.7572687e-03   8.4712177e+00   6.8538509e+00   8.4712177e+00   8.4712177e+00   8.4712177e+00   8.4712177e+00
   8.3149490e-03   8.4712177e+00   6.8538509e+00   8.4712177e+00   8.4712177e+00   8.4712177e+00   8.4712177e+00
   8.9127216e-03   8.4712177e+00   6.8538509e+00   8.4712177e+00   8.4712177e+00   8.4712177e+00   8.4712177e+00
   9.5534689e-03   8.4712177e+00   6.8538509e+00   8.4712177e+00   8.4712177e+00   8.4712177e+00   8.4712177e+00
   1.0240280e-02   8.4712177e+00   6.8538509e+00   8.4712177e+00   8.4712177e+00   8.4712177e+00   8.4712177e+00
   1.0976468e-02   8.4712177e+00   6.8538509e+00   8.4712177e+00   8.4712177e+00   8.4712177e+00   8.4712177e+00
   1.1765580e-02   8.4712177e+00   6.8538509e+00   8.4712177e+00   8.4712177e+00   8.4712177e+00   8.4712177e+00
   1.2611424e-02   8.4712177e+00   6.8538509e+00   8.4712177e+00   8.4712177e+00   8.4712177e+00   8.4712177e+00
   1.3518075e-02   8.4712177e+00   6.8538509e+00   8.4712177e+00   8.4712177e+00   8.4712177e+00   8.4712177e+00
   1.4489908e-02   8.4712177e+00   6.8538509e+00   8.4712177e+00   8.4712177e+00   8.4712177e+00   8.4712177e+00
   1.5531606e-02   8.4712177e+00   6.8538509e+00   8.4712177e+00   8.4712177e+00   8.4712177e+00   8.4712177e+00
   1.6648194e-02   8.4712177e+00   6.8538509e+00   8.4712177e+00   8.4712177e+00   8.4712177e+00   8.4712177e+00
   1.7845055e-02   8.4712177e+00   6.8538509e+00   8.4712177e+00   8.4712177e+00   8.4712177e+00   8.4712177e+00
   1.9127959e-02   8.4712177e+00   6.8538509e+00   8.4712177e+00   8.4712177e+00   8.4712177e+00   8.4712177e+00
   2.0503093e-02   8.4712177e+00   6.8538509e+00   8.4712177e+00   8.4712177e+00   8.4712177e+00   8.4712177e+00
   2.1977088e-02   8.4712177e+00   6.8538509e+00   8.4712177e+00   8.4712177e+00   8.4712177e+00   8.4712177e+00
   2.3557050e-02   8.4712177e+00   6.8538509e+00   8.4712177e+00   8.4712177e+00   8.4712177e+00   8.4712177e+00
   2.5250597e-02   8.4712177e+00   6.8538509e+00   8.4712177e+00   8.4712177e+00   8.4712177e+00   8.4712177e+00
   2.7065896e-02   8.4712177e+00   6.8538509e+00   8.4712177e+00   8.4712177e+00   8.4712177e+00   8.4712177e+00
   2.9011699e-02   8.4712177e+00   6.8538509e+00   8.4712177e+00   8.4712177e+00   8.4712177e+00   8.4712177e+00
   3.1097388e-02   8.4712177e+00   6.8538509e+00   8.4712177e+00   8.4712177e+00   8.4712177e+00   8.4712177e+00
   3.3333020e-02   8.4712177e+00   6.8538509e+00   8.4712177e+00   8.4712177e+00   8.4712177e+00   8.4712177e+00
   3.5729375e-02   8.4712177e+00   6.8538509e+00   8.4712177e+00   8.4712177e+00   8.4712177e+00   8.4712177e+00
   3.8298007e-02   8.4712177e+00   6.8538509e+00   8.4712177e+00   8.4712177e+00   8.4712177e+00   8.4712177e+00
   4.1051301e-02   8.4712177e+00   6.8538509e+00   8.4712177e+00   8.4712177e+00   8.4712177e+00   8.4712177e+00
   4.4002533e-02   8.4712177e+00   6.8538509e+00   8.4712177e+00   8.4712177e+00   8.4712177e+00   8.4712177e+00
   4.7165933e-02   8.4712177e+00   6.8538509e+00   8.4712177e+00   8.4712177e+00   8.4712177e+00   8.4712177e+00
   5.0556754e-02   8.4712177e+00   6.8538509e+00   8.4712177e+00   8.4712177e+00   8.4712177e+00   8.4712177e+00
   5.4191346e-02   8.4712177e+00   6.8538509e+00   8.4712177e+00   8.4712177e+00   8.4712177e+00   8.4712177e+00
   5.8087234e-02   8.4712177e+00   6.8538509e+00   8.4712177e+00   8.4712177e+00   8.4712177e+00   8.4712177e+00
   6.2263201e-02   8.4712177e+00   6.8538509e+00   8.4712177e+00   8.4712177e+00   8.4712177e+00   8.4712177e+00
   6.6739385e-02   8.4712177e+00   6.8538509e+00   8.4712177e+00   8.4712177e+00   8.4712177e+00   8.4712177e+00
   7.1537368e-02   8.4712177e+00   6.8538509e+00   8.4712177e+00   8.4712177e+00   8.4712177e+00   8.4712177e+00
   7.6680283e-02   8.4712177e+00   6.8538509e+00   8.4712177e+00   8.4712177e+00   8.4712177e+00   8.4712177e+00
   8.2192930e-02   8.4712177e+00   6.8538509e+00   8.4712177e+00   8.4712177e+00   8.4712177e+00   8.4712177e+00
   8.8101888e-02   8.4712177e+00   6.8538509e+00   8.4712177e+00   8.4712177e+00   8.4712177e+00   8.4712177e+00
   9.4435649e-02   8.4712177e+00   6.8538509e+00   8.4712177e+00   8.4712177e+00   8.4712177e+00   8.4712177e+00
   1.0122475e-01   8.4712177e+00   6.8538509e+00   8.4712177e+00   8.4712177e+00   8.4712177e+00   8.4712177e+00
   1.0850193e-01   8.4712177e+00   6.8538509e+00   8.4712177e+00   8.4712177e+00   8.4712177e+00   8.4712177e+00
   1.1630228e-01   8.4712177e+00   6.8538509e+00   8.4712177e+00   8.4712177e+00   8.4712177e+00   8.4712177e+00
   1.2466341e-01   8.4712177e+00   6.8538509e+00   8.4712177e+00   8.4712177e+00   8.4712177e+00   8.4712177e+00
   1.3362562e-01   8.4712177e+00   6.8538509e+00   8.4712177e+00   8.4712177e+00   8.4712177e+00   8.4712177e+00
   1.4323214e-01   8.4712177e+00   6.8538509e+00   8.4712177e+00   8.4712177e+00   8.4712177e+00   8.4712177e+00
   1.5352929e-01   8.4712177e+00   6.8538509e+00   8.4712177e+00   8.4712177e+00   8.4712177e+00   8.4712177e+00
   1.6456672e-01   8.4712177e+00   6.8538509e+00   8.4712177e+00   8.4712177e+00   8.4712177e+00   8.4712177e+00
   1.7639763e-01   8.4712177e+00   6.8538509e+00   8.4712177e+00   8.4712177e+00   8.4712177e+00   8.4712177e+00
   1.8907909e-01   8.4712177e+00   6.8538509e+00   8.4712177e+00   8.4712177e+00   8.4712177e+00   8.4712177e+00
   2.0267224e-01   8.4712177e+00   6.8538509e+00   8.4712177e+00   8.4712177e+00   8.4712177e+00   8.4712177e+00
   2.1724261e-01   8.4712177e+00   6.8538509e+00   8.4712177e+00   8.4712177e+00   8.4712177e+00   8.4712177e+00
   2.3286047e-01   8.4712177e+00   6.8538509e+00   8.4712177e+00   8.4712177e+00   8.4712177e+00   8.4712177e+00
   2.4960112e-01   8.4712177e+00   6.8538509e+00   8.4712177e+00   8.4712177e+00   8.4712177e+00   8.4712177e+00
   2.6754527e-01   8.4712177e+00   6.8538509e+00   8.4712177e+00   8.4712177e+00   8.4712177e+00   8.4712177e+00
   2.8677945e-01   8.4712177e+00   6.8538509e+00   8.4712177e+00   8.4712177e+00   8.4712177e+00   8.4712177e+00
   3.0739641e-01   8.4712177e+00   6.8538509e+00   8.4712177e+00   8.4712177e+00   8.4712177e+00   8.4712177e+00
   3.2949554e-01   8.4712177e+00   6.8538509e+00   8.4712177e+00   8.4712177e+00   8.4712177e+00   8.4712177e+00
   3.5318341e-01   8.4712177e+00   6.8538509e+00   8.4712177e+00   8.4712177e+00   8.4712177e+00   8.4712177e+00
   3.7857423e-01   8.4712177e+00   6.8538509e+00   8.4712177e+00   8.4712177e+00   8.4712177e+00   8.4712177e+00
   4.0579043e-01   8.4712177e+00   6.8538509e+00   8.4712177e+00   8.4712177e+00   8.4712177e+00   8.4712177e+00
   4.3496324e-01   8.4712177e+00   6.8538509e+00   8.4712177e+00   8.4712177e+00   8.4712177e+00   8.4712177e+00
   4.6623332e-01   8.4712177e+00   6.8538509e+00   8.4712177e+00   8.4712177e+00   8.4712177e+00   8.4712177e+00
   4.9975145e-01   8.4712177e+00   6.8538509e+00   8.4712177e+00   8.4712177e+00   8.4712177e+00   8.4712177e+00
   5.3567924e-01   8.4712177e+00   6.8538509e+00   8.4712177e+00   8.4712177e+00   8.4712177e+00   8.4712177e+00
   5.7418993e-01   8.4712177e+00   6.8538509e+00   8.4712177e+00   8.4712177e+00   8.4712177e+00   8.4712177e+00
   6.1546920e-01   8.4712177e+00   6.8538509e+00   8.4712177e+00   8.4712177e+00   8.4712177e+00   8.4712177e+00
   6.5971609e-01   8.4712177e+00   6.8538509e+00   8.4712177e+00   8.4712177e+00   8.4712177e+00   8.4712177e+00
   7.0714395e-01   8.4712177e+00   6.8538509e+00   8.4712177e+00   8.4712177e+00   8.4712177e+00   8.4712177e+00
   7.5798146e-01   8.4712177e+00   6.8538509e+00   8.4712177e+00   8.4712177e+00   8.4712177e+00   8.4712177e+00
   8.1247375e-01   8.4712177e+00   6.8538509e+00   8.4712177e+00   8.4712177e+00   8.4712177e+00   8.4712177e+00
   8.7088356e-01   8.4712177e+00   6.8538509e+00   8.4712177e+00   8.4712177e+00   8.4712177e+00   8.4712177e+00
   9.3349252e-01   8.4712177e+00   6.8538509e+00   8.4712177e+00   8.4712177e+00   8.4712177e+00   8.4712177e+00
   1.0006025e+00   8.4712177e+00   6.8538509e+00   8.4712177e+00   8.4712177e+00   8.4712177e+00   8.4712177e+00
   1.0725372e+00   8.4712177e+00   6.8538509e+00   8.4712177e+00   8.4712177e+00   8.4712177e+00   8.4712177e+00
   1.1496433e+00   8.4712177e+00   6.8538509e+00   8.4712177e+00   8.4712177e+00   8.4712177e+00   8.4712177e+00
   1.2322927e+00   8.4712177e+00   6.8538509e+00   8.4712177e+00   8.4712177e+00   8.4712177e+00   8.4712177e+00
   1.3208838e+00   8.4712177e+00   6.8538509e+00   8.4712177e+00   8.4712177e+00   8.4712177e+00   8.4712177e+00
   1.4158439e+00   8.4712177e+00   6.8538509e+00   8.4712177e+00   8.4712177e+00   8.4712177e+00   8.4712177e+00
   1.5176308e+00   8.4712177e+00   6.8538509e+00   8.4712177e+00   8.4712177e+00   8.4712177e+00   8.4712177e+00
   1.6267352e+00   8.4712177e+00   6.8538509e+00   8.4712177e+00   8.4712177e+00   8.4712177e+00   8.4712177e+00
   1.7436834e+00   8.4712177e+00   6.8538509e+00   8.4712177e+00   8.4712177e+00   8.4712177e+00   8.4712177e+00
   1.8690391e+00   8.4712177e+00   6.8538509e+00   8.4712177e+00   8.4712177e+00   8.4712177e+00   8.4712177e+00
   2.0034068e+00   8.4712177e+00   6.8538509e+00   8.4712177e+00   8.4712177e+00   8.4712177e+00   8.4712177e+00
   2.1474343e+00   8.4712177e+00   6.8538509e+00   8.4712177e+00   8.4712177e+00   8.4712177e+00   8.4712177e+00
   2.3018162e+00   8.4712177e+00   6.8538509e+00   8.4712177e+00   8.4712177e+00   8.4712177e+00   8.4712177e+00
   2.4672968e+00   8.4712177e+00   6.8538509e+00   8.4712177e+00   8.4712177e+00   8.4712177e+00   8.4712177e+00
   2.6446740e+00   8.4712177e+00   6.8538509e+00   8.4712177e+00   8.4712177e+00   8.4712177e+00   8.4712177e+00
   2.8348031e+00   8.4712177e+00   6.8538509e+00   8.4712177e+00   8.4712177e+00   8.4712177e+00   8.4712177e+00
   3.0386009e+00   8.4712177e+00   6.8538509e+00   8.4712177e+00   8.4712177e+00   8.4712177e+00   8.4712177e+00
   3.2570499e+00   8.4712177e+00   6.8538509e+00   8.4712177e+00   8.4712177e+00   8.4712177e+00   8.4712177e+00
   3.4912035e+00   8.4712177e+00   6.8538509e+00   8.4712177e+00   8.4712177e+00   8.4712177e+00   8.4712177e+00
   3.7421907e+00   8.4712177e+00   6.8538509e+00   8.4712177e+00   8.4712177e+00   8.4712177e+00   8.4712177e+00
   4.0112218e+00   8.4712177e+00   6.8538509e+00   8.4712177e+00   8.4712177e+00   8.4712177e+00   8.4712177e+00
   4.2995938e+00   8.4712177e+00   6.8538509e+00   8.4712177e+00   8.4712177e+00   8.4712177e+00   8.4712177e+00
   4.6086973e+00   8.4712177e+00   6.8538509e+00   8.4712177e+00   8.4712177e+00   8.4712177e+00   8.4712177e+00
   4.9400226e+00   8.4712177e+00   6.8538509e+00   8.4712177e+00   8.4712177e+00   8.4712177e+00   8.4712177e+00
   5.2951673e+00   8.4712177e+00   6.8538509e+00   8.4712177e+00   8.4712177e+00   8.4712177e+00   8.4712177e+00
   5.6758439e+00   8.4712177e+00   6.8538509e+00   8.4712177e+00   8.4712177e+00   8.4712177e+00   8.4712177e+00
   6.0838878e+00   8.4712177e+00   6.8538509e+00   8.4712177e+00   8.4712177e+00   8.4712177e+00   8.4712177e+00
   6.5212665e+00   8.4712177e+00   6.8538509e+00   8.4712177e+00   8.4712177e+00   8.4712177e+00   8.4712177e+00
   6.9900890e+00   8.4712177e+00   6.8538509e+00   8.4712177e+00   8.4712177e+00   8.4712177e+00   8.4712177e+00
   7.4926157e+00   8.4712177e+00   6.8538509e+00   8.4712177e+00   8.4712177e+00   8.4712177e+00   8.4712177e+00
   8.0312697e+00   8.4712177e+00   6.8538509e+00   8.4712177e+00   8.4712177e+00   8.4712177e+00   8.4712177e+00
   8.6086483e+00   8.4712177e+00   6.8538509e+00   8.4712177e+00   8.4712177e+00   8.4712177e+00   8.4712177e+00
   9.2275354e+00   8.4712177e+00   6.8538509e+00   8.4712177e+00   8.4712177e+00   8.4712177e+00   8.4712177e+00
   9.8909151e+00   8.4712177e+00   6.8538509e+00   8.4712177e+00   8.4712177e+00   8.4712177e+00   8.4712177e+00
   1.0601986e+01   8.4712177e+00   6.8538509e+00   8.4712177e+00   8.4712177e+00   8.4712177e+00   8.4712177e+00
   1.1364177e+01   8.4712177e+00   6.8538509e+00   8.4712177e+00   8.4712177e+00   8.4712177e+00   8.4712177e+00
   1.2181162e+01   8.4712177e+00   6.8538509e+00   8.4712177e+00   8.4712177e+00   8.4712177e+00   8.4712177e+00
   1.3056882e+01   8.4712177e+00   6.8538509e+00   8.4712177e+00   8.4712177e+00   8.4712177e+00   8.4712177e+00
   1.3995559e+01   8.4712177e+00   6.8538509e+00   8.4712177e+00   8.4712177e+00   8.4712177e+00   8.4712177e+00
   1.5001718e+01   8.4712177e+00   6.8538509e+00   8.4712177e+00   8.4712177e+00   8.4712177e+00   8.4712177e+00
   1.6080211e+01   8.4717956e+00   6.8548320e+00   8.4716900e+00   8.4715724e+00   8.4730790e+00   8.4712177e+00
   1.7236239e+01   8.5800148e+00   7.0266752e+00   8.5617363e+00   8.5405661e+00   8.7553746e+00   8.4712177e+00
   1.8475375e+01   8.8051489e+00   7.3610918e+00   8.7530849e+00   8.6906879e+00   9.2157684e+00   8.4712177e+00
   1.9803594e+01   9.0851866e+00   7.7528009e+00   8.9963212e+00   8.8861446e+00   9.6698563e+00   8.4712177e+00
   2.1227300e+01   9.3910408e+00   8.1581071e+00   9.2675804e+00   9.1091898e+00   1.0081683e+01   8.4712177e+00
   2.2753359e+01   9.7111213e+00   8.5637246e+00   9.5568483e+00   9.3521032e+00   1.0462663e+01   8.4712177e+00
   2.4389128e+01   1.0039713e+01   8.9658283e+00   9.8587761e+00   9.6105429e+00   1.0825766e+01   8.4712177e+00
   2.6142495e+01   1.0374268e+01   9.3650674e+00   1.0170563e+01   9.8820134e+00   1.1181040e+01   8.4712177e+00
   2.8021913e+01   1.0713979e+01   9.7639135e+00   1.0490863e+01   1.0165086e+01   1.1535399e+01   8.4712177e+00
   3.0036445e+01   1.1058839e+01   1.0165030e+01   1.0819059e+01   1.0458887e+01   1.1893025e+01   8.4712177e+00
   3.2195805e+01   1.1409255e+01   1.0570810e+01   1.1154969e+01   1.0762894e+01   1.2256508e+01   8.5703203e+00
   3.4510404e+01   1.1765738e+01   1.0983074e+01   1.1498589e+01   1.1076753e+01   1.2627325e+01   8.7910226e+00
   3.6991402e+01   1.2128871e+01   1.1403242e+01   1.1850061e+01   1.1400256e+01   1.3006485e+01   9.0690724e+00
   3.9650763e+01   1.2499173e+01   1.1832276e+01   1.2209551e+01   1.1733250e+01   1.3394556e+01   9.3738919e+00
   4.2501309e+01   1.2877115e+01   1.2270835e+01   1.2577246e+01   1.2075632e+01   1.3791951e+01   9.6934067e+00
   4.5556784e+01   1.3263153e+01   1.2719435e+01   1.2953369e+01   1.2427353e+01   1.4199100e+01   1.0021641e+01
   4.8831921e+01   1.3657644e+01   1.3178335e+01   1.3338101e+01   1.2788361e+01   1.4616183e+01   1.0355910e+01
   5.2342512e+01   1.4061075e+01   1.3648027e+01   1.3731750e+01   1.3158707e+01   1.5043964e+01   1.0695343e+01
   5.6105484e+01   1.4473860e+01   1.4128820e+01   1.4134590e+01   1.3538442e+01   1.5482844e+01   1.1039907e+01
   6.0138982e+01   1.4896452e+01   1.4621089e+01   1.4546942e+01   1.3927658e+01   1.5933431e+01   1.1390004e+01
   6.4462452e+01   1.5329282e+01   1.5125150e+01   1.4969123e+01   1.4326455e+01   1.6396202e+01   1.1746134e+01
   6.9096743e+01   1.5772838e+01   1.5641454e+01   1.5401495e+01   1.4734963e+01   1.6872035e+01   1.2108884e+01
   7.4064199e+01   1.6227768e+01   1.6170738e+01   1.5844548e+01   1.5153397e+01   1.7362083e+01   1.2478777e+01
   7.9388772e+01   1.6694503e+01   1.6713298e+01   1.6298607e+01   1.5581859e+01   1.7866760e+01   1.2856283e+01
   8.5096136e+01   1.7173663e+01   1.7269838e+01   1.6764130e+01   1.6020520e+01   1.8387246e+01   1.3241865e+01
   9.1213809e+01   1.7665793e+01   1.7840936e+01   1.7241503e+01   1.6469475e+01   1.8924486e+01   1.3635877e+01
   9.7771290e+01   1.8171432e+01   1.8427224e+01   1.7731085e+01   1.6928757e+01   1.9479568e+01   1.4038805e+01
   1.0480020e+02   1.8691080e+01   1.9029346e+01   1.8233161e+01   1.7398293e+01   2.0053632e+01   1.4451066e+01
   1.1233442e+02   1.9225054e+01   1.9647754e+01   1.8747826e+01   1.7877794e+01   2.0647620e+01   1.4873130e+01
   1.2041029e+02   1.9773682e+01   2.0283191e+01   1.9275090e+01   1.8366783e+01   2.1263214e+01   1.5305426e+01
   1.2906675e+02   2.0336966e+01   2.0936088e+01   1.9814599e+01   1.8864375e+01   2.1901589e+01   1.5748389e+01
   1.3834553e+02   2.0914384e+01   2.1606430e+01   2.0365431e+01   1.9369069e+01   2.2563623e+01   1.6202685e+01
   1.4829137e+02   2.1504961e+01   2.2294282e+01   2.0926042e+01   1.9878582e+01   2.3251112e+01   1.6668753e+01
   1.5895223e+02   2.2106481e+01   2.2998657e+01   2.1493571e+01   2.0389276e+01   2.3964819e+01   1.7147216e+01
   1.7037951e+02   2.2714985e+01   2.3717625e+01   2.2063210e+01   2.0895474e+01   2.4705975e+01   1.7638620e+01
   1.8262832e+02   2.3323109e+01   2.4446575e+01   2.2626647e+01   2.1388132e+01   2.5474244e+01   1.8143495e+01
   1.9575771e+02   2.3916883e+01   2.5174959e+01   2.3169124e+01   2.1852474e+01   2.6265650e+01   1.8662365e+01
   2.0983099e+02   2.4468782e+01   2.5878822e+01   2.3663318e+01   2.2263352e+01   2.7068263e+01   1.9195543e+01
   2.2491602e+02   2.4919082e+01   2.6494808e+01   2.4054413e+01   2.2575287e+01   2.7838227e+01   1.9743362e+01
   2.4108553e+02   2.5118665e+01   2.6802010e+01   2.4220446e+01   2.2700716e+01   2.8301047e+01   2.0305850e+01
   2.5841749e+02   2.5118665e+01   2.6802010e+01   2.4220446e+01   2.2700716e+01   2.8301047e+01   2.0882512e+01
   2.7699546e+02   2.5118665e+01   2.6802010e+01   2.4220446e+01   2.2700716e+01   2.8301047e+01   2.1472411e+01
   2.9690903e+02   2.5118665e+01   2.6802010e+01   2.4220446e+01   2.2700716e+01   2.8301047e+01   2.2073438e+01
   3.1825421e+02   2.5118665e+01   2.6802010e+01   2.4220446e+01   2.2700716e+01   2.8301047e+01   2.2681728e+01
   3.4113393e+02   2.5118665e+01   2.6802010e+01   2.4220446e+01   2.2700716e+01   2.8301047e+01   2.3290151e+01
   3.6565850e+02   2.5118665e+01   2.6802010e+01   2.4220446e+01   2.2700716e+01   2.8301047e+01   2.3885231e+01
   3.9194617e+02   2.5118665e+01   2.6802010e+01   2.4220446e+01   2.2700716e+01   2.8301047e+01   2.4440502e+01
   4.2012369e+02   2.5118665e+01   2.6802010e+01   2.4220446e+01   2.2700716e+01   2.8301047e+01   2.4898903e+01
   4.5032694e+02   2.5118665e+01   2.6802010e+01   2.4220446e+01   2.2700716e+01   2.8301047e+01   2.5118665e+01
   4.8270154e+02   2.5118665e+01   2.6802010e+01   2.4220446e+01   2.2700716e+01   2.8301047e+01   2.5118665e+01
   5.1740359e+02   2.5118665e+01   2.6802010e+01   2.4220446e+01   2.2700716e+01   2.8301047e+01   2.5118665e+01
   5.5460042e+02   2.5118665e+01   2.6802010e+01   2.4220446e+01   2.2700716e+01   2.8301047e+01   2.5118665e+01
   5.9447137e+02   2.5118665e+01   2.6802010e+01   2.4220446e+01   2.2700716e+01   2.8301047e+01   2.5118665e+01
   6.3720870e+02   2.5118665e+01   2.6802010e+01   2.4220446e+01   2.2700716e+01   2.8301047e+01   2.5118665e+01
   6.8301848e+02   2.5118665e+01   2.6802010e+01   2.4220446e+01   2.2700716e+01   2.8301047e+01   2.5118665e+01
   7.3212158e+02   2.5118665e+01   2.6802010e+01   2.4220446e+01   2.2700716e+01   2.8301047e+01   2.5118665e+01
   7.8475476e+02   2.5118665e+01   2.6802010e+01   2.4220446e+01   2.2700716e+01   2.8301047e+01   2.5118665e+01
   8.4117182e+02   2.5118665e+01   2.6802010e+01   2.4220446e+01   2.2700716e+01   2.8301047e+01   2.5118665e+01
   9.0164477e+02   2.5118665e+01   2.6802010e+01   2.4220446e+01   2.2700716e+01   2.8301047e+01   2.5118665e+01
   9.6646520e+02   2.5118665e+01   2.6802010e+01   2.4220446e+01   2.2700716e+01   2.8301047e+01   2.5118665e+01
