S870 karim steep flat veryflat verysteep break15
   1.0359457e-03   1.3592276e+00   1.2696075e+00   1.3592276e+00   1.3592276e+00   1.3592276e+00   1.3592276e+00
   1.1104212e-03   1.3592276e+00   1.2696075e+00   1.3592276e+00   1.3592276e+00   1.3592276e+00   1.3592276e+00
   1.1902508e-03   1.3592276e+00   1.2696075e+00   1.3592276e+00   1.3592276e+00   1.3592276e+00   1.3592276e+00
   1.2758195e-03   1.3592276e+00   1.2696075e+00   1.3592276e+00   1.3592276e+00   1.3592276e+00   1.3592276e+00
   1.3675398e-03   1.3592276e+00   1.2696075e+00   1.3592276e+00   1.3592276e+00   1.3592276e+00   1.3592276e+00
   1.4658541e-03   1.3592276e+00   1.2696075e+00   1.3592276e+00   1.3592276e+00   1.3592276e+00   1.3592276e+00
   1.5712363e-03   1.3592276e+00   1.2696075e+00   1.3592276e+00   1.3592276e+00   1.3592276e+00   1.3592276e+00
   1.6841945e-03   1.3592276e+00   1.2696075e+00   1.3592276e+00   1.3592276e+00   1.3592276e+00   1.3592276e+00
   1.8052735e-03   1.3592276e+00   1.2696075e+00   1.3592276e+00   1.3592276e+00   1.3592276e+00   1.3592276e+00
   1.9350570e-03   1.3592276e+00   1.2696075e+00   1.3592276e+00   1.3592276e+00   1.3592276e+00   1.3592276e+00
   2.0741708e-03   1.3592276e+00   1.2696075e+00   1.3592276e+00   1.3592276e+00   1.3592276e+00   1.3592276e+00
   2.2232857e-03   1.3592276e+00   1.2696075e+00   1.3592276e+00   1.3592276e+00   1.3592276e+00   1.3592276e+00
   2.3831206e-03   1.3592276e+00   1.2696075e+00   1.3592276e+00   1.3592276e+00   1.3592276e+00   1.3592276e+00
   2.5544463e-03   1.3592276e+00   1.2696075e+00   1.3592276e+00   1.3592276e+00   1.3592276e+00   1.3592276e+00
   2.7380888e-03   1.3592276e+00   1.2696075e+00   1.3592276e+00   1.3592276e+00   1.3592276e+00   1.3592276e+00
   2.9349336e-03   1.3592276e+00   1.2696075e+00   1.3592276e+00   1.3592276e+00   1.3592276e+00   1.3592276e+00
   3.1459299e-03   1.3592276e+00   1.2696075e+00   1.3592276e+00   1.3592276e+00   1.3592276e+00   1.3592276e+00
   3.3720949e-03   1.3592276e+00   1.2696075e+00   1.3592276e+00   1.3592276e+00   1.3592276e+00   1.3592276e+00
   3.6145193e-03   1.3592276e+00   1.2696075e+00   1.3592276e+00   1.3592276e+00   1.3592276e+00   1.3592276e+00
   3.8743718e-03   1.3592276e+00   1.2696075e+00   1.3592276e+00   1.3592276e+00   1.3592276e+00   1.3592276e+00
   4.1529055e-03   1.3592276e+00   1.2696075e+00   1.3592276e+00   1.3592276e+00   1.3592276e+00   1.3592276e+00
   4.4514634e-03   1.3592276e+00   1.2696075e+00   1.3592276e+00   1.3592276e+00   1.3592276e+00   1.3592276e+00
   4.7714849e-03   1.3592276e+00   1.2696075e+00   1.3592276e+00   1.3592276e+00   1.3592276e+00   1.3592276e+00
   5.1145133e-03   1.3592276e+00   1.2696075e+00   1.3592276e+00   1.3592276e+00   1.3592276e+00   1.3592276e+00
   5.4822024e-03   1.3592276e+00   1.2696075e+00   1.3592276e+00   1.3592276e+00   1.3592276e+00   1.3592276e+00
   5.8763252e-03   1.3592276e+00   1.2696075e+00   1.3592276e+00   1.3592276e+00   1.3592276e+00   1.3592276e+00
   6.2987819e-03   1.3592276e+00   1.2696075e+00   1.3592276e+00   1.3592276e+00   1.3592276e+00   1.3592276e+00
   6.7516097e-03   1.3592276e+00   1.2696075e+00   1.3592276e+00   1.3592276e+00   1.3592276e+00   1.3592276e+00
   7.2369918e-03   1.3592276e+00   1.2696075e+00   1.3592276e+00   1.3592276e+00   1.3592276e+00   1.3592276e+00
   7.7572687e-03   1.3592276e+00   1.2696075e+00   1.3592276e+00   1.3592276e+00   1.3592276e+00   1.3592276e+00
   8.3149490e-03   1.3592276e+00   1.2696075e+00   1.3592276e+00   1.3592276e+00   1.3592276e+00   1.3592276e+00
   8.9127216e-03   1.3592276e+00   1.2696075e+00   1.3592276e+00   1.3592276e+00   1.3592276e+00   1.3592276e+00
   9.5534689e-03   1.3592276e+00   1.2696075e+00   1.3592276e+00   1.3592276e+00   1.3592276e+00   1.3592276e+00
   1.0240280e-02   1.3592276e+00   1.2696075e+00   1.3592276e+00   1.3592276e+00   1.3592276e+00   1.3592276e+00
   1.0976468e-02   1.3592276e+00   1.2696075e+00   1.3592276e+00   1.3592276e+00   1.3592276e+00   1.3592276e+00
   1.1765580e-02   1.3592276e+00   1.2696075e+00   1.3592276e+00   1.3592276e+00   1.3592276e+00   1.3592276e+00
   1.2611424e-02   1.3592276e+00   1.2696075e+00   1.3592276e+00   1.3592276e+00   1.3592276e+00   1.3592276e+00
   1.3518075e-02   1.3592276e+00   1.2696075e+00   1.3592276e+00   1.3592276e+00   1.3592276e+00   1.3592276e+00
   1.4489908e-02   1.3592276e+00   1.2696075e+00   1.3592276e+00   1.3592276e+00   1.3592276e+00   1.3592276e+00
   1.5531606e-02   1.3592276e+00   1.2696075e+00   1.3592276e+00   1.3592276e+00   1.3592276e+00   1.3592276e+00
   1.6648194e-02   1.3592276e+00   1.2696075e+00   1.3592276e+00   1.3592276e+00   1.3592276e+00   1.3592276e+00
   1.7845055e-02   1.3592276e+00   1.2696075e+00   1.3592276e+00   1.3592276e+00   1.3592276e+00   1.3592276e+00
   1.9127959e-02   1.3592276e+00   1.2696075e+00   1.3592276e+00   1.3592276e+00   1.3592276e+00   1.3592276e+00
   2.0503093e-02   1.3592276e+00   1.2696075e+00   1.3592276e+00   1.3592276e+00   1.3592276e+00   1.3592276e+00
   2.1977088e-02   1.3592276e+00   1.2696075e+00   1.3592276e+00   1.3592276e+00   1.3592276e+00   1.3592276e+00
   2.3557050e-02   1.3592276e+00   1.2696075e+00   1.3592276e+00   1.3592276e+00   1.3592276e+00   1.3592276e+00
   2.5250597e-02   1.3592276e+00   1.2696075e+00   1.3592276e+00   1.3592276e+00   1.3592276e+00   1.3592276e+00
   2.7065896e-02   1.3592276e+00   1.2696075e+00   1.3592276e+00   1.3592276e+00   1.3592276e+00   1.3592276e+00
   2.9011699e-02   1.3592276e+00   1.2696075e+00   1.3592276e+00   1.3592276e+00   1.3592276e+00   1.3592276e+00
   3.1097388e-02   1.3592276e+00   1.2696075e+00   1.3592276e+00   1.3592276e+00   1.3592276e+00   1.3592276e+00
   3.3333020e-02   1.3592276e+00   1.2696075e+00   1.3592276e+00   1.3592276e+00   1.3592276e+00   1.3592276e+00
   3.5729375e-02   1.3592276e+00   1.2696075e+00   1.3592276e+00   1.3592276e+00   1.3592276e+00   1.3592276e+00
   3.8298007e-02   1.3592276e+00   1.2696075e+00   1.3592276e+00   1.3592276e+00   1.3592276e+00   1.3592276e+00
   4.1051301e-02   1.3592276e+00   1.2696075e+00   1.3592276e+00   1.3592276e+00   1.3592276e+00   1.3592276e+00
   4.4002533e-02   1.3592276e+00   1.2696075e+00   1.3592276e+00   1.3592276e+00   1.3592276e+00   1.3592276e+00
   4.7165933e-02   1.3592276e+00   1.2696075e+00   1.3592276e+00   1.3592276e+00   1.3592276e+00   1.3592276e+00
   5.0556754e-02   1.3592276e+00   1.2696075e+00   1.3592276e+00   1.3592276e+00   1.3592276e+00   1.3592276e+00
   5.4191346e-02   1.3592276e+00   1.2696075e+00   1.3592276e+00   1.3592276e+00   1.3592276e+00   1.3592276e+00
   5.8087234e-02   1.3592276e+00   1.2696075e+00   1.3592276e+00   1.3592276e+00   1.3592276e+00   1.3592276e+00
   6.2263201e-02   1.3592276e+00   1.2696075e+00   1.3592276e+00   1.3592276e+00   1.3592276e+00   1.3592276e+00
   6.6739385e-02   1.3592276e+00   1.2696075e+00   1.3592276e+00   1.3592276e+00   1.3592276e+00   1.3592276e+00
   7.1537368e-02   1.3592276e+00   1.2696075e+00   1.3592276e+00   1.3592276e+00   1.3592276e+00   1.3592276e+00
   7.6680283e-02   1.3592276e+00   1.2696075e+00   1.3592276e+00   1.3592276e+00   1.3592276e+00   1.3592276e+00
   8.2192930e-02   1.3592276e+00   1.2696075e+00   1.3592276e+00   1.3592276e+00   1.3592276e+00   1.3592276e+00
   8.8101888e-02   1.3592276e+00   1.2696075e+00   1.3592276e+00   1.3592276e+00   1.3592276e+00   1.3592276e+00
   9.4435649e-02   1.3592276e+00   1.2696075e+00   1.3592276e+00   1.3592276e+00   1.3592276e+00   1.3592276e+00
   1.0122475e-01   1.3592276e+00   1.2696075e+00   1.3592276e+00   1.3592276e+00   1.3592276e+00   1.3592276e+00
   1.0850193e-01   1.3592276e+00   1.2696075e+00   1.3592276e+00   1.3592276e+00   1.3592276e+00   1.3592276e+00
   1.1630228e-01   1.3592276e+00   1.2696075e+00   1.3592276e+00   1.3592276e+00   1.3592276e+00   1.3592276e+00
   1.2466341e-01   1.3592276e+00   1.2696075e+00   1.3592276e+00   1.3592276e+00   1.3592276e+00   1.3592276e+00
   1.3362562e-01   1.3592276e+00   1.2696075e+00   1.3592276e+00   1.3592276e+00   1.3592276e+00   1.3592276e+00
   1.4323214e-01   1.3592276e+00   1.2696075e+00   1.3592276e+00   1.3592276e+00   1.3592276e+00   1.3592276e+00
   1.5352929e-01   1.3592276e+00   1.2696075e+00   1.3592276e+00   1.3592276e+00   1.3592276e+00   1.3592276e+00
   1.6456672e-01   1.3592276e+00   1.2696075e+00   1.3592276e+00   1.3592276e+00   1.3592276e+00   1.3592276e+00
   1.7639763e-01   1.3592276e+00   1.2696075e+00   1.3592276e+00   1.3592276e+00   1.3592276e+00   1.3592276e+00
   1.8907909e-01   1.3592276e+00   1.2696075e+00   1.3592276e+00   1.3592276e+00   1.3592276e+00   1.3592276e+00
   2.0267224e-01   1.3592276e+00   1.2696075e+00   1.3592276e+00   1.3592276e+00   1.3592276e+00   1.3592276e+00
   2.1724261e-01   1.3592276e+00   1.2696075e+00   1.3592276e+00   1.3592276e+00   1.3592276e+00   1.3592276e+00
   2.3286047e-01   1.3592276e+00   1.2696075e+00   1.3592276e+00   1.3592276e+00   1.3592276e+00   1.3592276e+00
   2.4960112e-01   1.3592276e+00   1.2696075e+00   1.3592276e+00   1.3592276e+00   1.3592276e+00   1.3592276e+00
   2.6754527e-01   1.3592276e+00   1.2696075e+00   1.3592276e+00   1.3592276e+00   1.3592276e+00   1.3592276e+00
   2.8677945e-01   1.3592276e+00   1.2696075e+00   1.3592276e+00   1.3592276e+00   1.3592276e+00   1.3592276e+00
   3.0739641e-01   1.3592276e+00   1.2696075e+00   1.3592276e+00   1.3592276e+00   1.3592276e+00   1.3592276e+00
   3.2949554e-01   1.3592276e+00   1.2696075e+00   1.3592276e+00   1.3592276e+00   1.3592276e+00   1.3592276e+00
   3.5318341e-01   1.3592276e+00   1.2696075e+00   1.3592276e+00   1.3592276e+00   1.3592276e+00   1.3592276e+00
   3.7857423e-01   1.3592276e+00   1.2696075e+00   1.3592276e+00   1.3592276e+00   1.3592276e+00   1.3592276e+00
   4.0579043e-01   1.3592276e+00   1.2696075e+00   1.3592276e+00   1.3592276e+00   1.3592276e+00   1.3592276e+00
   4.3496324e-01   1.3592276e+00   1.2696075e+00   1.3592276e+00   1.3592276e+00   1.3592276e+00   1.3592276e+00
   4.6623332e-01   1.3592276e+00   1.2696075e+00   1.3592276e+00   1.3592276e+00   1.3592276e+00   1.3592276e+00
   4.9975145e-01   1.3592276e+00   1.2696075e+00   1.3592276e+00   1.3592276e+00   1.3592276e+00   1.3592276e+00
   5.3567924e-01   1.3592276e+00   1.2696075e+00   1.3592276e+00   1.3592276e+00   1.3592276e+00   1.3592276e+00
   5.7418993e-01   1.3592276e+00   1.2696075e+00   1.3592276e+00   1.3592276e+00   1.3592276e+00   1.3592276e+00
   6.1546920e-01   1.3592276e+00   1.2696075e+00   1.3592276e+00   1.3592276e+00   1.3592276e+00   1.3592276e+00
   6.5971609e-01   1.3592276e+00   1.2696075e+00   1.3592276e+00   1.3592276e+00   1.3592276e+00   1.3592276e+00
   7.0714395e-01   1.3592276e+00   1.2696075e+00   1.3592276e+00   1.3592276e+00   1.3592276e+00   1.3592276e+00
   7.5798146e-01   1.3592276e+00   1.2696075e+00   1.3592276e+00   1.3592276e+00   1.3592276e+00   1.3592276e+00
   8.1247375e-01   1.3592276e+00   1.2696075e+00   1.3592276e+00   1.3592276e+00   1.3592276e+00   1.3592276e+00
   8.7088356e-01   1.3592276e+00   1.2696075e+00   1.3592276e+00   1.3592276e+00   1.3592276e+00   1.3592276e+00
   9.3349252e-01   1.3592276e+00   1.2696075e+00   1.3592276e+00   1.3592276e+00   1.3592276e+00   1.3592276e+00
   1.0006025e+00   1.3592276e+00   1.2696075e+00   1.3592276e+00   1.3592276e+00   1.3592276e+00   1.3592276e+00
   1.0725372e+00   1.3592276e+00   1.2696075e+00   1.3592276e+00   1.3592276e+00   1.3592276e+00   1.3592276e+00
   1.1496433e+00   1.3592276e+00   1.2696075e+00   1.3592276e+00   1.3592276e+00   1.3592276e+00   1.3592276e+00
   1.2322927e+00   1.3592276e+00   1.2696075e+00   1.3592276e+00   1.3592276e+00   1.3592276e+00   1.3592276e+00
   1.3208838e+00   1.3592276e+00   1.2696075e+00   1.3592276e+00   1.3592276e+00   1.3592276e+00   1.3592276e+00
   1.4158439e+00   1.3592276e+00   1.2696075e+00   1.3592276e+00   1.3592276e+00   1.3592276e+00   1.3592276e+00
   1.5176308e+00   1.3592276e+00   1.2696075e+00   1.3592276e+00   1.3592276e+00   1.3592276e+00   1.3592276e+00
   1.6267352e+00   1.3592276e+00   1.2696075e+00   1.3592276e+00   1.3592276e+00   1.3592276e+00   1.3592276e+00
   1.7436834e+00   1.3592276e+00   1.2696075e+00   1.3592276e+00   1.3592276e+00   1.3592276e+00   1.3592276e+00
   1.8690391e+00   1.3592276e+00   1.2696075e+00   1.3592276e+00   1.3592276e+00   1.3592276e+00   1.3592276e+00
   2.0034068e+00   1.3592276e+00   1.2696075e+00   1.3592276e+00   1.3592276e+00   1.3592276e+00   1.3592276e+00
   2.1474343e+00   1.3592276e+00   1.2696075e+00   1.3592276e+00   1.3592276e+00   1.3592276e+00   1.3592276e+00
   2.3018162e+00   1.3592276e+00   1.2696075e+00   1.3592276e+00   1.3592276e+00   1.3592276e+00   1.3592276e+00
   2.4672968e+00   1.3592276e+00   1.2696075e+00   1.3592276e+00   1.3592276e+00   1.3592276e+00   1.3592276e+00
   2.6446740e+00   1.3592276e+00   1.2696075e+00   1.3592276e+00   1.3592276e+00   1.3592276e+00   1.3592276e+00
   2.8348031e+00   1.3592276e+00   1.2696075e+00   1.3592276e+00   1.3592276e+00   1.3592276e+00   1.3592276e+00
   3.0386009e+00   1.3592276e+00   1.2696075e+00   1.3592276e+00   1.3592276e+00   1.3592276e+00   1.3592276e+00
   3.2570499e+00   1.3592276e+00   1.2696075e+00   1.3592276e+00   1.3592276e+00   1.3592276e+00   1.3592276e+00
   3.4912035e+00   1.3592276e+00   1.2696075e+00   1.3592276e+00   1.3592276e+00   1.3592276e+00   1.3592276e+00
   3.7421907e+00   1.3592276e+00   1.2696075e+00   1.3592276e+00   1.3592276e+00   1.3592276e+00   1.3592276e+00
   4.0112218e+00   1.3592276e+00   1.2696075e+00   1.3592276e+00   1.3592276e+00   1.3592276e+00   1.3592276e+00
   4.2995938e+00   1.3592276e+00   1.2696075e+00   1.3592276e+00   1.3592276e+00   1.3592276e+00   1.3592276e+00
   4.6086973e+00   1.3592276e+00   1.2696075e+00   1.3592276e+00   1.3592276e+00   1.3592276e+00   1.3592276e+00
   4.9400226e+00   1.3592276e+00   1.2696075e+00   1.3592276e+00   1.3592276e+00   1.3592276e+00   1.3592276e+00
   5.2951673e+00   1.3592276e+00   1.2696075e+00   1.3592276e+00   1.3592276e+00   1.3592276e+00   1.3592276e+00
   5.6758439e+00   1.3592276e+00   1.2696075e+00   1.3592276e+00   1.3592276e+00   1.3592276e+00   1.3592276e+00
   6.0838878e+00   1.3592276e+00   1.2696075e+00   1.3592276e+00   1.3592276e+00   1.3592276e+00   1.3592276e+00
   6.5212665e+00   1.3592276e+00   1.2696075e+00   1.3592276e+00   1.3592276e+00   1.3592276e+00   1.3592276e+00
   6.9900890e+00   1.3592276e+00   1.2696075e+00   1.3592276e+00   1.3592276e+00   1.3592276e+00   1.3592276e+00
   7.4926157e+00   1.3592276e+00   1.2696075e+00   1.3592276e+00   1.3592276e+00   1.3592276e+00   1.3592276e+00
   8.0312697e+00   1.3592276e+00   1.2696075e+00   1.3592276e+00   1.3592276e+00   1.3592276e+00   1.3592276e+00
   8.6086483e+00   1.3592276e+00   1.2696075e+00   1.3592276e+00   1.3592276e+00   1.3592276e+00   1.3592276e+00
   9.2275354e+00   1.3770230e+00   1.2890402e+00   1.3737980e+00   1.3701903e+00   1.4147218e+00   1.3592276e+00
   9.8909151e+00   1.4346222e+00   1.3524558e+00   1.4201513e+00   1.4043631e+00   1.6197230e+00   1.3592276e+00
   1.0601986e+01   1.5167642e+00   1.4497220e+00   1.4839324e+00   1.4494227e+00   1.9893513e+00   1.3592276e+00
   1.1364177e+01   1.6254469e+00   1.5921833e+00   1.5649064e+00   1.5038376e+00   2.5798195e+00   1.3592276e+00
   1.2181162e+01   1.7673359e+00   1.7996124e+00   1.6662908e+00   1.5685240e+00   3.4179538e+00   1.3592276e+00
   1.3056882e+01   1.9516177e+00   2.0982042e+00   1.7928310e+00   1.6452264e+00   4.4613564e+00   1.3592276e+00
   1.3995559e+01   2.1894400e+00   2.5175059e+00   1.9504073e+00   1.7361721e+00   5.6042107e+00   1.3592276e+00
   1.5001718e+01   2.4932946e+00   3.0828508e+00   2.1458648e+00   1.8439799e+00   6.7269121e+00   1.3592276e+00
   1.6080211e+01   2.8758307e+00   3.8025977e+00   2.3867737e+00   1.9716235e+00   7.7423813e+00   1.3592276e+00
   1.7236239e+01   3.3478212e+00   4.6546452e+00   2.6809821e+00   2.1223922e+00   8.6094194e+00   1.3747372e+00
   1.8475375e+01   3.9152624e+00   5.5824874e+00   3.0358720e+00   2.2998223e+00   9.3225552e+00   1.4308319e+00
   1.9803594e+01   4.5760097e+00   6.5085832e+00   3.4572663e+00   2.5075808e+00   9.8954213e+00   1.5116473e+00
   2.1227300e+01   5.3176042e+00   7.3640512e+00   3.9482020e+00   2.7492952e+00   1.0359477e+01   1.6187367e+00
   2.2753359e+01   6.1186061e+00   8.1172778e+00   4.5081286e+00   3.0283843e+00   1.0760184e+01   1.7585971e+00
   2.4389128e+01   6.9514988e+00   8.7687670e+00   5.1322170e+00   3.3478667e+00   1.1127389e+01   1.9402948e+00
   2.6142495e+01   7.7874701e+00   9.3365570e+00   5.8112773e+00   3.7101278e+00   1.1478710e+01   2.1748828e+00
   2.8021913e+01   8.6013771e+00   9.8436084e+00   6.5324603e+00   4.1166824e+00   1.1824562e+01   2.4748036e+00
   3.0036445e+01   9.3751546e+00   1.0310792e+01   7.2806499e+00   4.5679612e+00   1.2171202e+01   2.8527416e+00
   3.2195805e+01   1.0098901e+01   1.0754384e+01   8.0402388e+00   5.0631523e+00   1.2522302e+01   3.3196399e+00
   3.4510404e+01   1.0770018e+01   1.1186099e+01   8.7968781e+00   5.6001282e+00   1.2880106e+01   3.8818410e+00
   3.6991402e+01   1.1391282e+01   1.1613978e+01   9.5388209e+00   6.1754807e+00   1.3245992e+01   4.5377267e+00
   3.9650763e+01   1.1968702e+01   1.2043346e+01   1.0257640e+01   6.7846687e+00   1.3620813e+01   5.2753910e+00
   4.2501309e+01   1.2509762e+01   1.2477695e+01   1.0948338e+01   7.4222736e+00   1.4005177e+01   6.0738295e+00
   4.5556784e+01   1.3022233e+01   1.2919397e+01   1.1609015e+01   8.0823376e+00   1.4399686e+01   6.9057449e+00
   4.8831921e+01   1.3513333e+01   1.3369899e+01   1.2240178e+01   8.7587233e+00   1.4804628e+01   7.7422532e+00
   5.2342512e+01   1.3989512e+01   1.3830327e+01   1.2844111e+01   9.4454898e+00   1.5220608e+01   8.5579034e+00
   5.6105484e+01   1.4456235e+01   1.4301418e+01   1.3424163e+01   1.0137196e+01   1.5648040e+01   9.3341965e+00
   6.0138982e+01   1.4918130e+01   1.4783881e+01   1.3984281e+01   1.0829153e+01   1.6087622e+01   1.0060795e+01
   6.4462452e+01   1.5378955e+01   1.5278199e+01   1.4528537e+01   1.1517552e+01   1.6539860e+01   1.0734747e+01
   6.9096743e+01   1.5841938e+01   1.5785104e+01   1.5061009e+01   1.2199557e+01   1.7005763e+01   1.1358592e+01
   7.4064199e+01   1.6309610e+01   1.6305020e+01   1.5585420e+01   1.2873226e+01   1.7485904e+01   1.1938213e+01
   7.9388772e+01   1.6784101e+01   1.6838485e+01   1.6105183e+01   1.3537458e+01   1.7981099e+01   1.2481049e+01
   8.5096136e+01   1.7267188e+01   1.7386045e+01   1.6623330e+01   1.4191856e+01   1.8492210e+01   1.2994880e+01
   9.1213809e+01   1.7760441e+01   1.7948439e+01   1.7142567e+01   1.4836601e+01   1.9020457e+01   1.3486966e+01
   9.7771290e+01   1.8265066e+01   1.8526156e+01   1.7665130e+01   1.5472233e+01   1.9566632e+01   1.3963800e+01
   1.0480020e+02   1.8782134e+01   1.9119862e+01   1.8192929e+01   1.6099533e+01   2.0131944e+01   1.4430906e+01
   1.1233442e+02   1.9312423e+01   1.9730062e+01   1.8727431e+01   1.6719311e+01   2.0717438e+01   1.4892984e+01
   1.2041029e+02   1.9856498e+01   2.0357282e+01   1.9269701e+01   1.7332255e+01   2.1324340e+01   1.5353804e+01
   1.2906675e+02   2.0414621e+01   2.1001972e+01   1.9820316e+01   1.7938729e+01   2.1953998e+01   1.5816624e+01
   1.3834553e+02   2.0986636e+01   2.1664452e+01   2.0379237e+01   1.8538525e+01   2.2607892e+01   1.6283975e+01
   1.4829137e+02   2.1571726e+01   2.2344714e+01   2.0945564e+01   1.9130529e+01   2.3287490e+01   1.6758040e+01
   1.5895223e+02   2.2167894e+01   2.3041901e+01   2.1517028e+01   1.9712194e+01   2.3993731e+01   1.7240606e+01
   1.7037951e+02   2.2771178e+01   2.3753640e+01   2.2089215e+01   2.0278761e+01   2.4726649e+01   1.7733267e+01
   1.8262832e+02   2.3374386e+01   2.4475497e+01   2.2654209e+01   2.0821832e+01   2.5486732e+01   1.8237235e+01
   1.9575771e+02   2.3963905e+01   2.5197677e+01   2.3197658e+01   2.1326910e+01   2.6271579e+01   1.8753593e+01
   2.0983099e+02   2.4512433e+01   2.5896804e+01   2.3692427e+01   2.1768516e+01   2.7070232e+01   1.9283137e+01
   2.2491602e+02   2.4960244e+01   2.6509390e+01   2.4083656e+01   2.2100080e+01   2.7837970e+01   1.9826444e+01
   2.4108553e+02   2.5158293e+01   2.6814353e+01   2.4249217e+01   2.2231850e+01   2.8298835e+01   2.0383797e+01
   2.5841749e+02   2.5158293e+01   2.6814353e+01   2.4249217e+01   2.2231850e+01   2.8298835e+01   2.0955062e+01
   2.7699546e+02   2.5158293e+01   2.6814353e+01   2.4249217e+01   2.2231850e+01   2.8298835e+01   2.1539469e+01
   2.9690903e+02   2.5158293e+01   2.6814353e+01   2.4249217e+01   2.2231850e+01   2.8298835e+01   2.2135129e+01
   3.1825421e+02   2.5158293e+01   2.6814353e+01   2.4249217e+01   2.2231850e+01   2.8298835e+01   2.2738196e+01
   3.4113393e+02   2.5158293e+01   2.6814353e+01   2.4249217e+01   2.2231850e+01   2.8298835e+01   2.3341681e+01
   3.6565850e+02   2.5158293e+01   2.6814353e+01   2.4249217e+01   2.2231850e+01   2.8298835e+01   2.3932464e+01
   3.9194617e+02   2.5158293e+01   2.6814353e+01   2.4249217e+01   2.2231850e+01   2.8298835e+01   2.4484316e+01
   4.2012369e+02   2.5158293e+01   2.6814353e+01   2.4249217e+01   2.2231850e+01   2.8298835e+01   2.4940188e+01
   4.5032694e+02   2.5158293e+01   2.6814353e+01   2.4249217e+01   2.2231850e+01   2.8298835e+01   2.5158293e+01
   4.8270154e+02   2.5158293e+01   2.6814353e+01   2.4249217e+01   2.2231850e+01   2.8298835e+01   2.5158293e+01
   5.1740359e+02   2.5158293e+01   2.6814353e+01   2.4249217e+01   2.2231850e+01   2.8298835e+01   2.5158293e+01
   5.5460042e+02   2.5158293e+01   2.6814353e+01   2.4249217e+01   2.2231850e+01   2.8298835e+01   2.5158293e+01
   5.9447137e+02   2.5158293e+01   2.6814353e+01   2.4249217e+01   2.2231850e+01   2.8298835e+01   2.5158293e+01
   6.3720870e+02   2.5158293e+01   2.6814353e+01   2.4249217e+01   2.2231850e+01   2.8298835e+01   2.5158293e+01
   6.8301848e+02   2.5158293e+01   2.6814353e+01   2.4249217e+01   2.2231850e+01   2.8298835e+01   2.5158293e+01
   7.3212158e+02   2.5158293e+01   2.6814353e+01   2.4249217e+01   2.2231850e+01   2.8298835e+01   2.5158293e+01
   7.8475476e+02   2.5158293e+01   2.6814353e+01   2.4249217e+01   2.2231850e+01   2.8298835e+01   2.5158293e+01
   8.4117182e+02   2.5158293e+01   2.6814353e+01   2.4249217e+01   2.2231850e+01   2.8298835e+01   2.5158293e+01
   9.0164477e+02   2.5158293e+01   2.6814353e+01   2.4249217e+01   2.2231850e+01   2.8298835e+01   2.5158293e+01
   9.6646520e+02   2.5158293e+01   2.6814353e+01   2.4249217e+01   2.2231850e+01   2.8298835e+01   2.5158293e+01
