S870 bestfit flat steep
   1.0359457e-03   4.6936691e+00   3.0851492e+00   8.0880713e+00
   1.1104212e-03   4.6936740e+00   3.0851506e+00   8.0880812e+00
   1.1902508e-03   4.6936792e+00   3.0851521e+00   8.0880917e+00
   1.2758195e-03   4.6936848e+00   3.0851537e+00   8.0881031e+00
   1.3675398e-03   4.6936907e+00   3.0851555e+00   8.0881152e+00
   1.4658541e-03   4.6936971e+00   3.0851573e+00   8.0881282e+00
   1.5712363e-03   4.6937040e+00   3.0851593e+00   8.0881421e+00
   1.6841945e-03   4.6937114e+00   3.0851615e+00   8.0881571e+00
   1.8052735e-03   4.6937193e+00   3.0851638e+00   8.0881731e+00
   1.9350570e-03   4.6937277e+00   3.0851662e+00   8.0881903e+00
   2.0741708e-03   4.6937368e+00   3.0851689e+00   8.0882087e+00
   2.2232857e-03   4.6937465e+00   3.0851717e+00   8.0882284e+00
   2.3831206e-03   4.6937569e+00   3.0851747e+00   8.0882495e+00
   2.5544463e-03   4.6937681e+00   3.0851780e+00   8.0882722e+00
   2.7380888e-03   4.6937801e+00   3.0851815e+00   8.0882965e+00
   2.9349336e-03   4.6937929e+00   3.0851852e+00   8.0883225e+00
   3.1459299e-03   4.6938066e+00   3.0851892e+00   8.0883504e+00
   3.3720949e-03   4.6938214e+00   3.0851935e+00   8.0883803e+00
   3.6145193e-03   4.6938372e+00   3.0851981e+00   8.0884124e+00
   3.8743718e-03   4.6938541e+00   3.0852030e+00   8.0884468e+00
   4.1529055e-03   4.6938723e+00   3.0852083e+00   8.0884836e+00
   4.4514634e-03   4.6938917e+00   3.0852140e+00   8.0885231e+00
   4.7714849e-03   4.6939126e+00   3.0852201e+00   8.0885654e+00
   5.1145133e-03   4.6939349e+00   3.0852266e+00   8.0886108e+00
   5.4822024e-03   4.6939589e+00   3.0852336e+00   8.0886594e+00
   5.8763252e-03   4.6939846e+00   3.0852411e+00   8.0887116e+00
   6.2987819e-03   4.6940121e+00   3.0852491e+00   8.0887674e+00
   6.7516097e-03   4.6940416e+00   3.0852577e+00   8.0888273e+00
   7.2369918e-03   4.6940733e+00   3.0852669e+00   8.0888915e+00
   7.7572687e-03   4.6941072e+00   3.0852768e+00   8.0889603e+00
   8.3149490e-03   4.6941435e+00   3.0852874e+00   8.0890341e+00
   8.9127216e-03   4.6941825e+00   3.0852987e+00   8.0891132e+00
   9.5534689e-03   4.6942243e+00   3.0853109e+00   8.0891979e+00
   1.0240280e-02   4.6942690e+00   3.0853239e+00   8.0892888e+00
   1.0976468e-02   4.6943170e+00   3.0853379e+00   8.0893861e+00
   1.1765580e-02   4.6943685e+00   3.0853529e+00   8.0894905e+00
   1.2611424e-02   4.6944236e+00   3.0853689e+00   8.0896024e+00
   1.3518075e-02   4.6944827e+00   3.0853861e+00   8.0897223e+00
   1.4489908e-02   4.6945460e+00   3.0854046e+00   8.0898509e+00
   1.5531606e-02   4.6946140e+00   3.0854244e+00   8.0899887e+00
   1.6648194e-02   4.6946867e+00   3.0854456e+00   8.0901363e+00
   1.7845055e-02   4.6947648e+00   3.0854683e+00   8.0902947e+00
   1.9127959e-02   4.6948484e+00   3.0854927e+00   8.0904644e+00
   2.0503093e-02   4.6949381e+00   3.0855188e+00   8.0906462e+00
   2.1977088e-02   4.6950342e+00   3.0855468e+00   8.0908412e+00
   2.3557050e-02   4.6951372e+00   3.0855768e+00   8.0910502e+00
   2.5250597e-02   4.6952476e+00   3.0856089e+00   8.0912742e+00
   2.7065896e-02   4.6953659e+00   3.0856434e+00   8.0915143e+00
   2.9011699e-02   4.6954928e+00   3.0856804e+00   8.0917717e+00
   3.1097388e-02   4.6956288e+00   3.0857200e+00   8.0920476e+00
   3.3333020e-02   4.6957746e+00   3.0857624e+00   8.0923434e+00
   3.5729375e-02   4.6959309e+00   3.0858080e+00   8.0926603e+00
   3.8298007e-02   4.6960984e+00   3.0858568e+00   8.0930001e+00
   4.1051301e-02   4.6962779e+00   3.0859091e+00   8.0933643e+00
   4.4002533e-02   4.6964704e+00   3.0859651e+00   8.0937548e+00
   4.7165933e-02   4.6966767e+00   3.0860252e+00   8.0941732e+00
   5.0556754e-02   4.6968979e+00   3.0860897e+00   8.0946218e+00
   5.4191346e-02   4.6971350e+00   3.0861587e+00   8.0951026e+00
   5.8087234e-02   4.6973892e+00   3.0862328e+00   8.0956180e+00
   6.2263201e-02   4.6976616e+00   3.0863121e+00   8.0961705e+00
   6.6739385e-02   4.6979537e+00   3.0863972e+00   8.0967626e+00
   7.1537368e-02   4.6982667e+00   3.0864884e+00   8.0973974e+00
   7.6680283e-02   4.6986024e+00   3.0865862e+00   8.0980778e+00
   8.2192930e-02   4.6989621e+00   3.0866910e+00   8.0988071e+00
   8.8101888e-02   4.6993478e+00   3.0868033e+00   8.0995889e+00
   9.4435649e-02   4.6997613e+00   3.0869238e+00   8.1004269e+00
   1.0122475e-01   4.7002045e+00   3.0870529e+00   8.1013252e+00
   1.0850193e-01   4.7006797e+00   3.0871913e+00   8.1022881e+00
   1.1630228e-01   4.7011890e+00   3.0873397e+00   8.1033202e+00
   1.2466341e-01   4.7017351e+00   3.0874988e+00   8.1044266e+00
   1.3362562e-01   4.7023206e+00   3.0876694e+00   8.1056125e+00
   1.4323214e-01   4.7029482e+00   3.0878522e+00   8.1068837e+00
   1.5352929e-01   4.7036211e+00   3.0880482e+00   8.1082464e+00
   1.6456672e-01   4.7043424e+00   3.0882584e+00   8.1097071e+00
   1.7639763e-01   4.7051158e+00   3.0884837e+00   8.1112729e+00
   1.8907909e-01   4.7059450e+00   3.0887253e+00   8.1129513e+00
   2.0267224e-01   4.7068340e+00   3.0889843e+00   8.1147505e+00
   2.1724261e-01   4.7077872e+00   3.0892621e+00   8.1166790e+00
   2.3286047e-01   4.7088091e+00   3.0895598e+00   8.1187464e+00
   2.4960112e-01   4.7099049e+00   3.0898791e+00   8.1209625e+00
   2.6754527e-01   4.7110798e+00   3.0902215e+00   8.1233381e+00
   2.8677945e-01   4.7123395e+00   3.0905885e+00   8.1258846e+00
   3.0739641e-01   4.7136904e+00   3.0909822e+00   8.1286144e+00
   3.2949554e-01   4.7151389e+00   3.0914043e+00   8.1315406e+00
   3.5318341e-01   4.7166921e+00   3.0918570e+00   8.1346774e+00
   3.7857423e-01   4.7183578e+00   3.0923424e+00   8.1380401e+00
   4.0579043e-01   4.7201440e+00   3.0928630e+00   8.1416448e+00
   4.3496324e-01   4.7220597e+00   3.0934213e+00   8.1455091e+00
   4.6623332e-01   4.7241141e+00   3.0940202e+00   8.1496515e+00
   4.9975145e-01   4.7263176e+00   3.0946624e+00   8.1540923e+00
   5.3567924e-01   4.7286809e+00   3.0953514e+00   8.1588528e+00
   5.7418993e-01   4.7312158e+00   3.0960903e+00   8.1639562e+00
   6.1546920e-01   4.7339348e+00   3.0968831e+00   8.1694272e+00
   6.5971609e-01   4.7368516e+00   3.0977335e+00   8.1752924e+00
   7.0714395e-01   4.7399806e+00   3.0986459e+00   8.1815801e+00
   7.5798146e-01   4.7433374e+00   3.0996248e+00   8.1883209e+00
   8.1247375e-01   4.7469390e+00   3.1006751e+00   8.1955475e+00
   8.7088356e-01   4.7508034e+00   3.1018022e+00   8.2032950e+00
   9.3349252e-01   4.7549500e+00   3.1030118e+00   8.2116010e+00
   1.0006025e+00   4.7593998e+00   3.1043100e+00   8.2205059e+00
   1.0725372e+00   4.7641754e+00   3.1057033e+00   8.2300529e+00
   1.1496433e+00   4.7693010e+00   3.1071990e+00   8.2402885e+00
   1.2322927e+00   4.7748029e+00   3.1088047e+00   8.2512625e+00
   1.3208838e+00   4.7807091e+00   3.1105288e+00   8.2630282e+00
   1.4158439e+00   4.7870501e+00   3.1123800e+00   8.2756430e+00
   1.5176308e+00   4.7938587e+00   3.1143681e+00   8.2891682e+00
   1.6267352e+00   4.8011702e+00   3.1165036e+00   8.3036698e+00
   1.7436834e+00   4.8090228e+00   3.1187975e+00   8.3192183e+00
   1.8690391e+00   4.8174575e+00   3.1212622e+00   8.3358896e+00
   2.0034068e+00   4.8265190e+00   3.1239107e+00   8.3537649e+00
   2.1474343e+00   4.8362552e+00   3.1267572e+00   8.3729314e+00
   2.3018162e+00   4.8467181e+00   3.1298172e+00   8.3934825e+00
   2.4672968e+00   4.8579639e+00   3.1331074e+00   8.4155183e+00
   2.6446740e+00   4.8700534e+00   3.1366457e+00   8.4391462e+00
   2.8348031e+00   4.8830525e+00   3.1404519e+00   8.4644813e+00
   3.0386009e+00   4.8970324e+00   3.1445472e+00   8.4916470e+00
   3.2570499e+00   4.9120705e+00   3.1489548e+00   8.5207753e+00
   3.4912035e+00   4.9282507e+00   3.1536999e+00   8.5520077e+00
   3.7421907e+00   4.9456639e+00   3.1588098e+00   8.5854958e+00
   4.0112218e+00   4.9644091e+00   3.1643144e+00   8.6214016e+00
   4.2995938e+00   4.9845936e+00   3.1702463e+00   8.6598987e+00
   4.6086973e+00   5.0063344e+00   3.1766410e+00   8.7011724e+00
   4.9400226e+00   5.0297584e+00   3.1835374e+00   8.7454208e+00
   5.2951673e+00   5.0550042e+00   3.1909780e+00   8.7928553e+00
   5.6758439e+00   5.0822225e+00   3.1990095e+00   8.8437014e+00
   6.0838878e+00   5.1115777e+00   3.2076829e+00   8.8981993e+00
   6.5212665e+00   5.1432492e+00   3.2170545e+00   8.9566046e+00
   6.9900890e+00   5.1774328e+00   3.2271859e+00   9.0191887e+00
   7.4926157e+00   5.2143422e+00   3.2381452e+00   9.0862393e+00
   8.0312697e+00   5.2542109e+00   3.2500075e+00   9.1580611e+00
   8.6086483e+00   5.2972944e+00   3.2628558e+00   9.2349755e+00
   9.2275354e+00   5.3438717e+00   3.2767818e+00   9.3173207e+00
   9.8909151e+00   5.3942480e+00   3.2918873e+00   9.4054517e+00
   1.0601986e+01   5.4487571e+00   3.3082853e+00   9.4997390e+00
   1.1364177e+01   5.5077637e+00   3.3261012e+00   9.6005682e+00
   1.2181162e+01   5.5716666e+00   3.3454751e+00   9.7083379e+00
   1.3056882e+01   5.6409013e+00   3.3665631e+00   9.8234575e+00
   1.3995559e+01   5.7159429e+00   3.3895398e+00   9.9463443e+00
   1.5001718e+01   5.7973091e+00   3.4146006e+00   1.0077420e+01
   1.6080211e+01   5.8855630e+00   3.4419648e+00   1.0217103e+01
   1.7236239e+01   5.9813155e+00   3.4718787e+00   1.0365809e+01
   1.8475375e+01   6.0852277e+00   3.5046194e+00   1.0523934e+01
   1.9803594e+01   6.1980119e+00   3.5404993e+00   1.0691856e+01
   2.1227300e+01   6.3204322e+00   3.5798712e+00   1.0869917e+01
   2.2753359e+01   6.4533032e+00   3.6231332e+00   1.1058416e+01
   2.4389128e+01   6.5974873e+00   3.6707363e+00   1.1257595e+01
   2.6142495e+01   6.7538885e+00   3.7231904e+00   1.1467625e+01
   2.8021913e+01   6.9234440e+00   3.7810737e+00   1.1688597e+01
   3.0036445e+01   7.1071112e+00   3.8450405e+00   1.1920499e+01
   3.2195805e+01   7.3058499e+00   3.9158322e+00   1.2163215e+01
   3.4510404e+01   7.5205990e+00   3.9942868e+00   1.2416503e+01
   3.6991402e+01   7.7522472e+00   4.0813511e+00   1.2679994e+01
   3.9650763e+01   8.0015971e+00   4.1780907e+00   1.2953188e+01
   4.2501309e+01   8.2693235e+00   4.2857012e+00   1.3235451e+01
   4.5556784e+01   8.5559265e+00   4.4055166e+00   1.3526027e+01
   4.8831921e+01   8.8616818e+00   4.5390149e+00   1.3824052e+01
   5.2342512e+01   9.1865916e+00   4.6878184e+00   1.4128572e+01
   5.6105484e+01   9.5303401e+00   4.8536863e+00   1.4438578e+01
   6.0138982e+01   9.8922608e+00   5.0384959e+00   1.4753028e+01
   6.4462452e+01   1.0271319e+01   5.2442093e+00   1.5070894e+01
   6.9096743e+01   1.0666118e+01   5.4728206e+00   1.5391185e+01
   7.4064199e+01   1.1074933e+01   5.7262811e+00   1.5712989e+01
   7.9388772e+01   1.1495769e+01   6.0063997e+00   1.6035493e+01
   8.5096136e+01   1.1926450e+01   6.3147206e+00   1.6358004e+01
   9.1213809e+01   1.2364719e+01   6.6523822e+00   1.6679954e+01
   9.7771290e+01   1.2808354e+01   7.0199716e+00   1.7000901e+01
   1.0480020e+02   1.3255267e+01   7.4173915e+00   1.7320516e+01
   1.1233442e+02   1.3703597e+01   7.8437646e+00   1.7638564e+01
   1.2041029e+02   1.4151763e+01   8.2974008e+00   1.7954884e+01
   1.2906675e+02   1.4598492e+01   8.7758470e+00   1.8269362e+01
   1.3834553e+02   1.5042802e+01   9.2760261e+00   1.8581910e+01
   1.4829137e+02   1.5483971e+01   9.7944531e+00   1.8892446e+01
   1.5895223e+02   1.5921481e+01   1.0327496e+01   1.9200881e+01
   1.7037951e+02   1.6354954e+01   1.0871636e+01   1.9507108e+01
   1.8262832e+02   1.6784094e+01   1.1423680e+01   1.9811000e+01
   1.9575771e+02   1.7208641e+01   1.1980896e+01   2.0112407e+01
   2.0983099e+02   1.7628340e+01   1.2541045e+01   2.0411162e+01
   2.2491602e+02   1.8042914e+01   1.3102343e+01   2.0707081e+01
   2.4108553e+02   1.8452069e+01   1.3663355e+01   2.0999969e+01
   2.5841749e+02   1.8855489e+01   1.4222881e+01   2.1289625e+01
   2.7699546e+02   1.9252844e+01   1.4779839e+01   2.1575844e+01
   2.9690903e+02   1.9643804e+01   1.5333189e+01   2.1858421e+01
   3.1825421e+02   2.0028044e+01   1.5881881e+01   2.2137150e+01
   3.4113393e+02   2.0405251e+01   1.6424849e+01   2.2411833e+01
   3.6565850e+02   2.0775131e+01   1.6961015e+01   2.2682273e+01
   3.9194617e+02   2.1137410e+01   1.7489318e+01   2.2948279e+01
   4.2012369e+02   2.1491842e+01   1.8008732e+01   2.3209671e+01
   4.5032694e+02   2.1838201e+01   1.8518297e+01   2.3466271e+01
   4.8270154e+02   2.2176290e+01   1.9017130e+01   2.3717915e+01
   5.1740359e+02   2.2505937e+01   1.9504442e+01   2.3964444e+01
   5.5460042e+02   2.2826995e+01   1.9979541e+01   2.4205714e+01
   5.9447137e+02   2.3139341e+01   2.0441836e+01   2.4441588e+01
   6.3720870e+02   2.3442879e+01   2.0890836e+01   2.4671943e+01
   6.8301848e+02   2.3737536e+01   2.1326145e+01   2.4896668e+01
   7.3212158e+02   2.4023263e+01   2.1747463e+01   2.5115665e+01
   7.8475476e+02   2.4300032e+01   2.2154574e+01   2.5328847e+01
   8.4117182e+02   2.4567842e+01   2.2547346e+01   2.5536145e+01
   9.0164477e+02   2.4826708e+01   2.2925721e+01   2.5737500e+01
   9.6646520e+02   2.5076669e+01   2.3289711e+01   2.5932869e+01
