S870 bestfit flat steep
   1.0359457e-03   1.1990105e+00   1.1742696e+00   1.3048005e+00
   1.1104212e-03   1.1990107e+00   1.1742697e+00   1.3048016e+00
   1.1902508e-03   1.1990110e+00   1.1742698e+00   1.3048026e+00
   1.2758195e-03   1.1990112e+00   1.1742698e+00   1.3048038e+00
   1.3675398e-03   1.1990114e+00   1.1742699e+00   1.3048051e+00
   1.4658541e-03   1.1990117e+00   1.1742700e+00   1.3048064e+00
   1.5712363e-03   1.1990120e+00   1.1742701e+00   1.3048079e+00
   1.6841945e-03   1.1990123e+00   1.1742701e+00   1.3048094e+00
   1.8052735e-03   1.1990126e+00   1.1742702e+00   1.3048111e+00
   1.9350570e-03   1.1990129e+00   1.1742703e+00   1.3048128e+00
   2.0741708e-03   1.1990133e+00   1.1742705e+00   1.3048147e+00
   2.2232857e-03   1.1990137e+00   1.1742706e+00   1.3048168e+00
   2.3831206e-03   1.1990141e+00   1.1742707e+00   1.3048190e+00
   2.5544463e-03   1.1990145e+00   1.1742708e+00   1.3048213e+00
   2.7380888e-03   1.1990150e+00   1.1742710e+00   1.3048238e+00
   2.9349336e-03   1.1990155e+00   1.1742711e+00   1.3048265e+00
   3.1459299e-03   1.1990161e+00   1.1742713e+00   1.3048294e+00
   3.3720949e-03   1.1990167e+00   1.1742715e+00   1.3048325e+00
   3.6145193e-03   1.1990173e+00   1.1742717e+00   1.3048358e+00
   3.8743718e-03   1.1990180e+00   1.1742719e+00   1.3048394e+00
   4.1529055e-03   1.1990188e+00   1.1742721e+00   1.3048432e+00
   4.4514634e-03   1.1990195e+00   1.1742723e+00   1.3048473e+00
   4.7714849e-03   1.1990204e+00   1.1742726e+00   1.3048517e+00
   5.1145133e-03   1.1990213e+00   1.1742728e+00   1.3048564e+00
   5.4822024e-03   1.1990223e+00   1.1742731e+00   1.3048614e+00
   5.8763252e-03   1.1990233e+00   1.1742734e+00   1.3048668e+00
   6.2987819e-03   1.1990244e+00   1.1742737e+00   1.3048726e+00
   6.7516097e-03   1.1990256e+00   1.1742741e+00   1.3048788e+00
   7.2369918e-03   1.1990269e+00   1.1742745e+00   1.3048854e+00
   7.7572687e-03   1.1990282e+00   1.1742749e+00   1.3048926e+00
   8.3149490e-03   1.1990297e+00   1.1742753e+00   1.3049002e+00
   8.9127216e-03   1.1990313e+00   1.1742758e+00   1.3049084e+00
   9.5534689e-03   1.1990330e+00   1.1742763e+00   1.3049172e+00
   1.0240280e-02   1.1990348e+00   1.1742768e+00   1.3049266e+00
   1.0976468e-02   1.1990367e+00   1.1742774e+00   1.3049366e+00
   1.1765580e-02   1.1990388e+00   1.1742780e+00   1.3049475e+00
   1.2611424e-02   1.1990410e+00   1.1742787e+00   1.3049590e+00
   1.3518075e-02   1.1990434e+00   1.1742794e+00   1.3049715e+00
   1.4489908e-02   1.1990460e+00   1.1742801e+00   1.3049848e+00
   1.5531606e-02   1.1990487e+00   1.1742809e+00   1.3049991e+00
   1.6648194e-02   1.1990517e+00   1.1742818e+00   1.3050144e+00
   1.7845055e-02   1.1990548e+00   1.1742827e+00   1.3050308e+00
   1.9127959e-02   1.1990582e+00   1.1742837e+00   1.3050484e+00
   2.0503093e-02   1.1990618e+00   1.1742848e+00   1.3050672e+00
   2.1977088e-02   1.1990657e+00   1.1742860e+00   1.3050874e+00
   2.3557050e-02   1.1990699e+00   1.1742872e+00   1.3051091e+00
   2.5250597e-02   1.1990744e+00   1.1742885e+00   1.3051323e+00
   2.7065896e-02   1.1990792e+00   1.1742899e+00   1.3051572e+00
   2.9011699e-02   1.1990843e+00   1.1742914e+00   1.3051839e+00
   3.1097388e-02   1.1990898e+00   1.1742931e+00   1.3052126e+00
   3.3333020e-02   1.1990957e+00   1.1742948e+00   1.3052432e+00
   3.5729375e-02   1.1991020e+00   1.1742967e+00   1.3052762e+00
   3.8298007e-02   1.1991088e+00   1.1742987e+00   1.3053114e+00
   4.1051301e-02   1.1991161e+00   1.1743008e+00   1.3053493e+00
   4.4002533e-02   1.1991239e+00   1.1743031e+00   1.3053898e+00
   4.7165933e-02   1.1991322e+00   1.1743056e+00   1.3054333e+00
   5.0556754e-02   1.1991412e+00   1.1743083e+00   1.3054799e+00
   5.4191346e-02   1.1991508e+00   1.1743111e+00   1.3055299e+00
   5.8087234e-02   1.1991611e+00   1.1743141e+00   1.3055835e+00
   6.2263201e-02   1.1991721e+00   1.1743174e+00   1.3056410e+00
   6.6739385e-02   1.1991840e+00   1.1743209e+00   1.3057027e+00
   7.1537368e-02   1.1991967e+00   1.1743246e+00   1.3057688e+00
   7.6680283e-02   1.1992103e+00   1.1743286e+00   1.3058396e+00
   8.2192930e-02   1.1992249e+00   1.1743329e+00   1.3059157e+00
   8.8101888e-02   1.1992405e+00   1.1743376e+00   1.3059972e+00
   9.4435649e-02   1.1992573e+00   1.1743425e+00   1.3060847e+00
   1.0122475e-01   1.1992753e+00   1.1743478e+00   1.3061785e+00
   1.0850193e-01   1.1992946e+00   1.1743535e+00   1.3062791e+00
   1.1630228e-01   1.1993153e+00   1.1743596e+00   1.3063870e+00
   1.2466341e-01   1.1993375e+00   1.1743661e+00   1.3065028e+00
   1.3362562e-01   1.1993613e+00   1.1743731e+00   1.3066270e+00
   1.4323214e-01   1.1993868e+00   1.1743807e+00   1.3067603e+00
   1.5352929e-01   1.1994142e+00   1.1743887e+00   1.3069032e+00
   1.6456672e-01   1.1994436e+00   1.1743974e+00   1.3070566e+00
   1.7639763e-01   1.1994751e+00   1.1744066e+00   1.3072213e+00
   1.8907909e-01   1.1995089e+00   1.1744165e+00   1.3073980e+00
   2.0267224e-01   1.1995451e+00   1.1744272e+00   1.3075876e+00
   2.1724261e-01   1.1995841e+00   1.1744386e+00   1.3077911e+00
   2.3286047e-01   1.1996258e+00   1.1744509e+00   1.3080096e+00
   2.4960112e-01   1.1996706e+00   1.1744640e+00   1.3082442e+00
   2.6754527e-01   1.1997187e+00   1.1744781e+00   1.3084960e+00
   2.8677945e-01   1.1997703e+00   1.1744932e+00   1.3087665e+00
   3.0739641e-01   1.1998256e+00   1.1745094e+00   1.3090570e+00
   3.2949554e-01   1.1998851e+00   1.1745268e+00   1.3093690e+00
   3.5318341e-01   1.1999489e+00   1.1745454e+00   1.3097042e+00
   3.7857423e-01   1.2000174e+00   1.1745654e+00   1.3100643e+00
   4.0579043e-01   1.2000910e+00   1.1745869e+00   1.3104514e+00
   4.3496324e-01   1.2001700e+00   1.1746099e+00   1.3108674e+00
   4.6623332e-01   1.2002548e+00   1.1746346e+00   1.3113146e+00
   4.9975145e-01   1.2003460e+00   1.1746611e+00   1.3117956e+00
   5.3567924e-01   1.2004439e+00   1.1746895e+00   1.3123128e+00
   5.7418993e-01   1.2005491e+00   1.1747200e+00   1.3128693e+00
   6.1546920e-01   1.2006622e+00   1.1747527e+00   1.3134682e+00
   6.5971609e-01   1.2007838e+00   1.1747879e+00   1.3141127e+00
   7.0714395e-01   1.2009145e+00   1.1748256e+00   1.3148068e+00
   7.5798146e-01   1.2010551e+00   1.1748660e+00   1.3155543e+00
   8.1247375e-01   1.2012063e+00   1.1749095e+00   1.3163597e+00
   8.7088356e-01   1.2013690e+00   1.1749562e+00   1.3172278e+00
   9.3349252e-01   1.2015441e+00   1.1750063e+00   1.3181639e+00
   1.0006025e+00   1.2017326e+00   1.1750601e+00   1.3191737e+00
   1.0725372e+00   1.2019357e+00   1.1751179e+00   1.3202635e+00
   1.1496433e+00   1.2021544e+00   1.1751800e+00   1.3214403e+00
   1.2322927e+00   1.2023901e+00   1.1752467e+00   1.3227115e+00
   1.3208838e+00   1.2026442e+00   1.1753184e+00   1.3240857e+00
   1.4158439e+00   1.2029183e+00   1.1753955e+00   1.3255721e+00
   1.5176308e+00   1.2032140e+00   1.1754784e+00   1.3271807e+00
   1.6267352e+00   1.2035333e+00   1.1755675e+00   1.3289231e+00
   1.7436834e+00   1.2038782e+00   1.1756633e+00   1.3308115e+00
   1.8690391e+00   1.2042509e+00   1.1757664e+00   1.3328600e+00
   2.0034068e+00   1.2046540e+00   1.1758774e+00   1.3350840e+00
   2.1474343e+00   1.2050901e+00   1.1759968e+00   1.3375007e+00
   2.3018162e+00   1.2055625e+00   1.1761255e+00   1.3401296e+00
   2.4672968e+00   1.2060744e+00   1.1762640e+00   1.3429921e+00
   2.6446740e+00   1.2066296e+00   1.1764134e+00   1.3461128e+00
   2.8348031e+00   1.2072323e+00   1.1765743e+00   1.3495188e+00
   3.0386009e+00   1.2078872e+00   1.1767479e+00   1.3532413e+00
   3.2570499e+00   1.2085995e+00   1.1769353e+00   1.3573153e+00
   3.4912035e+00   1.2093751e+00   1.1771375e+00   1.3617807e+00
   3.7421907e+00   1.2102207e+00   1.1773559e+00   1.3666829e+00
   4.0112218e+00   1.2111438e+00   1.1775920e+00   1.3720740e+00
   4.2995938e+00   1.2121528e+00   1.1778473e+00   1.3780136e+00
   4.6086973e+00   1.2132573e+00   1.1781236e+00   1.3845706e+00
   4.9400226e+00   1.2144684e+00   1.1784228e+00   1.3918244e+00
   5.2951673e+00   1.2157987e+00   1.1787472e+00   1.3998673e+00
   5.6758439e+00   1.2172625e+00   1.1790990e+00   1.4088066e+00
   6.0838878e+00   1.2188767e+00   1.1794811e+00   1.4187682e+00
   6.5212665e+00   1.2206604e+00   1.1798965e+00   1.4298997e+00
   6.9900890e+00   1.2226363e+00   1.1803485e+00   1.4423753e+00
   7.4926157e+00   1.2248304e+00   1.1808409e+00   1.4564018e+00
   8.0312697e+00   1.2272737e+00   1.1813783e+00   1.4722251e+00
   8.6086483e+00   1.2300027e+00   1.1819654e+00   1.4901396e+00
   9.2275354e+00   1.2330604e+00   1.1826079e+00   1.5104994e+00
   9.8909151e+00   1.2364984e+00   1.1833123e+00   1.5337325e+00
   1.0601986e+01   1.2403787e+00   1.1840860e+00   1.5603589e+00
   1.1364177e+01   1.2447758e+00   1.1849375e+00   1.5910136e+00
   1.2181162e+01   1.2497806e+00   1.1858770e+00   1.6264764e+00
   1.3056882e+01   1.2555041e+00   1.1869160e+00   1.6677094e+00
   1.3995559e+01   1.2620828e+00   1.1880683e+00   1.7159060e+00
   1.5001718e+01   1.2696865e+00   1.1893502e+00   1.7725536e+00
   1.6080211e+01   1.2785270e+00   1.1907808e+00   1.8395145e+00
   1.7236239e+01   1.2888711e+00   1.1923836e+00   1.9191287e+00
   1.8475375e+01   1.3010578e+00   1.1941863e+00   2.0143464e+00
   1.9803594e+01   1.3155207e+00   1.1962232e+00   2.1288933e+00
   2.1227300e+01   1.3328197e+00   1.1985361e+00   2.2674743e+00
   2.2753359e+01   1.3536839e+00   1.2011768e+00   2.4360166e+00
   2.4389128e+01   1.3790710e+00   1.2042101e+00   2.6419422e+00
   2.6142495e+01   1.4102497e+00   1.2077177e+00   2.8944406e+00
   2.8021913e+01   1.4489151e+00   1.2118039e+00   3.2046774e+00
   3.0036445e+01   1.4973500e+00   1.2166032e+00   3.5858141e+00
   3.2195805e+01   1.5586498e+00   1.2222908e+00   4.0526256e+00
   3.4510404e+01   1.6370352e+00   1.2290979e+00   4.6204033e+00
   3.6991402e+01   1.7382807e+00   1.2373334e+00   5.3027726e+00
   3.9650763e+01   1.8702834e+00   1.2474155e+00   6.1081601e+00
   4.2501309e+01   2.0437823e+00   1.2599171e+00   7.0351165e+00
   4.5556784e+01   2.2731773e+00   1.2756344e+00   8.0676361e+00
   4.8831921e+01   2.5772593e+00   1.2956888e+00   9.1727295e+00
   5.2342512e+01   2.9793856e+00   1.3216805e+00   1.0302835e+01
   5.6105484e+01   3.5061904e+00   1.3559216e+00   1.1404064e+01
   6.0138982e+01   4.1834509e+00   1.4017908e+00   1.2427941e+01
   6.4462452e+01   5.0278390e+00   1.4642690e+00   1.3341680e+01
   6.9096743e+01   6.0351592e+00   1.5507341e+00   1.4132602e+01
   7.4064199e+01   7.1699814e+00   1.6720956e+00   1.4805906e+01
   7.9388772e+01   8.3656120e+00   1.8442833e+00   1.5378360e+01
   8.5096136e+01   9.5403492e+00   2.0898623e+00   1.5871409e+01
   9.1213809e+01   1.0623714e+01   2.4389110e+00   1.6306020e+01
   9.7771290e+01   1.1576474e+01   2.9270915e+00   1.6699854e+01
   1.0480020e+02   1.2393602e+01   3.5875225e+00   1.7066370e+01
   1.1233442e+02   1.3093471e+01   4.4340737e+00   1.7415069e+01
   1.2041029e+02   1.3703722e+01   5.4412289e+00   1.7752250e+01
   1.2906675e+02   1.4251123e+01   6.5376694e+00   1.8081873e+01
   1.3834553e+02   1.4756908e+01   7.6291759e+00   1.8406296e+01
   1.4829137e+02   1.5235963e+01   8.6392103e+00   1.8726847e+01
   1.5895223e+02   1.5697843e+01   9.5344500e+00   1.9044216e+01
   1.7037951e+02   1.6148253e+01   1.0320590e+01   1.9358712e+01
   1.8262832e+02   1.6590370e+01   1.1022683e+01   1.9670422e+01
   1.9575771e+02   1.7025820e+01   1.1668203e+01   1.9979305e+01
   2.0983099e+02   1.7455319e+01   1.2278950e+01   2.0285244e+01
   2.2491602e+02   1.7879070e+01   1.2869489e+01   2.0588084e+01
   2.4108553e+02   1.8296995e+01   1.3448421e+01   2.0887646e+01
   2.5841749e+02   1.8708871e+01   1.4020253e+01   2.1183738e+01
   2.7699546e+02   1.9114405e+01   1.4586944e+01   2.1476165e+01
   2.9690903e+02   1.9513277e+01   1.5148959e+01   2.1764728e+01
   3.1825421e+02   1.9905167e+01   1.5705940e+01   2.2049231e+01
   3.4113393e+02   2.0289765e+01   1.6257090e+01   2.2329481e+01
   3.6565850e+02   2.0666780e+01   1.6801410e+01   2.2605288e+01
   3.9194617e+02   2.1035943e+01   1.7337836e+01   2.2876469e+01
   4.2012369e+02   2.1397011e+01   1.7865312e+01   2.3142843e+01
   4.5032694e+02   2.1749765e+01   1.8382845e+01   2.3404242e+01
   4.8270154e+02   2.2094012e+01   1.8889521e+01   2.3660502e+01
   5.1740359e+02   2.2429583e+01   1.9384528e+01   2.3911468e+01
   5.5460042e+02   2.2756335e+01   1.9867154e+01   2.4156995e+01
   5.9447137e+02   2.3074148e+01   2.0336793e+01   2.4396951e+01
   6.3720870e+02   2.3382927e+01   2.0792940e+01   2.4631212e+01
   6.8301848e+02   2.3682602e+01   2.1235189e+01   2.4859667e+01
   7.3212158e+02   2.3973124e+01   2.1663228e+01   2.5082218e+01
   7.8475476e+02   2.4254466e+01   2.2076834e+01   2.5298779e+01
   8.4117182e+02   2.4526627e+01   2.2475865e+01   2.5509280e+01
   9.0164477e+02   2.4789623e+01   2.2860256e+01   2.5713662e+01
   9.6646520e+02   2.5043492e+01   2.3230011e+01   2.5911881e+01
