S870 bestfit flat steep
   1.0359457e-03   1.2033733e+00   1.1764706e+00   1.3217728e+00
   1.1104212e-03   1.2033736e+00   1.1764707e+00   1.3217739e+00
   1.1902508e-03   1.2033738e+00   1.1764707e+00   1.3217751e+00
   1.2758195e-03   1.2033740e+00   1.1764708e+00   1.3217764e+00
   1.3675398e-03   1.2033743e+00   1.1764709e+00   1.3217778e+00
   1.4658541e-03   1.2033746e+00   1.1764710e+00   1.3217793e+00
   1.5712363e-03   1.2033749e+00   1.1764711e+00   1.3217809e+00
   1.6841945e-03   1.2033752e+00   1.1764711e+00   1.3217827e+00
   1.8052735e-03   1.2033755e+00   1.1764712e+00   1.3217845e+00
   1.9350570e-03   1.2033759e+00   1.1764714e+00   1.3217865e+00
   2.0741708e-03   1.2033763e+00   1.1764715e+00   1.3217886e+00
   2.2232857e-03   1.2033767e+00   1.1764716e+00   1.3217909e+00
   2.3831206e-03   1.2033772e+00   1.1764717e+00   1.3217933e+00
   2.5544463e-03   1.2033777e+00   1.1764719e+00   1.3217959e+00
   2.7380888e-03   1.2033782e+00   1.1764720e+00   1.3217987e+00
   2.9349336e-03   1.2033788e+00   1.1764722e+00   1.3218017e+00
   3.1459299e-03   1.2033794e+00   1.1764724e+00   1.3218050e+00
   3.3720949e-03   1.2033800e+00   1.1764725e+00   1.3218084e+00
   3.6145193e-03   1.2033807e+00   1.1764727e+00   1.3218121e+00
   3.8743718e-03   1.2033815e+00   1.1764730e+00   1.3218161e+00
   4.1529055e-03   1.2033823e+00   1.1764732e+00   1.3218203e+00
   4.4514634e-03   1.2033831e+00   1.1764734e+00   1.3218249e+00
   4.7714849e-03   1.2033840e+00   1.1764737e+00   1.3218298e+00
   5.1145133e-03   1.2033850e+00   1.1764740e+00   1.3218350e+00
   5.4822024e-03   1.2033861e+00   1.1764743e+00   1.3218406e+00
   5.8763252e-03   1.2033872e+00   1.1764746e+00   1.3218466e+00
   6.2987819e-03   1.2033884e+00   1.1764749e+00   1.3218531e+00
   6.7516097e-03   1.2033897e+00   1.1764753e+00   1.3218600e+00
   7.2369918e-03   1.2033911e+00   1.1764757e+00   1.3218674e+00
   7.7572687e-03   1.2033926e+00   1.1764761e+00   1.3218753e+00
   8.3149490e-03   1.2033942e+00   1.1764766e+00   1.3218838e+00
   8.9127216e-03   1.2033959e+00   1.1764771e+00   1.3218930e+00
   9.5534689e-03   1.2033977e+00   1.1764776e+00   1.3219027e+00
   1.0240280e-02   1.2033997e+00   1.1764782e+00   1.3219132e+00
   1.0976468e-02   1.2034018e+00   1.1764788e+00   1.3219245e+00
   1.1765580e-02   1.2034040e+00   1.1764794e+00   1.3219365e+00
   1.2611424e-02   1.2034064e+00   1.1764801e+00   1.3219494e+00
   1.3518075e-02   1.2034090e+00   1.1764809e+00   1.3219633e+00
   1.4489908e-02   1.2034118e+00   1.1764817e+00   1.3219781e+00
   1.5531606e-02   1.2034148e+00   1.1764826e+00   1.3219940e+00
   1.6648194e-02   1.2034180e+00   1.1764835e+00   1.3220111e+00
   1.7845055e-02   1.2034214e+00   1.1764845e+00   1.3220294e+00
   1.9127959e-02   1.2034251e+00   1.1764855e+00   1.3220490e+00
   2.0503093e-02   1.2034290e+00   1.1764866e+00   1.3220700e+00
   2.1977088e-02   1.2034332e+00   1.1764879e+00   1.3220925e+00
   2.3557050e-02   1.2034378e+00   1.1764892e+00   1.3221166e+00
   2.5250597e-02   1.2034426e+00   1.1764906e+00   1.3221425e+00
   2.7065896e-02   1.2034478e+00   1.1764921e+00   1.3221703e+00
   2.9011699e-02   1.2034534e+00   1.1764937e+00   1.3222000e+00
   3.1097388e-02   1.2034594e+00   1.1764954e+00   1.3222319e+00
   3.3333020e-02   1.2034658e+00   1.1764972e+00   1.3222661e+00
   3.5729375e-02   1.2034726e+00   1.1764992e+00   1.3223028e+00
   3.8298007e-02   1.2034800e+00   1.1765013e+00   1.3223421e+00
   4.1051301e-02   1.2034879e+00   1.1765036e+00   1.3223843e+00
   4.4002533e-02   1.2034963e+00   1.1765060e+00   1.3224295e+00
   4.7165933e-02   1.2035054e+00   1.1765086e+00   1.3224779e+00
   5.0556754e-02   1.2035151e+00   1.1765114e+00   1.3225299e+00
   5.4191346e-02   1.2035256e+00   1.1765144e+00   1.3225856e+00
   5.8087234e-02   1.2035367e+00   1.1765176e+00   1.3226453e+00
   6.2263201e-02   1.2035487e+00   1.1765211e+00   1.3227094e+00
   6.6739385e-02   1.2035616e+00   1.1765248e+00   1.3227781e+00
   7.1537368e-02   1.2035753e+00   1.1765287e+00   1.3228518e+00
   7.6680283e-02   1.2035901e+00   1.1765330e+00   1.3229308e+00
   8.2192930e-02   1.2036060e+00   1.1765375e+00   1.3230155e+00
   8.8101888e-02   1.2036229e+00   1.1765424e+00   1.3231064e+00
   9.4435649e-02   1.2036412e+00   1.1765476e+00   1.3232038e+00
   1.0122475e-01   1.2036607e+00   1.1765532e+00   1.3233084e+00
   1.0850193e-01   1.2036816e+00   1.1765592e+00   1.3234205e+00
   1.1630228e-01   1.2037041e+00   1.1765657e+00   1.3235408e+00
   1.2466341e-01   1.2037282e+00   1.1765726e+00   1.3236698e+00
   1.3362562e-01   1.2037540e+00   1.1765800e+00   1.3238082e+00
   1.4323214e-01   1.2037817e+00   1.1765879e+00   1.3239567e+00
   1.5352929e-01   1.2038115e+00   1.1765964e+00   1.3241160e+00
   1.6456672e-01   1.2038434e+00   1.1766056e+00   1.3242870e+00
   1.7639763e-01   1.2038776e+00   1.1766153e+00   1.3244705e+00
   1.8907909e-01   1.2039143e+00   1.1766258e+00   1.3246674e+00
   2.0267224e-01   1.2039536e+00   1.1766371e+00   1.3248787e+00
   2.1724261e-01   1.2039959e+00   1.1766492e+00   1.3251055e+00
   2.3286047e-01   1.2040412e+00   1.1766621e+00   1.3253490e+00
   2.4960112e-01   1.2040898e+00   1.1766760e+00   1.3256104e+00
   2.6754527e-01   1.2041420e+00   1.1766909e+00   1.3258911e+00
   2.8677945e-01   1.2041980e+00   1.1767068e+00   1.3261925e+00
   3.0739641e-01   1.2042581e+00   1.1767240e+00   1.3265163e+00
   3.2949554e-01   1.2043227e+00   1.1767423e+00   1.3268640e+00
   3.5318341e-01   1.2043919e+00   1.1767620e+00   1.3272376e+00
   3.7857423e-01   1.2044663e+00   1.1767832e+00   1.3276389e+00
   4.0579043e-01   1.2045462e+00   1.1768058e+00   1.3280703e+00
   4.3496324e-01   1.2046320e+00   1.1768301e+00   1.3285339e+00
   4.6623332e-01   1.2047241e+00   1.1768562e+00   1.3290324e+00
   4.9975145e-01   1.2048231e+00   1.1768842e+00   1.3295684e+00
   5.3567924e-01   1.2049294e+00   1.1769143e+00   1.3301449e+00
   5.7418993e-01   1.2050437e+00   1.1769465e+00   1.3307651e+00
   6.1546920e-01   1.2051665e+00   1.1769811e+00   1.3314325e+00
   6.5971609e-01   1.2052985e+00   1.1770182e+00   1.3321509e+00
   7.0714395e-01   1.2054405e+00   1.1770581e+00   1.3329244e+00
   7.5798146e-01   1.2055931e+00   1.1771009e+00   1.3337576e+00
   8.1247375e-01   1.2057574e+00   1.1771468e+00   1.3346553e+00
   8.7088356e-01   1.2059341e+00   1.1771961e+00   1.3356229e+00
   9.3349252e-01   1.2061243e+00   1.1772491e+00   1.3366662e+00
   1.0006025e+00   1.2063291e+00   1.1773059e+00   1.3377917e+00
   1.0725372e+00   1.2065496e+00   1.1773670e+00   1.3390064e+00
   1.1496433e+00   1.2067872e+00   1.1774327e+00   1.3403180e+00
   1.2322927e+00   1.2070433e+00   1.1775032e+00   1.3417350e+00
   1.3208838e+00   1.2073194e+00   1.1775790e+00   1.3432668e+00
   1.4158439e+00   1.2076172e+00   1.1776605e+00   1.3449235e+00
   1.5176308e+00   1.2079386e+00   1.1777481e+00   1.3467167e+00
   1.6267352e+00   1.2082856e+00   1.1778423e+00   1.3486588e+00
   1.7436834e+00   1.2086604e+00   1.1779437e+00   1.3507638e+00
   1.8690391e+00   1.2090655e+00   1.1780527e+00   1.3530473e+00
   2.0034068e+00   1.2095037e+00   1.1781700e+00   1.3555265e+00
   2.1474343e+00   1.2099780e+00   1.1782964e+00   1.3582205e+00
   2.3018162e+00   1.2104916e+00   1.1784324e+00   1.3611511e+00
   2.4672968e+00   1.2110483e+00   1.1785790e+00   1.3643422e+00
   2.6446740e+00   1.2116521e+00   1.1787369e+00   1.3678210e+00
   2.8348031e+00   1.2123078e+00   1.1789072e+00   1.3716181e+00
   3.0386009e+00   1.2130203e+00   1.1790908e+00   1.3757679e+00
   3.2570499e+00   1.2137954e+00   1.1792890e+00   1.3803096e+00
   3.4912035e+00   1.2146396e+00   1.1795030e+00   1.3852877e+00
   3.7421907e+00   1.2155601e+00   1.1797341e+00   1.3907527e+00
   4.0112218e+00   1.2165651e+00   1.1799840e+00   1.3967627e+00
   4.2995938e+00   1.2176639e+00   1.1802542e+00   1.4033842e+00
   4.6086973e+00   1.2188671e+00   1.1805467e+00   1.4106938e+00
   4.9400226e+00   1.2201866e+00   1.1808635e+00   1.4187799e+00
   5.2951673e+00   1.2216363e+00   1.1812070e+00   1.4277453e+00
   5.6758439e+00   1.2232321e+00   1.1815796e+00   1.4377095e+00
   6.0838878e+00   1.2249921e+00   1.1819843e+00   1.4488125e+00
   6.5212665e+00   1.2269376e+00   1.1824244e+00   1.4612185e+00
   6.9900890e+00   1.2290933e+00   1.1829033e+00   1.4751213e+00
   7.4926157e+00   1.2314880e+00   1.1834253e+00   1.4907503e+00
   8.0312697e+00   1.2341555e+00   1.1839949e+00   1.5083788e+00
   8.6086483e+00   1.2371359e+00   1.1846175e+00   1.5283334e+00
   9.2275354e+00   1.2404765e+00   1.1852990e+00   1.5510067e+00
   9.8909151e+00   1.2442341e+00   1.1860463e+00   1.5768729e+00
   1.0601986e+01   1.2484766e+00   1.1868675e+00   1.6065071e+00
   1.1364177e+01   1.2532862e+00   1.1877715e+00   1.6406113e+00
   1.2181162e+01   1.2587625e+00   1.1887693e+00   1.6800457e+00
   1.3056882e+01   1.2650278e+00   1.1898731e+00   1.7258703e+00
   1.3995559e+01   1.2722322e+00   1.1910979e+00   1.7793968e+00
   1.5001718e+01   1.2805624e+00   1.1924608e+00   1.8422567e+00
   1.6080211e+01   1.2902512e+00   1.1939828e+00   1.9164864e+00
   1.7236239e+01   1.3015921e+00   1.1956886e+00   2.0046366e+00
   1.8475375e+01   1.3149576e+00   1.1976083e+00   2.1099100e+00
   1.9803594e+01   1.3308241e+00   1.1997785e+00   2.2363314e+00
   2.1227300e+01   1.3498067e+00   1.2022443e+00   2.3889536e+00
   2.2753359e+01   1.3727052e+00   1.2050612e+00   2.5740956e+00
   2.4389128e+01   1.4005698e+00   1.2082991e+00   2.7995978e+00
   2.6142495e+01   1.4347896e+00   1.2120458e+00   3.0750564e+00
   2.8021913e+01   1.4772181e+00   1.2164137e+00   3.4119568e+00
   3.0036445e+01   1.5303459e+00   1.2215476e+00   3.8235676e+00
   3.2195805e+01   1.5975418e+00   1.2276362e+00   4.3243659e+00
   3.4510404e+01   1.6833843e+00   1.2349289e+00   4.9286879e+00
   3.6991402e+01   1.7941099e+00   1.2437586e+00   5.6482778e+00
   3.9650763e+01   1.9381998e+00   1.2545759e+00   6.4886012e+00
   4.2501309e+01   2.1271018e+00   1.2679984e+00   7.4443337e+00
   4.5556784e+01   2.3760119e+00   1.2848842e+00   8.4953760e+00
   4.8831921e+01   2.7044861e+00   1.3064407e+00   9.6056410e+00
   5.2342512e+01   3.1363511e+00   1.3343897e+00   1.0726761e+01
   5.6105484e+01   3.6979465e+00   1.3712159e+00   1.1806929e+01
   6.0138982e+01   4.4133476e+00   1.4205434e+00   1.2802019e+01
   6.4462452e+01   5.2955841e+00   1.4877012e+00   1.3684268e+01
   6.9096743e+01   6.3350883e+00   1.5805545e+00   1.4445111e+01
   7.4064199e+01   7.4909187e+00   1.7106741e+00   1.5092118e+01
   7.9388772e+01   8.6933523e+00   1.8948350e+00   1.5642762e+01
   8.5096136e+01   9.8619223e+00   2.1565558e+00   1.6118089e+01
   9.1213809e+01   1.0930834e+01   2.5267067e+00   1.6538175e+01
   9.7771290e+01   1.1866224e+01   3.0409932e+00   1.6919745e+01
   1.0480020e+02   1.2666777e+01   3.7309707e+00   1.7275477e+01
   1.1233442e+02   1.3352356e+01   4.6068062e+00   1.7614320e+01
   1.2041029e+02   1.3950565e+01   5.6380779e+00   1.7942228e+01
   1.2906675e+02   1.4487508e+01   6.7500458e+00   1.8262959e+01
   1.3834553e+02   1.4983719e+01   7.8487355e+00   1.8578775e+01
   1.4829137e+02   1.5453587e+01   8.8606592e+00   1.8890965e+01
   1.5895223e+02   1.5906390e+01   9.7555998e+00   1.9200207e+01
   1.7037951e+02   1.6347724e+01   1.0540806e+01   1.9506814e+01
   1.8262832e+02   1.6780762e+01   1.1241539e+01   1.9810878e+01
   1.9575771e+02   1.7207170e+01   1.1884959e+01   2.0112359e+01
   2.0983099e+02   1.7627719e+01   1.2492575e+01   2.0411144e+01
   2.2491602e+02   1.8042666e+01   1.3078846e+01   2.0707075e+01
   2.4108553e+02   1.8451975e+01   1.3652445e+01   2.0999967e+01
   2.5841749e+02   1.8855455e+01   1.4218044e+01   2.1289625e+01
   2.7699546e+02   1.9252833e+01   1.4777802e+01   2.1575844e+01
   2.9690903e+02   1.9643801e+01   1.5332377e+01   2.1858421e+01
   3.1825421e+02   2.0028043e+01   1.5881577e+01   2.2137150e+01
   3.4113393e+02   2.0405251e+01   1.6424742e+01   2.2411833e+01
   3.6565850e+02   2.0775131e+01   1.6960981e+01   2.2682273e+01
   3.9194617e+02   2.1137410e+01   1.7489308e+01   2.2948279e+01
   4.2012369e+02   2.1491842e+01   1.8008730e+01   2.3209671e+01
   4.5032694e+02   2.1838201e+01   1.8518296e+01   2.3466271e+01
   4.8270154e+02   2.2176290e+01   1.9017130e+01   2.3717915e+01
   5.1740359e+02   2.2505937e+01   1.9504442e+01   2.3964444e+01
   5.5460042e+02   2.2826995e+01   1.9979541e+01   2.4205714e+01
   5.9447137e+02   2.3139341e+01   2.0441836e+01   2.4441588e+01
   6.3720870e+02   2.3442879e+01   2.0890836e+01   2.4671943e+01
   6.8301848e+02   2.3737536e+01   2.1326145e+01   2.4896668e+01
   7.3212158e+02   2.4023263e+01   2.1747463e+01   2.5115665e+01
   7.8475476e+02   2.4300032e+01   2.2154574e+01   2.5328847e+01
   8.4117182e+02   2.4567842e+01   2.2547346e+01   2.5536145e+01
   9.0164477e+02   2.4826708e+01   2.2925721e+01   2.5737500e+01
   9.6646520e+02   2.5076669e+01   2.3289711e+01   2.5932869e+01
