S870 bestfit flat steep
   1.0359457e-03   1.4099514e+00   1.3266338e+00   1.7958119e+00
   1.1104212e-03   1.4099520e+00   1.3266340e+00   1.7958151e+00
   1.1902508e-03   1.4099526e+00   1.3266341e+00   1.7958185e+00
   1.2758195e-03   1.4099533e+00   1.3266343e+00   1.7958222e+00
   1.3675398e-03   1.4099540e+00   1.3266344e+00   1.7958262e+00
   1.4658541e-03   1.4099548e+00   1.3266346e+00   1.7958304e+00
   1.5712363e-03   1.4099556e+00   1.3266348e+00   1.7958349e+00
   1.6841945e-03   1.4099565e+00   1.3266350e+00   1.7958398e+00
   1.8052735e-03   1.4099574e+00   1.3266352e+00   1.7958450e+00
   1.9350570e-03   1.4099584e+00   1.3266354e+00   1.7958506e+00
   2.0741708e-03   1.4099595e+00   1.3266357e+00   1.7958566e+00
   2.2232857e-03   1.4099607e+00   1.3266359e+00   1.7958630e+00
   2.3831206e-03   1.4099620e+00   1.3266362e+00   1.7958698e+00
   2.5544463e-03   1.4099633e+00   1.3266365e+00   1.7958772e+00
   2.7380888e-03   1.4099647e+00   1.3266368e+00   1.7958851e+00
   2.9349336e-03   1.4099663e+00   1.3266372e+00   1.7958936e+00
   3.1459299e-03   1.4099679e+00   1.3266376e+00   1.7959027e+00
   3.3720949e-03   1.4099697e+00   1.3266380e+00   1.7959124e+00
   3.6145193e-03   1.4099716e+00   1.3266384e+00   1.7959228e+00
   3.8743718e-03   1.4099737e+00   1.3266388e+00   1.7959340e+00
   4.1529055e-03   1.4099759e+00   1.3266393e+00   1.7959460e+00
   4.4514634e-03   1.4099782e+00   1.3266399e+00   1.7959588e+00
   4.7714849e-03   1.4099807e+00   1.3266404e+00   1.7959726e+00
   5.1145133e-03   1.4099834e+00   1.3266410e+00   1.7959873e+00
   5.4822024e-03   1.4099863e+00   1.3266417e+00   1.7960032e+00
   5.8763252e-03   1.4099894e+00   1.3266424e+00   1.7960201e+00
   6.2987819e-03   1.4099927e+00   1.3266431e+00   1.7960383e+00
   6.7516097e-03   1.4099963e+00   1.3266439e+00   1.7960578e+00
   7.2369918e-03   1.4100001e+00   1.3266448e+00   1.7960787e+00
   7.7572687e-03   1.4100042e+00   1.3266457e+00   1.7961010e+00
   8.3149490e-03   1.4100085e+00   1.3266467e+00   1.7961250e+00
   8.9127216e-03   1.4100132e+00   1.3266477e+00   1.7961508e+00
   9.5534689e-03   1.4100183e+00   1.3266489e+00   1.7961783e+00
   1.0240280e-02   1.4100237e+00   1.3266501e+00   1.7962079e+00
   1.0976468e-02   1.4100294e+00   1.3266514e+00   1.7962396e+00
   1.1765580e-02   1.4100356e+00   1.3266528e+00   1.7962736e+00
   1.2611424e-02   1.4100423e+00   1.3266543e+00   1.7963100e+00
   1.3518075e-02   1.4100494e+00   1.3266559e+00   1.7963490e+00
   1.4489908e-02   1.4100570e+00   1.3266576e+00   1.7963908e+00
   1.5531606e-02   1.4100652e+00   1.3266594e+00   1.7964357e+00
   1.6648194e-02   1.4100740e+00   1.3266614e+00   1.7964838e+00
   1.7845055e-02   1.4100834e+00   1.3266635e+00   1.7965353e+00
   1.9127959e-02   1.4100935e+00   1.3266658e+00   1.7965906e+00
   2.0503093e-02   1.4101043e+00   1.3266682e+00   1.7966498e+00
   2.1977088e-02   1.4101159e+00   1.3266708e+00   1.7967133e+00
   2.3557050e-02   1.4101283e+00   1.3266736e+00   1.7967814e+00
   2.5250597e-02   1.4101416e+00   1.3266766e+00   1.7968543e+00
   2.7065896e-02   1.4101559e+00   1.3266798e+00   1.7969326e+00
   2.9011699e-02   1.4101712e+00   1.3266833e+00   1.7970165e+00
   3.1097388e-02   1.4101876e+00   1.3266869e+00   1.7971064e+00
   3.3333020e-02   1.4102052e+00   1.3266909e+00   1.7972028e+00
   3.5729375e-02   1.4102241e+00   1.3266951e+00   1.7973061e+00
   3.8298007e-02   1.4102443e+00   1.3266997e+00   1.7974169e+00
   4.1051301e-02   1.4102659e+00   1.3267045e+00   1.7975357e+00
   4.4002533e-02   1.4102892e+00   1.3267098e+00   1.7976631e+00
   4.7165933e-02   1.4103141e+00   1.3267153e+00   1.7977996e+00
   5.0556754e-02   1.4103408e+00   1.3267213e+00   1.7979460e+00
   5.4191346e-02   1.4103694e+00   1.3267278e+00   1.7981030e+00
   5.8087234e-02   1.4104001e+00   1.3267347e+00   1.7982713e+00
   6.2263201e-02   1.4104330e+00   1.3267421e+00   1.7984518e+00
   6.6739385e-02   1.4104683e+00   1.3267500e+00   1.7986453e+00
   7.1537368e-02   1.4105061e+00   1.3267585e+00   1.7988528e+00
   7.6680283e-02   1.4105467e+00   1.3267676e+00   1.7990754e+00
   8.2192930e-02   1.4105902e+00   1.3267773e+00   1.7993140e+00
   8.8101888e-02   1.4106369e+00   1.3267878e+00   1.7995699e+00
   9.4435649e-02   1.4106869e+00   1.3267990e+00   1.7998444e+00
   1.0122475e-01   1.4107405e+00   1.3268110e+00   1.8001387e+00
   1.0850193e-01   1.4107980e+00   1.3268239e+00   1.8004544e+00
   1.1630228e-01   1.4108597e+00   1.3268378e+00   1.8007930e+00
   1.2466341e-01   1.4109259e+00   1.3268526e+00   1.8011561e+00
   1.3362562e-01   1.4109968e+00   1.3268685e+00   1.8015457e+00
   1.4323214e-01   1.4110729e+00   1.3268855e+00   1.8019636e+00
   1.5352929e-01   1.4111546e+00   1.3269038e+00   1.8024119e+00
   1.6456672e-01   1.4112421e+00   1.3269234e+00   1.8028929e+00
   1.7639763e-01   1.4113361e+00   1.3269444e+00   1.8034089e+00
   1.8907909e-01   1.4114368e+00   1.3269669e+00   1.8039626e+00
   2.0267224e-01   1.4115449e+00   1.3269911e+00   1.8045567e+00
   2.1724261e-01   1.4116609e+00   1.3270170e+00   1.8051943e+00
   2.3286047e-01   1.4117853e+00   1.3270448e+00   1.8058786e+00
   2.4960112e-01   1.4119188e+00   1.3270746e+00   1.8066131e+00
   2.6754527e-01   1.4120621e+00   1.3271066e+00   1.8074015e+00
   2.8677945e-01   1.4122159e+00   1.3271409e+00   1.8082479e+00
   3.0739641e-01   1.4123810e+00   1.3271777e+00   1.8091566e+00
   3.2949554e-01   1.4125581e+00   1.3272171e+00   1.8101324e+00
   3.5318341e-01   1.4127483e+00   1.3272594e+00   1.8111804e+00
   3.7857423e-01   1.4129525e+00   1.3273048e+00   1.8123060e+00
   4.0579043e-01   1.4131718e+00   1.3273535e+00   1.8135151e+00
   4.3496324e-01   1.4134072e+00   1.3274058e+00   1.8148142e+00
   4.6623332e-01   1.4136601e+00   1.3274619e+00   1.8162102e+00
   4.9975145e-01   1.4139318e+00   1.3275221e+00   1.8177105e+00
   5.3567924e-01   1.4142237e+00   1.3275867e+00   1.8193234e+00
   5.7418993e-01   1.4145373e+00   1.3276560e+00   1.8210575e+00
   6.1546920e-01   1.4148743e+00   1.3277304e+00   1.8229225e+00
   6.5971609e-01   1.4152366e+00   1.3278102e+00   1.8249286e+00
   7.0714395e-01   1.4156262e+00   1.3278960e+00   1.8270872e+00
   7.5798146e-01   1.4160451e+00   1.3279881e+00   1.8294103e+00
   8.1247375e-01   1.4164957e+00   1.3280869e+00   1.8319113e+00
   8.7088356e-01   1.4169805e+00   1.3281931e+00   1.8346047e+00
   9.3349252e-01   1.4175022e+00   1.3283072e+00   1.8375062e+00
   1.0006025e+00   1.4180639e+00   1.3284297e+00   1.8406330e+00
   1.0725372e+00   1.4186687e+00   1.3285614e+00   1.8440039e+00
   1.1496433e+00   1.4193203e+00   1.3287029e+00   1.8476394e+00
   1.2322927e+00   1.4200224e+00   1.3288550e+00   1.8515620e+00
   1.3208838e+00   1.4207793e+00   1.3290186e+00   1.8557965e+00
   1.4158439e+00   1.4215955e+00   1.3291944e+00   1.8603698e+00
   1.5176308e+00   1.4224762e+00   1.3293836e+00   1.8653117e+00
   1.6267352e+00   1.4234269e+00   1.3295871e+00   1.8706551e+00
   1.7436834e+00   1.4244537e+00   1.3298061e+00   1.8764361e+00
   1.8690391e+00   1.4255632e+00   1.3300418e+00   1.8826946e+00
   2.0034068e+00   1.4267628e+00   1.3302957e+00   1.8894749e+00
   2.1474343e+00   1.4280607e+00   1.3305692e+00   1.8968260e+00
   2.3018162e+00   1.4294658e+00   1.3308638e+00   1.9048025e+00
   2.4672968e+00   1.4309882e+00   1.3311815e+00   1.9134649e+00
   2.6446740e+00   1.4326389e+00   1.3315241e+00   1.9228808e+00
   2.8348031e+00   1.4344302e+00   1.3318938e+00   1.9331260e+00
   3.0386009e+00   1.4363759e+00   1.3322928e+00   1.9442850e+00
   3.2570499e+00   1.4384912e+00   1.3327238e+00   1.9564532e+00
   3.4912035e+00   1.4407934e+00   1.3331895e+00   1.9697374e+00
   3.7421907e+00   1.4433018e+00   1.3336932e+00   1.9842587e+00
   4.0112218e+00   1.4460380e+00   1.3342381e+00   2.0001538e+00
   4.2995938e+00   1.4490267e+00   1.3348282e+00   2.0175777e+00
   4.6086973e+00   1.4522956e+00   1.3354677e+00   2.0367070e+00
   4.9400226e+00   1.4558762e+00   1.3361612e+00   2.0577428e+00
   5.2951673e+00   1.4598046e+00   1.3369141e+00   2.0809154e+00
   5.6758439e+00   1.4641219e+00   1.3377321e+00   2.1064889e+00
   6.0838878e+00   1.4688752e+00   1.3386219e+00   2.1347672e+00
   6.5212665e+00   1.4741190e+00   1.3395909e+00   2.1661007e+00
   6.9900890e+00   1.4799160e+00   1.3406474e+00   2.2008955e+00
   7.4926157e+00   1.4863391e+00   1.3418009e+00   2.2396223e+00
   8.0312697e+00   1.4934732e+00   1.3430619e+00   2.2828297e+00
   8.6086483e+00   1.5014177e+00   1.3444429e+00   2.3311577e+00
   9.2275354e+00   1.5102895e+00   1.3459577e+00   2.3853557e+00
   9.8909151e+00   1.5202264e+00   1.3476223e+00   2.4463030e+00
   1.0601986e+01   1.5313921e+00   1.3494552e+00   2.5150337e+00
   1.1364177e+01   1.5439813e+00   1.3514779e+00   2.5927667e+00
   1.2181162e+01   1.5582279e+00   1.3537152e+00   2.6809401e+00
   1.3056882e+01   1.5744129e+00   1.3561962e+00   2.7812525e+00
   1.3995559e+01   1.5928768e+00   1.3589553e+00   2.8957099e+00
   1.5001718e+01   1.6140339e+00   1.3620328e+00   3.0266789e+00
   1.6080211e+01   1.6383911e+00   1.3654769e+00   3.1769445e+00
   1.7236239e+01   1.6665719e+00   1.3693451e+00   3.3497691e+00
   1.8475375e+01   1.6993475e+00   1.3737067e+00   3.5489483e+00
   1.9803594e+01   1.7376766e+00   1.3786456e+00   3.7788514e+00
   2.1227300e+01   1.7827571e+00   1.3842643e+00   4.0444328e+00
   2.2753359e+01   1.8360927e+00   1.3906885e+00   4.3511877e+00
   2.4389128e+01   1.8995783e+00   1.3980743e+00   4.7050180e+00
   2.6142495e+01   1.9756090e+00   1.4066161e+00   5.1119646e+00
   2.8021913e+01   2.0672180e+00   1.4165589e+00   5.5777528e+00
   3.0036445e+01   2.1782459e+00   1.4282135e+00   6.1071082e+00
   3.2195805e+01   2.3135426e+00   1.4419778e+00   6.7028265e+00
   3.4510404e+01   2.4791941e+00   1.4583658e+00   7.3646513e+00
   3.6991402e+01   2.6827484e+00   1.4780473e+00   8.0881219e+00
   3.9650763e+01   2.9333875e+00   1.5019029e+00   8.8636853e+00
   4.2501309e+01   3.2419414e+00   1.5311005e+00   9.6764652e+00
   4.5556784e+01   3.6205724e+00   1.5672020e+00   1.0507048e+01
   4.8831921e+01   4.0818831e+00   1.6123109e+00   1.1333420e+01
   5.2342512e+01   4.6371721e+00   1.6692776e+00   1.2133774e+01
   5.6105484e+01   5.2936725e+00   1.7419790e+00   1.2889526e+01
   6.0138982e+01   6.0510043e+00   1.8356914e+00   1.3587682e+01
   6.4462452e+01   6.8977843e+00   1.9575643e+00   1.4221936e+01
   6.9096743e+01   7.8100862e+00   2.1171717e+00   1.4792364e+01
   7.4064199e+01   8.7535029e+00   2.3270415e+00   1.5304023e+01
   7.9388772e+01   9.6892380e+00   2.6029098e+00   1.5765057e+01
   8.5096136e+01   1.0582343e+01   2.9631964e+00   1.6184863e+01
   9.1213809e+01   1.1408648e+01   3.4269214e+00   1.6572653e+01
   9.7771290e+01   1.2157637e+01   4.0092511e+00   1.6936556e+01
   1.0480020e+02   1.2830923e+01   4.7146918e+00   1.7283202e+01
   1.1233442e+02   1.3438098e+01   5.5300956e+00   1.7617656e+01
   1.2041029e+02   1.3992211e+01   6.4221308e+00   1.7943576e+01
   1.2906675e+02   1.4506335e+01   7.3434924e+00   1.8263467e+01
   1.3834553e+02   1.4991636e+01   8.2466718e+00   1.8578953e+01
   1.4829137e+02   1.5456676e+01   9.0976631e+00   1.8891022e+01
   1.5895223e+02   1.5907505e+01   9.8819489e+00   1.9200224e+01
   1.7037951e+02   1.6348095e+01   1.0601625e+01   1.9506819e+01
   1.8262832e+02   1.6780875e+01   1.1268151e+01   1.9810879e+01
   1.9575771e+02   1.7207201e+01   1.1895582e+01   2.0112360e+01
   2.0983099e+02   1.7627727e+01   1.2496446e+01   2.0411144e+01
   2.2491602e+02   1.8042667e+01   1.3080132e+01   2.0707075e+01
   2.4108553e+02   1.8451976e+01   1.3652832e+01   2.0999967e+01
   2.5841749e+02   1.8855455e+01   1.4218150e+01   2.1289625e+01
   2.7699546e+02   1.9252833e+01   1.4777827e+01   2.1575844e+01
   2.9690903e+02   1.9643801e+01   1.5332382e+01   2.1858421e+01
   3.1825421e+02   2.0028043e+01   1.5881578e+01   2.2137150e+01
   3.4113393e+02   2.0405251e+01   1.6424742e+01   2.2411833e+01
   3.6565850e+02   2.0775131e+01   1.6960981e+01   2.2682273e+01
   3.9194617e+02   2.1137410e+01   1.7489308e+01   2.2948279e+01
   4.2012369e+02   2.1491842e+01   1.8008730e+01   2.3209671e+01
   4.5032694e+02   2.1838201e+01   1.8518296e+01   2.3466271e+01
   4.8270154e+02   2.2176290e+01   1.9017130e+01   2.3717915e+01
   5.1740359e+02   2.2505937e+01   1.9504442e+01   2.3964444e+01
   5.5460042e+02   2.2826995e+01   1.9979541e+01   2.4205714e+01
   5.9447137e+02   2.3139341e+01   2.0441836e+01   2.4441588e+01
   6.3720870e+02   2.3442879e+01   2.0890836e+01   2.4671943e+01
   6.8301848e+02   2.3737536e+01   2.1326145e+01   2.4896668e+01
   7.3212158e+02   2.4023263e+01   2.1747463e+01   2.5115665e+01
   7.8475476e+02   2.4300032e+01   2.2154574e+01   2.5328847e+01
   8.4117182e+02   2.4567842e+01   2.2547346e+01   2.5536145e+01
   9.0164477e+02   2.4826708e+01   2.2925721e+01   2.5737500e+01
   9.6646520e+02   2.5076669e+01   2.3289711e+01   2.5932869e+01
