S870 bestfit flat steep
   1.0359457e-03   4.6391071e+00   3.0915220e+00   7.8958627e+00
   1.1104212e-03   4.6391118e+00   3.0915234e+00   7.8958723e+00
   1.1902508e-03   4.6391168e+00   3.0915249e+00   7.8958825e+00
   1.2758195e-03   4.6391221e+00   3.0915265e+00   7.8958934e+00
   1.3675398e-03   4.6391278e+00   3.0915282e+00   7.8959051e+00
   1.4658541e-03   4.6391340e+00   3.0915300e+00   7.8959177e+00
   1.5712363e-03   4.6391406e+00   3.0915320e+00   7.8959312e+00
   1.6841945e-03   4.6391477e+00   3.0915341e+00   7.8959456e+00
   1.8052735e-03   4.6391552e+00   3.0915363e+00   7.8959611e+00
   1.9350570e-03   4.6391634e+00   3.0915388e+00   7.8959777e+00
   2.0741708e-03   4.6391721e+00   3.0915414e+00   7.8959955e+00
   2.2232857e-03   4.6391814e+00   3.0915441e+00   7.8960146e+00
   2.3831206e-03   4.6391914e+00   3.0915471e+00   7.8960350e+00
   2.5544463e-03   4.6392021e+00   3.0915503e+00   7.8960569e+00
   2.7380888e-03   4.6392136e+00   3.0915537e+00   7.8960804e+00
   2.9349336e-03   4.6392259e+00   3.0915574e+00   7.8961056e+00
   3.1459299e-03   4.6392391e+00   3.0915613e+00   7.8961326e+00
   3.3720949e-03   4.6392533e+00   3.0915655e+00   7.8961615e+00
   3.6145193e-03   4.6392685e+00   3.0915700e+00   7.8961925e+00
   3.8743718e-03   4.6392847e+00   3.0915749e+00   7.8962257e+00
   4.1529055e-03   4.6393021e+00   3.0915800e+00   7.8962614e+00
   4.4514634e-03   4.6393208e+00   3.0915856e+00   7.8962995e+00
   4.7714849e-03   4.6393409e+00   3.0915916e+00   7.8963405e+00
   5.1145133e-03   4.6393623e+00   3.0915979e+00   7.8963843e+00
   5.4822024e-03   4.6393853e+00   3.0916048e+00   7.8964314e+00
   5.8763252e-03   4.6394100e+00   3.0916121e+00   7.8964818e+00
   6.2987819e-03   4.6394364e+00   3.0916200e+00   7.8965358e+00
   6.7516097e-03   4.6394648e+00   3.0916284e+00   7.8965937e+00
   7.2369918e-03   4.6394951e+00   3.0916375e+00   7.8966558e+00
   7.7572687e-03   4.6395277e+00   3.0916471e+00   7.8967223e+00
   8.3149490e-03   4.6395626e+00   3.0916575e+00   7.8967937e+00
   8.9127216e-03   4.6396000e+00   3.0916686e+00   7.8968701e+00
   9.5534689e-03   4.6396401e+00   3.0916806e+00   7.8969521e+00
   1.0240280e-02   4.6396831e+00   3.0916934e+00   7.8970399e+00
   1.0976468e-02   4.6397292e+00   3.0917071e+00   7.8971341e+00
   1.1765580e-02   4.6397786e+00   3.0917218e+00   7.8972350e+00
   1.2611424e-02   4.6398315e+00   3.0917375e+00   7.8973432e+00
   1.3518075e-02   4.6398882e+00   3.0917544e+00   7.8974591e+00
   1.4489908e-02   4.6399491e+00   3.0917725e+00   7.8975834e+00
   1.5531606e-02   4.6400143e+00   3.0917919e+00   7.8977166e+00
   1.6648194e-02   4.6400841e+00   3.0918127e+00   7.8978595e+00
   1.7845055e-02   4.6401591e+00   3.0918349e+00   7.8980125e+00
   1.9127959e-02   4.6402394e+00   3.0918588e+00   7.8981766e+00
   2.0503093e-02   4.6403254e+00   3.0918844e+00   7.8983525e+00
   2.1977088e-02   4.6404177e+00   3.0919119e+00   7.8985410e+00
   2.3557050e-02   4.6405166e+00   3.0919413e+00   7.8987431e+00
   2.5250597e-02   4.6406226e+00   3.0919728e+00   7.8989597e+00
   2.7065896e-02   4.6407363e+00   3.0920066e+00   7.8991919e+00
   2.9011699e-02   4.6408581e+00   3.0920429e+00   7.8994408e+00
   3.1097388e-02   4.6409887e+00   3.0920817e+00   7.8997076e+00
   3.3333020e-02   4.6411286e+00   3.0921234e+00   7.8999935e+00
   3.5729375e-02   4.6412787e+00   3.0921680e+00   7.9003000e+00
   3.8298007e-02   4.6414395e+00   3.0922158e+00   7.9006286e+00
   4.1051301e-02   4.6416119e+00   3.0922671e+00   7.9009808e+00
   4.4002533e-02   4.6417967e+00   3.0923221e+00   7.9013583e+00
   4.7165933e-02   4.6419948e+00   3.0923810e+00   7.9017629e+00
   5.0556754e-02   4.6422072e+00   3.0924442e+00   7.9021967e+00
   5.4191346e-02   4.6424348e+00   3.0925119e+00   7.9026616e+00
   5.8087234e-02   4.6426788e+00   3.0925845e+00   7.9031600e+00
   6.2263201e-02   4.6429404e+00   3.0926623e+00   7.9036942e+00
   6.6739385e-02   4.6432208e+00   3.0927457e+00   7.9042668e+00
   7.1537368e-02   4.6435214e+00   3.0928351e+00   7.9048806e+00
   7.6680283e-02   4.6438436e+00   3.0929310e+00   7.9055385e+00
   8.2192930e-02   4.6441891e+00   3.0930338e+00   7.9062438e+00
   8.8101888e-02   4.6445594e+00   3.0931439e+00   7.9069998e+00
   9.4435649e-02   4.6449563e+00   3.0932620e+00   7.9078101e+00
   1.0122475e-01   4.6453819e+00   3.0933886e+00   7.9086787e+00
   1.0850193e-01   4.6458381e+00   3.0935243e+00   7.9096098e+00
   1.1630228e-01   4.6463271e+00   3.0936698e+00   7.9106079e+00
   1.2466341e-01   4.6468514e+00   3.0938258e+00   7.9116778e+00
   1.3362562e-01   4.6474135e+00   3.0939930e+00   7.9128246e+00
   1.4323214e-01   4.6480161e+00   3.0941723e+00   7.9140539e+00
   1.5352929e-01   4.6486621e+00   3.0943645e+00   7.9153716e+00
   1.6456672e-01   4.6493547e+00   3.0945706e+00   7.9167842e+00
   1.7639763e-01   4.6500973e+00   3.0947915e+00   7.9182983e+00
   1.8907909e-01   4.6508934e+00   3.0950283e+00   7.9199214e+00
   2.0267224e-01   4.6517469e+00   3.0952823e+00   7.9216613e+00
   2.1724261e-01   4.6526620e+00   3.0955545e+00   7.9235264e+00
   2.3286047e-01   4.6536432e+00   3.0958465e+00   7.9255257e+00
   2.4960112e-01   4.6546952e+00   3.0961595e+00   7.9276689e+00
   2.6754527e-01   4.6558232e+00   3.0964951e+00   7.9299663e+00
   2.8677945e-01   4.6570327e+00   3.0968550e+00   7.9324290e+00
   3.0739641e-01   4.6583296e+00   3.0972409e+00   7.9350690e+00
   3.2949554e-01   4.6597203e+00   3.0976547e+00   7.9378991e+00
   3.5318341e-01   4.6612115e+00   3.0980985e+00   7.9409329e+00
   3.7857423e-01   4.6628106e+00   3.0985744e+00   7.9441851e+00
   4.0579043e-01   4.6645255e+00   3.0990847e+00   7.9476716e+00
   4.3496324e-01   4.6663647e+00   3.0996320e+00   7.9514090e+00
   4.6623332e-01   4.6683370e+00   3.1002191e+00   7.9554157e+00
   4.9975145e-01   4.6704524e+00   3.1008486e+00   7.9597110e+00
   5.3567924e-01   4.6727213e+00   3.1015240e+00   7.9643157e+00
   5.7418993e-01   4.6751549e+00   3.1022483e+00   7.9692522e+00
   6.1546920e-01   4.6777652e+00   3.1030253e+00   7.9745443e+00
   6.5971609e-01   4.6805654e+00   3.1038589e+00   7.9802179e+00
   7.0714395e-01   4.6835692e+00   3.1047532e+00   7.9863005e+00
   7.5798146e-01   4.6867918e+00   3.1057126e+00   7.9928216e+00
   8.1247375e-01   4.6902493e+00   3.1067421e+00   7.9998128e+00
   8.7088356e-01   4.6939590e+00   3.1078467e+00   8.0073083e+00
   9.3349252e-01   4.6979396e+00   3.1090321e+00   8.0153445e+00
   1.0006025e+00   4.7022112e+00   3.1103043e+00   8.0239605e+00
   1.0725372e+00   4.7067955e+00   3.1116697e+00   8.0331982e+00
   1.1496433e+00   4.7117158e+00   3.1131353e+00   8.0431027e+00
   1.2322927e+00   4.7169971e+00   3.1147087e+00   8.0537222e+00
   1.3208838e+00   4.7226665e+00   3.1163980e+00   8.0651086e+00
   1.4158439e+00   4.7287532e+00   3.1182118e+00   8.0773174e+00
   1.5176308e+00   4.7352886e+00   3.1201596e+00   8.0904083e+00
   1.6267352e+00   4.7423066e+00   3.1222516e+00   8.1044452e+00
   1.7436834e+00   4.7498438e+00   3.1244987e+00   8.1194967e+00
   1.8690391e+00   4.7579396e+00   3.1269129e+00   8.1356364e+00
   2.0034068e+00   4.7666368e+00   3.1295070e+00   8.1529433e+00
   2.1474343e+00   4.7759813e+00   3.1322949e+00   8.1715022e+00
   2.3018162e+00   4.7860232e+00   3.1352916e+00   8.1914038e+00
   2.4672968e+00   4.7968161e+00   3.1385134e+00   8.2127457e+00
   2.6446740e+00   4.8084184e+00   3.1419779e+00   8.2356323e+00
   2.8348031e+00   4.8208934e+00   3.1457042e+00   8.2601758e+00
   3.0386009e+00   4.8343092e+00   3.1497132e+00   8.2864963e+00
   3.2570499e+00   4.8487401e+00   3.1540274e+00   8.3147228e+00
   3.4912035e+00   4.8642665e+00   3.1586713e+00   8.3449933e+00
   3.7421907e+00   4.8809756e+00   3.1636717e+00   8.3774557e+00
   4.0112218e+00   4.8989622e+00   3.1690575e+00   8.4122685e+00
   4.2995938e+00   4.9183293e+00   3.1748605e+00   8.4496014e+00
   4.6086973e+00   4.9391889e+00   3.1811152e+00   8.4896359e+00
   4.9400226e+00   4.9616627e+00   3.1878595e+00   8.5325662e+00
   5.2951673e+00   4.9858835e+00   3.1951347e+00   8.5785997e+00
   5.6758439e+00   5.0119959e+00   3.2029860e+00   8.6279581e+00
   6.0838878e+00   5.0401574e+00   3.2114630e+00   8.6808777e+00
   6.5212665e+00   5.0705401e+00   3.2206203e+00   8.7376103e+00
   6.9900890e+00   5.1033315e+00   3.2305177e+00   8.7984238e+00
   7.4926157e+00   5.1387368e+00   3.2412211e+00   8.8636029e+00
   8.0312697e+00   5.1769799e+00   3.2528032e+00   8.9334493e+00
   8.6086483e+00   5.2183059e+00   3.2653443e+00   9.0082825e+00
   9.2275354e+00   5.2629825e+00   3.2789331e+00   9.0884391e+00
   9.8909151e+00   5.3113028e+00   3.2936679e+00   9.1742738e+00
   1.0601986e+01   5.3635872e+00   3.3096577e+00   9.2661579e+00
   1.1364177e+01   5.4201865e+00   3.3270236e+00   9.3644791e+00
   1.2181162e+01   5.4814841e+00   3.3459005e+00   9.4696401e+00
   1.3056882e+01   5.5478990e+00   3.3664388e+00   9.5820564e+00
   1.3995559e+01   5.6198891e+00   3.3888063e+00   9.7021541e+00
   1.5001718e+01   5.6979535e+00   3.4131909e+00   9.8303659e+00
   1.6080211e+01   5.7826362e+00   3.4398031e+00   9.9671271e+00
   1.7236239e+01   5.8745282e+00   3.4688792e+00   1.0112870e+01
   1.8475375e+01   5.9742703e+00   3.5006848e+00   1.0268016e+01
   1.9803594e+01   6.0825544e+00   3.5355191e+00   1.0432971e+01
   2.1227300e+01   6.2001252e+00   3.5737193e+00   1.0608110e+01
   2.2753359e+01   6.3277790e+00   3.6156662e+00   1.0793773e+01
   2.4389128e+01   6.4663623e+00   3.6617901e+00   1.0990246e+01
   2.6142495e+01   6.6167673e+00   3.7125778e+00   1.1197753e+01
   2.8021913e+01   6.7799245e+00   3.7685801e+00   1.1416441e+01
   3.0036445e+01   6.9567918e+00   3.8304207e+00   1.1646362e+01
   3.2195805e+01   7.1483393e+00   3.8988050e+00   1.1887465e+01
   3.4510404e+01   7.3555286e+00   3.9745308e+00   1.2139580e+01
   3.6991402e+01   7.5792863e+00   4.0584987e+00   1.2402406e+01
   3.9650763e+01   7.8204714e+00   4.1517226e+00   1.2675512e+01
   4.2501309e+01   8.0798359e+00   4.2553404e+00   1.2958329e+01
   4.5556784e+01   8.3579811e+00   4.3706228e+00   1.3250158e+01
   4.8831921e+01   8.6553087e+00   4.4989796e+00   1.3550180e+01
   5.2342512e+01   8.9719719e+00   4.6419616e+00   1.3857474e+01
   5.6105484e+01   9.3078292e+00   4.8012558e+00   1.4171043e+01
   6.0138982e+01   9.6624060e+00   4.9786710e+00   1.4489844e+01
   6.4462452e+01   1.0034871e+01   5.1761097e+00   1.4812822e+01
   6.9096743e+01   1.0424030e+01   5.3955242e+00   1.5138946e+01
   7.4064199e+01   1.0828348e+01   5.6388515e+00   1.5467241e+01
   7.9388772e+01   1.1245996e+01   5.9079261e+00   1.5796816e+01
   8.5096136e+01   1.1674921e+01   6.2043703e+00   1.6126890e+01
   9.1213809e+01   1.2112942e+01   6.5294664e+00   1.6456799e+01
   9.7771290e+01   1.2557852e+01   6.8840199e+00   1.6786001e+01
   1.0480020e+02   1.3007523e+01   7.2682291e+00   1.7114070e+01
   1.1233442e+02   1.3459995e+01   7.6815828e+00   1.7440680e+01
   1.2041029e+02   1.3913544e+01   8.1228078e+00   1.7765586e+01
   1.2906675e+02   1.4366719e+01   8.5898879e+00   1.8088603e+01
   1.3834553e+02   1.4818346e+01   9.0801618e+00   1.8409583e+01
   1.4829137e+02   1.5267504e+01   9.5904964e+00   1.8728397e+01
   1.5895223e+02   1.5713483e+01   1.0117510e+01   1.9044919e+01
   1.7037951e+02   1.6155734e+01   1.0657811e+01   1.9359018e+01
   1.8262832e+02   1.6593814e+01   1.1208200e+01   1.9670550e+01
   1.9575771e+02   1.7027340e+01   1.1765823e+01   1.9979355e+01
   2.0983099e+02   1.7455960e+01   1.2328229e+01   2.0285263e+01
   2.2491602e+02   1.7879326e+01   1.2893364e+01   2.0588091e+01
   2.4108553e+02   1.8297092e+01   1.3459506e+01   2.0887648e+01
   2.5841749e+02   1.8708905e+01   1.4025169e+01   2.1183739e+01
   2.7699546e+02   1.9114416e+01   1.4589017e+01   2.1476165e+01
   2.9690903e+02   1.9513281e+01   1.5149786e+01   2.1764728e+01
   3.1825421e+02   1.9905168e+01   1.5706250e+01   2.2049231e+01
   3.4113393e+02   2.0289765e+01   1.6257198e+01   2.2329481e+01
   3.6565850e+02   2.0666780e+01   1.6801446e+01   2.2605288e+01
   3.9194617e+02   2.1035943e+01   1.7337846e+01   2.2876469e+01
   4.2012369e+02   2.1397011e+01   1.7865315e+01   2.3142843e+01
   4.5032694e+02   2.1749765e+01   1.8382845e+01   2.3404242e+01
   4.8270154e+02   2.2094012e+01   1.8889521e+01   2.3660502e+01
   5.1740359e+02   2.2429583e+01   1.9384528e+01   2.3911468e+01
   5.5460042e+02   2.2756335e+01   1.9867154e+01   2.4156995e+01
   5.9447137e+02   2.3074148e+01   2.0336793e+01   2.4396951e+01
   6.3720870e+02   2.3382927e+01   2.0792940e+01   2.4631212e+01
   6.8301848e+02   2.3682602e+01   2.1235189e+01   2.4859667e+01
   7.3212158e+02   2.3973124e+01   2.1663228e+01   2.5082218e+01
   7.8475476e+02   2.4254466e+01   2.2076834e+01   2.5298779e+01
   8.4117182e+02   2.4526627e+01   2.2475865e+01   2.5509280e+01
   9.0164477e+02   2.4789623e+01   2.2860256e+01   2.5713662e+01
   9.6646520e+02   2.5043492e+01   2.3230011e+01   2.5911881e+01
