S870 bestfit flat steep
   1.0359457e-03   1.4018342e+00   1.3236172e+00   1.7569338e+00
   1.1104212e-03   1.4018348e+00   1.3236173e+00   1.7569368e+00
   1.1902508e-03   1.4018353e+00   1.3236174e+00   1.7569399e+00
   1.2758195e-03   1.4018360e+00   1.3236176e+00   1.7569434e+00
   1.3675398e-03   1.4018367e+00   1.3236177e+00   1.7569470e+00
   1.4658541e-03   1.4018374e+00   1.3236179e+00   1.7569509e+00
   1.5712363e-03   1.4018382e+00   1.3236181e+00   1.7569551e+00
   1.6841945e-03   1.4018390e+00   1.3236183e+00   1.7569596e+00
   1.8052735e-03   1.4018399e+00   1.3236185e+00   1.7569644e+00
   1.9350570e-03   1.4018408e+00   1.3236187e+00   1.7569696e+00
   2.0741708e-03   1.4018419e+00   1.3236189e+00   1.7569751e+00
   2.2232857e-03   1.4018430e+00   1.3236192e+00   1.7569811e+00
   2.3831206e-03   1.4018442e+00   1.3236195e+00   1.7569874e+00
   2.5544463e-03   1.4018454e+00   1.3236198e+00   1.7569942e+00
   2.7380888e-03   1.4018468e+00   1.3236201e+00   1.7570015e+00
   2.9349336e-03   1.4018482e+00   1.3236204e+00   1.7570094e+00
   3.1459299e-03   1.4018498e+00   1.3236208e+00   1.7570178e+00
   3.3720949e-03   1.4018515e+00   1.3236211e+00   1.7570268e+00
   3.6145193e-03   1.4018533e+00   1.3236216e+00   1.7570364e+00
   3.8743718e-03   1.4018552e+00   1.3236220e+00   1.7570468e+00
   4.1529055e-03   1.4018572e+00   1.3236225e+00   1.7570578e+00
   4.4514634e-03   1.4018594e+00   1.3236230e+00   1.7570697e+00
   4.7714849e-03   1.4018618e+00   1.3236235e+00   1.7570825e+00
   5.1145133e-03   1.4018643e+00   1.3236241e+00   1.7570961e+00
   5.4822024e-03   1.4018671e+00   1.3236247e+00   1.7571108e+00
   5.8763252e-03   1.4018700e+00   1.3236254e+00   1.7571264e+00
   6.2987819e-03   1.4018731e+00   1.3236261e+00   1.7571433e+00
   6.7516097e-03   1.4018764e+00   1.3236269e+00   1.7571613e+00
   7.2369918e-03   1.4018800e+00   1.3236277e+00   1.7571806e+00
   7.7572687e-03   1.4018839e+00   1.3236286e+00   1.7572013e+00
   8.3149490e-03   1.4018880e+00   1.3236295e+00   1.7572235e+00
   8.9127216e-03   1.4018924e+00   1.3236306e+00   1.7572473e+00
   9.5534689e-03   1.4018971e+00   1.3236316e+00   1.7572728e+00
   1.0240280e-02   1.4019022e+00   1.3236328e+00   1.7573002e+00
   1.0976468e-02   1.4019077e+00   1.3236341e+00   1.7573295e+00
   1.1765580e-02   1.4019135e+00   1.3236354e+00   1.7573609e+00
   1.2611424e-02   1.4019197e+00   1.3236368e+00   1.7573946e+00
   1.3518075e-02   1.4019264e+00   1.3236384e+00   1.7574307e+00
   1.4489908e-02   1.4019336e+00   1.3236400e+00   1.7574694e+00
   1.5531606e-02   1.4019413e+00   1.3236418e+00   1.7575109e+00
   1.6648194e-02   1.4019496e+00   1.3236437e+00   1.7575554e+00
   1.7845055e-02   1.4019584e+00   1.3236457e+00   1.7576031e+00
   1.9127959e-02   1.4019679e+00   1.3236479e+00   1.7576542e+00
   2.0503093e-02   1.4019781e+00   1.3236502e+00   1.7577090e+00
   2.1977088e-02   1.4019890e+00   1.3236527e+00   1.7577678e+00
   2.3557050e-02   1.4020007e+00   1.3236554e+00   1.7578308e+00
   2.5250597e-02   1.4020132e+00   1.3236583e+00   1.7578983e+00
   2.7065896e-02   1.4020266e+00   1.3236614e+00   1.7579706e+00
   2.9011699e-02   1.4020410e+00   1.3236647e+00   1.7580482e+00
   3.1097388e-02   1.4020565e+00   1.3236682e+00   1.7581314e+00
   3.3333020e-02   1.4020730e+00   1.3236720e+00   1.7582206e+00
   3.5729375e-02   1.4020908e+00   1.3236761e+00   1.7583162e+00
   3.8298007e-02   1.4021098e+00   1.3236805e+00   1.7584187e+00
   4.1051301e-02   1.4021302e+00   1.3236852e+00   1.7585287e+00
   4.4002533e-02   1.4021520e+00   1.3236902e+00   1.7586465e+00
   4.7165933e-02   1.4021755e+00   1.3236956e+00   1.7587728e+00
   5.0556754e-02   1.4022006e+00   1.3237013e+00   1.7589083e+00
   5.4191346e-02   1.4022275e+00   1.3237075e+00   1.7590535e+00
   5.8087234e-02   1.4022564e+00   1.3237141e+00   1.7592092e+00
   6.2263201e-02   1.4022874e+00   1.3237213e+00   1.7593762e+00
   6.6739385e-02   1.4023206e+00   1.3237289e+00   1.7595553e+00
   7.1537368e-02   1.4023562e+00   1.3237370e+00   1.7597473e+00
   7.6680283e-02   1.4023944e+00   1.3237458e+00   1.7599532e+00
   8.2192930e-02   1.4024353e+00   1.3237552e+00   1.7601739e+00
   8.8101888e-02   1.4024792e+00   1.3237652e+00   1.7604107e+00
   9.4435649e-02   1.4025262e+00   1.3237760e+00   1.7606646e+00
   1.0122475e-01   1.4025767e+00   1.3237876e+00   1.7609370e+00
   1.0850193e-01   1.4026308e+00   1.3238000e+00   1.7612290e+00
   1.1630228e-01   1.4026889e+00   1.3238133e+00   1.7615423e+00
   1.2466341e-01   1.4027511e+00   1.3238275e+00   1.7618783e+00
   1.3362562e-01   1.4028179e+00   1.3238428e+00   1.7622387e+00
   1.4323214e-01   1.4028895e+00   1.3238592e+00   1.7626254e+00
   1.5352929e-01   1.4029663e+00   1.3238768e+00   1.7630402e+00
   1.6456672e-01   1.4030487e+00   1.3238956e+00   1.7634852e+00
   1.7639763e-01   1.4031370e+00   1.3239158e+00   1.7639626e+00
   1.8907909e-01   1.4032318e+00   1.3239375e+00   1.7644749e+00
   2.0267224e-01   1.4033335e+00   1.3239607e+00   1.7650246e+00
   2.1724261e-01   1.4034426e+00   1.3239857e+00   1.7656145e+00
   2.3286047e-01   1.4035597e+00   1.3240124e+00   1.7662477e+00
   2.4960112e-01   1.4036853e+00   1.3240411e+00   1.7669272e+00
   2.6754527e-01   1.4038202e+00   1.3240718e+00   1.7676567e+00
   2.8677945e-01   1.4039648e+00   1.3241048e+00   1.7684399e+00
   3.0739641e-01   1.4041201e+00   1.3241401e+00   1.7692807e+00
   3.2949554e-01   1.4042868e+00   1.3241781e+00   1.7701836e+00
   3.5318341e-01   1.4044657e+00   1.3242188e+00   1.7711532e+00
   3.7857423e-01   1.4046578e+00   1.3242624e+00   1.7721947e+00
   4.0579043e-01   1.4048641e+00   1.3243093e+00   1.7733135e+00
   4.3496324e-01   1.4050856e+00   1.3243595e+00   1.7745155e+00
   4.6623332e-01   1.4053236e+00   1.3244134e+00   1.7758072e+00
   4.9975145e-01   1.4055791e+00   1.3244713e+00   1.7771955e+00
   5.3567924e-01   1.4058537e+00   1.3245334e+00   1.7786879e+00
   5.7418993e-01   1.4061487e+00   1.3246001e+00   1.7802926e+00
   6.1546920e-01   1.4064658e+00   1.3246716e+00   1.7820183e+00
   6.5971609e-01   1.4068066e+00   1.3247484e+00   1.7838747e+00
   7.0714395e-01   1.4071730e+00   1.3248309e+00   1.7858721e+00
   7.5798146e-01   1.4075671e+00   1.3249194e+00   1.7880219e+00
   8.1247375e-01   1.4079909e+00   1.3250145e+00   1.7903364e+00
   8.7088356e-01   1.4084470e+00   1.3251166e+00   1.7928289e+00
   9.3349252e-01   1.4089377e+00   1.3252262e+00   1.7955140e+00
   1.0006025e+00   1.4094660e+00   1.3253441e+00   1.7984077e+00
   1.0725372e+00   1.4100349e+00   1.3254707e+00   1.8015274e+00
   1.1496433e+00   1.4106477e+00   1.3256067e+00   1.8048920e+00
   1.2322927e+00   1.4113081e+00   1.3257530e+00   1.8085225e+00
   1.3208838e+00   1.4120199e+00   1.3259102e+00   1.8124416e+00
   1.4158439e+00   1.4127876e+00   1.3260792e+00   1.8166746e+00
   1.5176308e+00   1.4136158e+00   1.3262611e+00   1.8212489e+00
   1.6267352e+00   1.4145099e+00   1.3264567e+00   1.8261949e+00
   1.7436834e+00   1.4154754e+00   1.3266673e+00   1.8315462e+00
   1.8690391e+00   1.4165186e+00   1.3268939e+00   1.8373399e+00
   2.0034068e+00   1.4176466e+00   1.3271380e+00   1.8436169e+00
   2.1474343e+00   1.4188669e+00   1.3274009e+00   1.8504227e+00
   2.3018162e+00   1.4201881e+00   1.3276841e+00   1.8578078e+00
   2.4672968e+00   1.4216193e+00   1.3279895e+00   1.8658285e+00
   2.6446740e+00   1.4231711e+00   1.3283188e+00   1.8745477e+00
   2.8348031e+00   1.4248550e+00   1.3286741e+00   1.8840353e+00
   3.0386009e+00   1.4266839e+00   1.3290577e+00   1.8943702e+00
   3.2570499e+00   1.4286721e+00   1.3294719e+00   1.9056407e+00
   3.4912035e+00   1.4308358e+00   1.3299195e+00   1.9179463e+00
   3.7421907e+00   1.4331931e+00   1.3304035e+00   1.9313993e+00
   4.0112218e+00   1.4357644e+00   1.3309272e+00   1.9461269e+00
   4.2995938e+00   1.4385726e+00   1.3314943e+00   1.9622733e+00
   4.6086973e+00   1.4416439e+00   1.3321087e+00   1.9800028e+00
   4.9400226e+00   1.4450078e+00   1.3327751e+00   1.9995028e+00
   5.2951673e+00   1.4486980e+00   1.3334984e+00   2.0209877e+00
   5.6758439e+00   1.4527532e+00   1.3342844e+00   2.0447037e+00
   6.0838878e+00   1.4572174e+00   1.3351392e+00   2.0709344e+00
   6.5212665e+00   1.4621418e+00   1.3360700e+00   2.1000071e+00
   6.9900890e+00   1.4675851e+00   1.3370848e+00   2.1323010e+00
   7.4926157e+00   1.4736156e+00   1.3381926e+00   2.1682568e+00
   8.0312697e+00   1.4803129e+00   1.3394036e+00   2.2083880e+00
   8.6086483e+00   1.4877702e+00   1.3407297e+00   2.2532948e+00
   9.2275354e+00   1.4960969e+00   1.3421841e+00   2.3036809e+00
   9.8909151e+00   1.5054222e+00   1.3437822e+00   2.3603732e+00
   1.0601986e+01   1.5158993e+00   1.3455416e+00   2.4243463e+00
   1.1364177e+01   1.5277111e+00   1.3474830e+00   2.4967508e+00
   1.2181162e+01   1.5410765e+00   1.3496300e+00   2.5789478e+00
   1.3056882e+01   1.5562590e+00   1.3520106e+00   2.6725490e+00
   1.3995559e+01   1.5735780e+00   1.3546575e+00   2.7794642e+00
   1.5001718e+01   1.5934220e+00   1.3576095e+00   2.9019544e+00
   1.6080211e+01   1.6162666e+00   1.3609124e+00   3.0426914e+00
   1.7236239e+01   1.6426973e+00   1.3646214e+00   3.2048214e+00
   1.8475375e+01   1.6734385e+00   1.3688026e+00   3.3920264e+00
   1.9803594e+01   1.7093914e+00   1.3735362e+00   3.6085759e+00
   2.1227300e+01   1.7516834e+00   1.3789200e+00   3.8593546e+00
   2.2753359e+01   1.8017310e+00   1.3850743e+00   4.1498411e+00
   2.4389128e+01   1.8613218e+00   1.3921478e+00   4.4860063e+00
   2.6142495e+01   1.9327194e+00   1.4003264e+00   4.8740852e+00
   2.8021913e+01   2.0187962e+00   1.4098438e+00   5.3201679e+00
   3.0036445e+01   2.1231992e+00   1.4209965e+00   5.8295576e+00
   3.2195805e+01   2.2505491e+00   1.4341644e+00   6.4058655e+00
   3.4510404e+01   2.4066683e+00   1.4498378e+00   7.0498740e+00
   3.6991402e+01   2.5988168e+00   1.4686558e+00   7.7583079e+00
   3.9650763e+01   2.8358876e+00   1.4914590e+00   8.5227924e+00
   4.2501309e+01   3.1284675e+00   1.5193621e+00   9.3294041e+00
   4.5556784e+01   3.4885995e+00   1.5538566e+00   1.0159227e+01
   4.8831921e+01   3.9290066e+00   1.5969521e+00   1.0990129e+01
   5.2342512e+01   4.4614876e+00   1.6513743e+00   1.1799561e+01
   5.6105484e+01   5.0942791e+00   1.7208343e+00   1.2567731e+01
   6.0138982e+01   5.8285317e+00   1.8103907e+00   1.3280257e+01
   6.4462452e+01   6.6547420e+00   1.9269125e+00   1.3929563e+01
   6.9096743e+01   7.5507966e+00   2.0796247e+00   1.4514765e+01
   7.4064199e+01   8.4834947e+00   2.2806469e+00   1.5040353e+01
   7.9388772e+01   9.4142536e+00   2.5452880e+00   1.5514249e+01
   8.5096136e+01   1.0307359e+01   2.8916177e+00   1.5945870e+01
   9.1213809e+01   1.1137305e+01   3.3385489e+00   1.6344581e+01
   9.7771290e+01   1.1892193e+01   3.9015997e+00   1.6718706e+01
   1.0480020e+02   1.2572587e+01   4.5862504e+00   1.7075053e+01
   1.1233442e+02   1.3187456e+01   5.3808857e+00   1.7418826e+01
   1.2041029e+02   1.3749574e+01   6.2538658e+00   1.7753772e+01
   1.2906675e+02   1.4271932e+01   7.1591720e+00   1.8082448e+01
   1.3834553e+02   1.4765687e+01   8.0498350e+00   1.8406498e+01
   1.4829137e+02   1.5239400e+01   8.8917404e+00   1.8726912e+01
   1.5895223e+02   1.5699087e+01   9.6699649e+00   1.9044235e+01
   1.7037951e+02   1.6148668e+01   1.0386185e+01   1.9358717e+01
   1.8262832e+02   1.6590497e+01   1.1051525e+01   1.9670424e+01
   1.9575771e+02   1.7025855e+01   1.1679767e+01   1.9979305e+01
   2.0983099e+02   1.7455328e+01   1.2283182e+01   2.0285244e+01
   2.2491602e+02   1.7879072e+01   1.2870900e+01   2.0588085e+01
   2.4108553e+02   1.8296995e+01   1.3448848e+01   2.0887646e+01
   2.5841749e+02   1.8708871e+01   1.4020370e+01   2.1183738e+01
   2.7699546e+02   1.9114405e+01   1.4586972e+01   2.1476165e+01
   2.9690903e+02   1.9513277e+01   1.5148966e+01   2.1764728e+01
   3.1825421e+02   1.9905167e+01   1.5705941e+01   2.2049231e+01
   3.4113393e+02   2.0289765e+01   1.6257090e+01   2.2329481e+01
   3.6565850e+02   2.0666780e+01   1.6801410e+01   2.2605288e+01
   3.9194617e+02   2.1035943e+01   1.7337836e+01   2.2876469e+01
   4.2012369e+02   2.1397011e+01   1.7865312e+01   2.3142843e+01
   4.5032694e+02   2.1749765e+01   1.8382845e+01   2.3404242e+01
   4.8270154e+02   2.2094012e+01   1.8889521e+01   2.3660502e+01
   5.1740359e+02   2.2429583e+01   1.9384528e+01   2.3911468e+01
   5.5460042e+02   2.2756335e+01   1.9867154e+01   2.4156995e+01
   5.9447137e+02   2.3074148e+01   2.0336793e+01   2.4396951e+01
   6.3720870e+02   2.3382927e+01   2.0792940e+01   2.4631212e+01
   6.8301848e+02   2.3682602e+01   2.1235189e+01   2.4859667e+01
   7.3212158e+02   2.3973124e+01   2.1663228e+01   2.5082218e+01
   7.8475476e+02   2.4254466e+01   2.2076834e+01   2.5298779e+01
   8.4117182e+02   2.4526627e+01   2.2475865e+01   2.5509280e+01
   9.0164477e+02   2.4789623e+01   2.2860256e+01   2.5713662e+01
   9.6646520e+02   2.5043492e+01   2.3230011e+01   2.5911881e+01
