S870 karim steep flat veryflat verysteep
   1.0359457e-03   3.0469739e+00   2.0905473e+00   3.0469739e+00   3.0469739e+00   3.0469739e+00
   1.1104212e-03   3.0469739e+00   2.0905473e+00   3.0469739e+00   3.0469739e+00   3.0469739e+00
   1.1902508e-03   3.0469739e+00   2.0905473e+00   3.0469739e+00   3.0469739e+00   3.0469739e+00
   1.2758195e-03   3.0469739e+00   2.0905473e+00   3.0469739e+00   3.0469739e+00   3.0469739e+00
   1.3675398e-03   3.0469739e+00   2.0905473e+00   3.0469739e+00   3.0469739e+00   3.0469739e+00
   1.4658541e-03   3.0469739e+00   2.0905473e+00   3.0469739e+00   3.0469739e+00   3.0469739e+00
   1.5712363e-03   3.0469739e+00   2.0905473e+00   3.0469739e+00   3.0469739e+00   3.0469739e+00
   1.6841945e-03   3.0469739e+00   2.0905473e+00   3.0469739e+00   3.0469739e+00   3.0469739e+00
   1.8052735e-03   3.0469739e+00   2.0905473e+00   3.0469739e+00   3.0469739e+00   3.0469739e+00
   1.9350570e-03   3.0469739e+00   2.0905473e+00   3.0469739e+00   3.0469739e+00   3.0469739e+00
   2.0741708e-03   3.0469739e+00   2.0905473e+00   3.0469739e+00   3.0469739e+00   3.0469739e+00
   2.2232857e-03   3.0469739e+00   2.0905473e+00   3.0469739e+00   3.0469739e+00   3.0469739e+00
   2.3831206e-03   3.0469739e+00   2.0905473e+00   3.0469739e+00   3.0469739e+00   3.0469739e+00
   2.5544463e-03   3.0469739e+00   2.0905473e+00   3.0469739e+00   3.0469739e+00   3.0469739e+00
   2.7380888e-03   3.0469739e+00   2.0905473e+00   3.0469739e+00   3.0469739e+00   3.0469739e+00
   2.9349336e-03   3.0469739e+00   2.0905473e+00   3.0469739e+00   3.0469739e+00   3.0469739e+00
   3.1459299e-03   3.0469739e+00   2.0905473e+00   3.0469739e+00   3.0469739e+00   3.0469739e+00
   3.3720949e-03   3.0469739e+00   2.0905473e+00   3.0469739e+00   3.0469739e+00   3.0469739e+00
   3.6145193e-03   3.0469739e+00   2.0905473e+00   3.0469739e+00   3.0469739e+00   3.0469739e+00
   3.8743718e-03   3.0469739e+00   2.0905473e+00   3.0469739e+00   3.0469739e+00   3.0469739e+00
   4.1529055e-03   3.0469739e+00   2.0905473e+00   3.0469739e+00   3.0469739e+00   3.0469739e+00
   4.4514634e-03   3.0469739e+00   2.0905473e+00   3.0469739e+00   3.0469739e+00   3.0469739e+00
   4.7714849e-03   3.0469739e+00   2.0905473e+00   3.0469739e+00   3.0469739e+00   3.0469739e+00
   5.1145133e-03   3.0469739e+00   2.0905473e+00   3.0469739e+00   3.0469739e+00   3.0469739e+00
   5.4822024e-03   3.0469739e+00   2.0905473e+00   3.0469739e+00   3.0469739e+00   3.0469739e+00
   5.8763252e-03   3.0469739e+00   2.0905473e+00   3.0469739e+00   3.0469739e+00   3.0469739e+00
   6.2987819e-03   3.0469739e+00   2.0905473e+00   3.0469739e+00   3.0469739e+00   3.0469739e+00
   6.7516097e-03   3.0469739e+00   2.0905473e+00   3.0469739e+00   3.0469739e+00   3.0469739e+00
   7.2369918e-03   3.0469739e+00   2.0905473e+00   3.0469739e+00   3.0469739e+00   3.0469739e+00
   7.7572687e-03   3.0469739e+00   2.0905473e+00   3.0469739e+00   3.0469739e+00   3.0469739e+00
   8.3149490e-03   3.0469739e+00   2.0905473e+00   3.0469739e+00   3.0469739e+00   3.0469739e+00
   8.9127216e-03   3.0469739e+00   2.0905473e+00   3.0469739e+00   3.0469739e+00   3.0469739e+00
   9.5534689e-03   3.0469739e+00   2.0905473e+00   3.0469739e+00   3.0469739e+00   3.0469739e+00
   1.0240280e-02   3.0469739e+00   2.0905473e+00   3.0469739e+00   3.0469739e+00   3.0469739e+00
   1.0976468e-02   3.0469739e+00   2.0905473e+00   3.0469739e+00   3.0469739e+00   3.0469739e+00
   1.1765580e-02   3.0469739e+00   2.0905473e+00   3.0469739e+00   3.0469739e+00   3.0469739e+00
   1.2611424e-02   3.0469739e+00   2.0905473e+00   3.0469739e+00   3.0469739e+00   3.0469739e+00
   1.3518075e-02   3.0469739e+00   2.0905473e+00   3.0469739e+00   3.0469739e+00   3.0469739e+00
   1.4489908e-02   3.0469739e+00   2.0905473e+00   3.0469739e+00   3.0469739e+00   3.0469739e+00
   1.5531606e-02   3.0469739e+00   2.0905473e+00   3.0469739e+00   3.0469739e+00   3.0469739e+00
   1.6648194e-02   3.0469739e+00   2.0905473e+00   3.0469739e+00   3.0469739e+00   3.0469739e+00
   1.7845055e-02   3.0469739e+00   2.0905473e+00   3.0469739e+00   3.0469739e+00   3.0469739e+00
   1.9127959e-02   3.0469739e+00   2.0905473e+00   3.0469739e+00   3.0469739e+00   3.0469739e+00
   2.0503093e-02   3.0469739e+00   2.0905473e+00   3.0469739e+00   3.0469739e+00   3.0469739e+00
   2.1977088e-02   3.0469739e+00   2.0905473e+00   3.0469739e+00   3.0469739e+00   3.0469739e+00
   2.3557050e-02   3.0469739e+00   2.0905473e+00   3.0469739e+00   3.0469739e+00   3.0469739e+00
   2.5250597e-02   3.0469739e+00   2.0905473e+00   3.0469739e+00   3.0469739e+00   3.0469739e+00
   2.7065896e-02   3.0469739e+00   2.0905473e+00   3.0469739e+00   3.0469739e+00   3.0469739e+00
   2.9011699e-02   3.0469739e+00   2.0905473e+00   3.0469739e+00   3.0469739e+00   3.0469739e+00
   3.1097388e-02   3.0469739e+00   2.0905473e+00   3.0469739e+00   3.0469739e+00   3.0469739e+00
   3.3333020e-02   3.0469739e+00   2.0905473e+00   3.0469739e+00   3.0469739e+00   3.0469739e+00
   3.5729375e-02   3.0469739e+00   2.0905473e+00   3.0469739e+00   3.0469739e+00   3.0469739e+00
   3.8298007e-02   3.0469739e+00   2.0905473e+00   3.0469739e+00   3.0469739e+00   3.0469739e+00
   4.1051301e-02   3.0469739e+00   2.0905473e+00   3.0469739e+00   3.0469739e+00   3.0469739e+00
   4.4002533e-02   3.0469739e+00   2.0905473e+00   3.0469739e+00   3.0469739e+00   3.0469739e+00
   4.7165933e-02   3.0469739e+00   2.0905473e+00   3.0469739e+00   3.0469739e+00   3.0469739e+00
   5.0556754e-02   3.0469739e+00   2.0905473e+00   3.0469739e+00   3.0469739e+00   3.0469739e+00
   5.4191346e-02   3.0469739e+00   2.0905473e+00   3.0469739e+00   3.0469739e+00   3.0469739e+00
   5.8087234e-02   3.0469739e+00   2.0905473e+00   3.0469739e+00   3.0469739e+00   3.0469739e+00
   6.2263201e-02   3.0469739e+00   2.0905473e+00   3.0469739e+00   3.0469739e+00   3.0469739e+00
   6.6739385e-02   3.0469739e+00   2.0905473e+00   3.0469739e+00   3.0469739e+00   3.0469739e+00
   7.1537368e-02   3.0469739e+00   2.0905473e+00   3.0469739e+00   3.0469739e+00   3.0469739e+00
   7.6680283e-02   3.0469739e+00   2.0905473e+00   3.0469739e+00   3.0469739e+00   3.0469739e+00
   8.2192930e-02   3.0469739e+00   2.0905473e+00   3.0469739e+00   3.0469739e+00   3.0469739e+00
   8.8101888e-02   3.0469739e+00   2.0905473e+00   3.0469739e+00   3.0469739e+00   3.0469739e+00
   9.4435649e-02   3.0469739e+00   2.0905473e+00   3.0469739e+00   3.0469739e+00   3.0469739e+00
   1.0122475e-01   3.0469739e+00   2.0905473e+00   3.0469739e+00   3.0469739e+00   3.0469739e+00
   1.0850193e-01   3.0469739e+00   2.0905473e+00   3.0469739e+00   3.0469739e+00   3.0469739e+00
   1.1630228e-01   3.0469739e+00   2.0905473e+00   3.0469739e+00   3.0469739e+00   3.0469739e+00
   1.2466341e-01   3.0469739e+00   2.0905473e+00   3.0469739e+00   3.0469739e+00   3.0469739e+00
   1.3362562e-01   3.0469739e+00   2.0905473e+00   3.0469739e+00   3.0469739e+00   3.0469739e+00
   1.4323214e-01   3.0469739e+00   2.0905473e+00   3.0469739e+00   3.0469739e+00   3.0469739e+00
   1.5352929e-01   3.0469739e+00   2.0905473e+00   3.0469739e+00   3.0469739e+00   3.0469739e+00
   1.6456672e-01   3.0469739e+00   2.0905473e+00   3.0469739e+00   3.0469739e+00   3.0469739e+00
   1.7639763e-01   3.0469739e+00   2.0905473e+00   3.0469739e+00   3.0469739e+00   3.0469739e+00
   1.8907909e-01   3.0469739e+00   2.0905473e+00   3.0469739e+00   3.0469739e+00   3.0469739e+00
   2.0267224e-01   3.0469739e+00   2.0905473e+00   3.0469739e+00   3.0469739e+00   3.0469739e+00
   2.1724261e-01   3.0469739e+00   2.0905473e+00   3.0469739e+00   3.0469739e+00   3.0469739e+00
   2.3286047e-01   3.0469739e+00   2.0905473e+00   3.0469739e+00   3.0469739e+00   3.0469739e+00
   2.4960112e-01   3.0469739e+00   2.0905473e+00   3.0469739e+00   3.0469739e+00   3.0469739e+00
   2.6754527e-01   3.0469739e+00   2.0905473e+00   3.0469739e+00   3.0469739e+00   3.0469739e+00
   2.8677945e-01   3.0469739e+00   2.0905473e+00   3.0469739e+00   3.0469739e+00   3.0469739e+00
   3.0739641e-01   3.0469739e+00   2.0905473e+00   3.0469739e+00   3.0469739e+00   3.0469739e+00
   3.2949554e-01   3.0469739e+00   2.0905473e+00   3.0469739e+00   3.0469739e+00   3.0469739e+00
   3.5318341e-01   3.0469739e+00   2.0905473e+00   3.0469739e+00   3.0469739e+00   3.0469739e+00
   3.7857423e-01   3.0469739e+00   2.0905473e+00   3.0469739e+00   3.0469739e+00   3.0469739e+00
   4.0579043e-01   3.0469739e+00   2.0905473e+00   3.0469739e+00   3.0469739e+00   3.0469739e+00
   4.3496324e-01   3.0469739e+00   2.0905473e+00   3.0469739e+00   3.0469739e+00   3.0469739e+00
   4.6623332e-01   3.0469739e+00   2.0905473e+00   3.0469739e+00   3.0469739e+00   3.0469739e+00
   4.9975145e-01   3.0469739e+00   2.0905473e+00   3.0469739e+00   3.0469739e+00   3.0469739e+00
   5.3567924e-01   3.0469739e+00   2.0905473e+00   3.0469739e+00   3.0469739e+00   3.0469739e+00
   5.7418993e-01   3.0469739e+00   2.0905473e+00   3.0469739e+00   3.0469739e+00   3.0469739e+00
   6.1546920e-01   3.0469739e+00   2.0905473e+00   3.0469739e+00   3.0469739e+00   3.0469739e+00
   6.5971609e-01   3.0469739e+00   2.0905473e+00   3.0469739e+00   3.0469739e+00   3.0469739e+00
   7.0714395e-01   3.0469739e+00   2.0905473e+00   3.0469739e+00   3.0469739e+00   3.0469739e+00
   7.5798146e-01   3.0469739e+00   2.0905473e+00   3.0469739e+00   3.0469739e+00   3.0469739e+00
   8.1247375e-01   3.0469739e+00   2.0905473e+00   3.0469739e+00   3.0469739e+00   3.0469739e+00
   8.7088356e-01   3.0469739e+00   2.0905473e+00   3.0469739e+00   3.0469739e+00   3.0469739e+00
   9.3349252e-01   3.0469739e+00   2.0905473e+00   3.0469739e+00   3.0469739e+00   3.0469739e+00
   1.0006025e+00   3.0469739e+00   2.0905473e+00   3.0469739e+00   3.0469739e+00   3.0469739e+00
   1.0725372e+00   3.0469739e+00   2.0905473e+00   3.0469739e+00   3.0469739e+00   3.0469739e+00
   1.1496433e+00   3.0469739e+00   2.0905473e+00   3.0469739e+00   3.0469739e+00   3.0469739e+00
   1.2322927e+00   3.0469739e+00   2.0905473e+00   3.0469739e+00   3.0469739e+00   3.0469739e+00
   1.3208838e+00   3.0469739e+00   2.0905473e+00   3.0469739e+00   3.0469739e+00   3.0469739e+00
   1.4158439e+00   3.0469739e+00   2.0905473e+00   3.0469739e+00   3.0469739e+00   3.0469739e+00
   1.5176308e+00   3.0469739e+00   2.0905473e+00   3.0469739e+00   3.0469739e+00   3.0469739e+00
   1.6267352e+00   3.0469739e+00   2.0905473e+00   3.0469739e+00   3.0469739e+00   3.0469739e+00
   1.7436834e+00   3.0469739e+00   2.0905473e+00   3.0469739e+00   3.0469739e+00   3.0469739e+00
   1.8690391e+00   3.0469739e+00   2.0905473e+00   3.0469739e+00   3.0469739e+00   3.0469739e+00
   2.0034068e+00   3.0469739e+00   2.0905473e+00   3.0469739e+00   3.0469739e+00   3.0469739e+00
   2.1474343e+00   3.0469739e+00   2.0905473e+00   3.0469739e+00   3.0469739e+00   3.0469739e+00
   2.3018162e+00   3.0469739e+00   2.0905473e+00   3.0469739e+00   3.0469739e+00   3.0469739e+00
   2.4672968e+00   3.0469739e+00   2.0905473e+00   3.0469739e+00   3.0469739e+00   3.0469739e+00
   2.6446740e+00   3.0469739e+00   2.0905473e+00   3.0469739e+00   3.0469739e+00   3.0469739e+00
   2.8348031e+00   3.0469739e+00   2.0905473e+00   3.0469739e+00   3.0469739e+00   3.0469739e+00
   3.0386009e+00   3.0469739e+00   2.0905473e+00   3.0469739e+00   3.0469739e+00   3.0469739e+00
   3.2570499e+00   3.0469739e+00   2.0905473e+00   3.0469739e+00   3.0469739e+00   3.0469739e+00
   3.4912035e+00   3.0469739e+00   2.0905473e+00   3.0469739e+00   3.0469739e+00   3.0469739e+00
   3.7421907e+00   3.0469739e+00   2.0905473e+00   3.0469739e+00   3.0469739e+00   3.0469739e+00
   4.0112218e+00   3.0469739e+00   2.0905473e+00   3.0469739e+00   3.0469739e+00   3.0469739e+00
   4.2995938e+00   3.0469739e+00   2.0905473e+00   3.0469739e+00   3.0469739e+00   3.0469739e+00
   4.6086973e+00   3.0469739e+00   2.0905473e+00   3.0469739e+00   3.0469739e+00   3.0469739e+00
   4.9400226e+00   3.0469739e+00   2.0905473e+00   3.0469739e+00   3.0469739e+00   3.0469739e+00
   5.2951673e+00   3.0469739e+00   2.0905473e+00   3.0469739e+00   3.0469739e+00   3.0469739e+00
   5.6758439e+00   3.0469739e+00   2.0905473e+00   3.0469739e+00   3.0469739e+00   3.0469739e+00
   6.0838878e+00   3.0469739e+00   2.0905473e+00   3.0469739e+00   3.0469739e+00   3.0469739e+00
   6.5212665e+00   3.0469739e+00   2.0905473e+00   3.0469739e+00   3.0469739e+00   3.0469739e+00
   6.9900890e+00   3.0469739e+00   2.0905473e+00   3.0469739e+00   3.0469739e+00   3.0469739e+00
   7.4926157e+00   3.0469739e+00   2.0905473e+00   3.0469739e+00   3.0469739e+00   3.0469739e+00
   8.0312697e+00   3.0469739e+00   2.0905473e+00   3.0469739e+00   3.0469739e+00   3.0469739e+00
   8.6086483e+00   3.0469739e+00   2.0905473e+00   3.0469739e+00   3.0469739e+00   3.0469739e+00
   9.2275354e+00   3.0469739e+00   2.0905473e+00   3.0469739e+00   3.0469739e+00   3.0469739e+00
   9.8909151e+00   3.0762972e+00   2.1263317e+00   3.0710703e+00   3.0651797e+00   3.1352415e+00
   1.0601986e+01   3.2849116e+00   2.3766801e+00   3.2435252e+00   3.1962861e+00   3.7052093e+00
   1.1364177e+01   3.6043657e+00   2.7665022e+00   3.5073980e+00   3.3963663e+00   4.5109230e+00
   1.2181162e+01   3.9952967e+00   3.2581303e+00   3.8293509e+00   3.6388684e+00   5.3866802e+00
   1.3056882e+01   4.4390856e+00   3.8298703e+00   4.1948291e+00   3.9127151e+00   6.1989536e+00
   1.3995559e+01   4.9207871e+00   4.4541878e+00   4.5940808e+00   4.2116986e+00   6.8525834e+00
   1.5001718e+01   5.4238616e+00   5.0917354e+00   5.0177670e+00   4.5311452e+00   7.3124495e+00
   1.6080211e+01   5.9285475e+00   5.6941174e+00   5.4552506e+00   4.8665904e+00   7.5961573e+00
   1.7236239e+01   6.4122895e+00   6.2143286e+00   5.8940100e+00   5.2131575e+00   7.7471454e+00
   1.8475375e+01   6.8519398e+00   6.6206161e+00   6.3198653e+00   5.5652779e+00   7.8112223e+00
   1.9803594e+01   7.2272130e+00   6.9053853e+00   6.7179117e+00   5.9166233e+00   7.8248691e+00
   2.1227300e+01   7.5246419e+00   7.0840251e+00   7.0742339e+00   6.2603265e+00   7.8128241e+00
   2.2753359e+01   7.7411803e+00   7.1859138e+00   7.3787130e+00   6.5898779e+00   7.7883718e+00
   2.4389128e+01   7.8824501e+00   7.2384862e+00   7.6256027e+00   6.8992317e+00   7.7564739e+00
   2.6142495e+01   7.9595724e+00   7.2610859e+00   7.8135312e+00   7.1829919e+00   7.7186379e+00
   2.8021913e+01   7.9859212e+00   7.2653919e+00   7.9450396e+00   7.4367124e+00   7.6750863e+00
   3.0036445e+01   7.9744505e+00   7.2576618e+00   8.0255766e+00   7.6571272e+00   7.6255518e+00
   3.2195805e+01   7.9360703e+00   7.2408471e+00   8.0622316e+00   7.8422443e+00   7.5696604e+00
   3.4510404e+01   7.8790985e+00   7.2161049e+00   8.0626216e+00   7.9913769e+00   7.5069169e+00
   3.6991402e+01   7.8093305e+00   7.1836351e+00   8.0339699e+00   8.1050028e+00   7.4368653e+00
   3.9650763e+01   7.7304921e+00   7.1431858e+00   7.9825795e+00   8.1845828e+00   7.3590438e+00
   4.2501309e+01   7.6447611e+00   7.0943140e+00   7.9135866e+00   8.2323064e+00   7.2730485e+00
   4.5556784e+01   7.5532414e+00   7.0365049e+00   7.8309599e+00   8.2508614e+00   7.1784289e+00
   4.8831921e+01   7.4563391e+00   6.9692528e+00   7.7376009e+00   8.2431716e+00   7.0748266e+00
   5.2342512e+01   7.3540207e+00   6.8920471e+00   7.6355413e+00   8.2122453e+00   6.9617270e+00
   5.6105484e+01   7.2459903e+00   6.8043791e+00   7.5261067e+00   8.1609914e+00   6.8386248e+00
   6.0138982e+01   7.1318253e+00   6.7057766e+00   7.4100934e+00   8.0921041e+00   6.7051104e+00
   6.4462452e+01   7.0110408e+00   6.5957508e+00   7.2879359e+00   8.0080527e+00   6.5605343e+00
   6.9096743e+01   6.8831510e+00   6.4738400e+00   7.1598080e+00   7.9110079e+00   6.4043854e+00
   7.4064199e+01   6.7477142e+00   6.3396195e+00   7.0257426e+00   7.8028776e+00   6.2361300e+00
   7.9388772e+01   6.6043587e+00   6.1927008e+00   6.8857132e+00   7.6853423e+00   6.0552115e+00
   8.5096136e+01   6.4527885e+00   6.0326865e+00   6.7396978e+00   7.5599187e+00   5.8609315e+00
   9.1213809e+01   6.2928182e+00   5.8592124e+00   6.5877357e+00   7.4280016e+00   5.6525932e+00
   9.7771290e+01   6.1243929e+00   5.6719126e+00   6.4299894e+00   7.2909538e+00   5.4293308e+00
   1.0480020e+02   5.9476583e+00   5.4705470e+00   6.2668050e+00   7.1501449e+00   5.1904519e+00
   1.1233442e+02   5.7630303e+00   5.2550423e+00   6.0988009e+00   7.0070562e+00   4.9353367e+00
   1.2041029e+02   5.5713080e+00   5.0255588e+00   5.9269933e+00   6.8634148e+00   4.6632957e+00
   1.2906675e+02   5.3737861e+00   4.7825842e+00   5.7528993e+00   6.7212768e+00   4.3737640e+00
   1.3834553e+02   5.1724890e+00   4.5273019e+00   5.5787081e+00   6.5831157e+00   4.0667824e+00
   1.4829137e+02   4.9704816e+00   4.2618015e+00   5.4075714e+00   6.4520630e+00   3.7425988e+00
   1.5895223e+02   4.7722652e+00   3.9895691e+00   5.2438918e+00   6.3320487e+00   3.4020225e+00
   1.7037951e+02   4.5844774e+00   3.7165066e+00   5.0938087e+00   6.2280235e+00   3.0468976e+00
   1.8262832e+02   4.4162065e+00   3.4518168e+00   4.9652228e+00   6.1457073e+00   2.6810842e+00
   1.9575771e+02   4.2794434e+00   3.2105968e+00   4.8676346e+00   6.0909505e+00   2.3147116e+00
   2.0983099e+02   4.1885193e+00   3.0169068e+00   4.8108309e+00   6.0680625e+00   1.9718501e+00
   2.2491602e+02   4.1553513e+00   2.9049292e+00   4.7996244e+00   6.0751208e+00   1.7085367e+00
   2.4108553e+02   4.1632437e+00   2.8907419e+00   4.8119827e+00   6.0891279e+00   1.6292208e+00
   2.5841749e+02   4.1632437e+00   2.8907419e+00   4.8119827e+00   6.0891279e+00   1.6292208e+00
   2.7699546e+02   4.1632437e+00   2.8907419e+00   4.8119827e+00   6.0891279e+00   1.6292208e+00
   2.9690903e+02   4.1632437e+00   2.8907419e+00   4.8119827e+00   6.0891279e+00   1.6292208e+00
   3.1825421e+02   4.1632437e+00   2.8907419e+00   4.8119827e+00   6.0891279e+00   1.6292208e+00
   3.4113393e+02   4.1632437e+00   2.8907419e+00   4.8119827e+00   6.0891279e+00   1.6292208e+00
   3.6565850e+02   4.1632437e+00   2.8907419e+00   4.8119827e+00   6.0891279e+00   1.6292208e+00
   3.9194617e+02   4.1632437e+00   2.8907419e+00   4.8119827e+00   6.0891279e+00   1.6292208e+00
   4.2012369e+02   4.1632437e+00   2.8907419e+00   4.8119827e+00   6.0891279e+00   1.6292208e+00
   4.5032694e+02   4.1632437e+00   2.8907419e+00   4.8119827e+00   6.0891279e+00   1.6292208e+00
   4.8270154e+02   4.1632437e+00   2.8907419e+00   4.8119827e+00   6.0891279e+00   1.6292208e+00
   5.1740359e+02   4.1632437e+00   2.8907419e+00   4.8119827e+00   6.0891279e+00   1.6292208e+00
   5.5460042e+02   4.1632437e+00   2.8907419e+00   4.8119827e+00   6.0891279e+00   1.6292208e+00
   5.9447137e+02   4.1632437e+00   2.8907419e+00   4.8119827e+00   6.0891279e+00   1.6292208e+00
   6.3720870e+02   4.1632437e+00   2.8907419e+00   4.8119827e+00   6.0891279e+00   1.6292208e+00
   6.8301848e+02   4.1632437e+00   2.8907419e+00   4.8119827e+00   6.0891279e+00   1.6292208e+00
   7.3212158e+02   4.1632437e+00   2.8907419e+00   4.8119827e+00   6.0891279e+00   1.6292208e+00
   7.8475476e+02   4.1632437e+00   2.8907419e+00   4.8119827e+00   6.0891279e+00   1.6292208e+00
   8.4117182e+02   4.1632437e+00   2.8907419e+00   4.8119827e+00   6.0891279e+00   1.6292208e+00
   9.0164477e+02   4.1632437e+00   2.8907419e+00   4.8119827e+00   6.0891279e+00   1.6292208e+00
   9.6646520e+02   4.1632437e+00   2.8907419e+00   4.8119827e+00   6.0891279e+00   1.6292208e+00
