S870 bestfit flat steep
   1.0359457e-03   4.7471120e+00   2.2560752e+00   7.4568821e+00
   1.1104212e-03   4.7471167e+00   2.2560775e+00   7.4568859e+00
   1.1902508e-03   4.7471218e+00   2.2560799e+00   7.4568900e+00
   1.2758195e-03   4.7471271e+00   2.2560825e+00   7.4568943e+00
   1.3675398e-03   4.7471329e+00   2.2560853e+00   7.4568990e+00
   1.4658541e-03   4.7471391e+00   2.2560883e+00   7.4569040e+00
   1.5712363e-03   4.7471457e+00   2.2560916e+00   7.4569094e+00
   1.6841945e-03   4.7471528e+00   2.2560950e+00   7.4569152e+00
   1.8052735e-03   4.7471605e+00   2.2560987e+00   7.4569214e+00
   1.9350570e-03   4.7471686e+00   2.2561027e+00   7.4569280e+00
   2.0741708e-03   4.7471774e+00   2.2561070e+00   7.4569351e+00
   2.2232857e-03   4.7471868e+00   2.2561115e+00   7.4569427e+00
   2.3831206e-03   4.7471968e+00   2.2561164e+00   7.4569508e+00
   2.5544463e-03   4.7472076e+00   2.2561217e+00   7.4569596e+00
   2.7380888e-03   4.7472192e+00   2.2561273e+00   7.4569690e+00
   2.9349336e-03   4.7472316e+00   2.2561333e+00   7.4569790e+00
   3.1459299e-03   4.7472449e+00   2.2561398e+00   7.4569898e+00
   3.3720949e-03   4.7472591e+00   2.2561467e+00   7.4570013e+00
   3.6145193e-03   4.7472743e+00   2.2561541e+00   7.4570137e+00
   3.8743718e-03   4.7472907e+00   2.2561621e+00   7.4570270e+00
   4.1529055e-03   4.7473082e+00   2.2561706e+00   7.4570412e+00
   4.4514634e-03   4.7473270e+00   2.2561797e+00   7.4570564e+00
   4.7714849e-03   4.7473472e+00   2.2561895e+00   7.4570727e+00
   5.1145133e-03   4.7473688e+00   2.2562000e+00   7.4570902e+00
   5.4822024e-03   4.7473919e+00   2.2562113e+00   7.4571090e+00
   5.8763252e-03   4.7474167e+00   2.2562234e+00   7.4571291e+00
   6.2987819e-03   4.7474433e+00   2.2562363e+00   7.4571507e+00
   6.7516097e-03   4.7474718e+00   2.2562502e+00   7.4571738e+00
   7.2369918e-03   4.7475023e+00   2.2562650e+00   7.4571986e+00
   7.7572687e-03   4.7475351e+00   2.2562810e+00   7.4572251e+00
   8.3149490e-03   4.7475702e+00   2.2562980e+00   7.4572536e+00
   8.9127216e-03   4.7476078e+00   2.2563163e+00   7.4572841e+00
   9.5534689e-03   4.7476481e+00   2.2563360e+00   7.4573168e+00
   1.0240280e-02   4.7476914e+00   2.2563570e+00   7.4573518e+00
   1.0976468e-02   4.7477377e+00   2.2563795e+00   7.4573894e+00
   1.1765580e-02   4.7477874e+00   2.2564037e+00   7.4574296e+00
   1.2611424e-02   4.7478406e+00   2.2564296e+00   7.4574728e+00
   1.3518075e-02   4.7478977e+00   2.2564573e+00   7.4575190e+00
   1.4489908e-02   4.7479588e+00   2.2564871e+00   7.4575686e+00
   1.5531606e-02   4.7480244e+00   2.2565190e+00   7.4576218e+00
   1.6648194e-02   4.7480947e+00   2.2565532e+00   7.4576787e+00
   1.7845055e-02   4.7481700e+00   2.2565898e+00   7.4577398e+00
   1.9127959e-02   4.7482507e+00   2.2566291e+00   7.4578052e+00
   2.0503093e-02   4.7483373e+00   2.2566712e+00   7.4578754e+00
   2.1977088e-02   4.7484301e+00   2.2567164e+00   7.4579505e+00
   2.3557050e-02   4.7485295e+00   2.2567648e+00   7.4580311e+00
   2.5250597e-02   4.7486361e+00   2.2568166e+00   7.4581175e+00
   2.7065896e-02   4.7487503e+00   2.2568722e+00   7.4582100e+00
   2.9011699e-02   4.7488728e+00   2.2569318e+00   7.4583092e+00
   3.1097388e-02   4.7490041e+00   2.2569957e+00   7.4584156e+00
   3.3333020e-02   4.7491448e+00   2.2570641e+00   7.4585296e+00
   3.5729375e-02   4.7492956e+00   2.2571375e+00   7.4586517e+00
   3.8298007e-02   4.7494572e+00   2.2572162e+00   7.4587826e+00
   4.1051301e-02   4.7496305e+00   2.2573005e+00   7.4589230e+00
   4.4002533e-02   4.7498163e+00   2.2573909e+00   7.4590734e+00
   4.7165933e-02   4.7500153e+00   2.2574878e+00   7.4592345e+00
   5.0556754e-02   4.7502287e+00   2.2575917e+00   7.4594073e+00
   5.4191346e-02   4.7504575e+00   2.2577030e+00   7.4595924e+00
   5.8087234e-02   4.7507027e+00   2.2578223e+00   7.4597909e+00
   6.2263201e-02   4.7509655e+00   2.2579503e+00   7.4600035e+00
   6.6739385e-02   4.7512472e+00   2.2580874e+00   7.4602314e+00
   7.1537368e-02   4.7515491e+00   2.2582344e+00   7.4604757e+00
   7.6680283e-02   4.7518728e+00   2.2583919e+00   7.4607374e+00
   8.2192930e-02   4.7522197e+00   2.2585608e+00   7.4610180e+00
   8.8101888e-02   4.7525915e+00   2.2587419e+00   7.4613186e+00
   9.4435649e-02   4.7529901e+00   2.2589360e+00   7.4616407e+00
   1.0122475e-01   4.7534173e+00   2.2591440e+00   7.4619859e+00
   1.0850193e-01   4.7538753e+00   2.2593670e+00   7.4623559e+00
   1.1630228e-01   4.7543661e+00   2.2596061e+00   7.4627523e+00
   1.2466341e-01   4.7548922e+00   2.2598624e+00   7.4631771e+00
   1.3362562e-01   4.7554562e+00   2.2601371e+00   7.4636322e+00
   1.4323214e-01   4.7560606e+00   2.2604316e+00   7.4641200e+00
   1.5352929e-01   4.7567086e+00   2.2607473e+00   7.4646425e+00
   1.6456672e-01   4.7574030e+00   2.2610858e+00   7.4652024e+00
   1.7639763e-01   4.7581474e+00   2.2614486e+00   7.4658023e+00
   1.8907909e-01   4.7589453e+00   2.2618375e+00   7.4664450e+00
   2.0267224e-01   4.7598006e+00   2.2622544e+00   7.4671336e+00
   2.1724261e-01   4.7607172e+00   2.2627014e+00   7.4678712e+00
   2.3286047e-01   4.7616998e+00   2.2631806e+00   7.4686614e+00
   2.4960112e-01   4.7627530e+00   2.2636943e+00   7.4695079e+00
   2.6754527e-01   4.7638818e+00   2.2642451e+00   7.4704146e+00
   2.8677945e-01   4.7650917e+00   2.2648355e+00   7.4713857e+00
   3.0739641e-01   4.7663886e+00   2.2654685e+00   7.4724259e+00
   3.2949554e-01   4.7677786e+00   2.2661472e+00   7.4735399e+00
   3.5318341e-01   4.7692685e+00   2.2668748e+00   7.4747329e+00
   3.7857423e-01   4.7708655e+00   2.2676549e+00   7.4760105e+00
   4.0579043e-01   4.7725771e+00   2.2684913e+00   7.4773785e+00
   4.3496324e-01   4.7744117e+00   2.2693880e+00   7.4788431e+00
   4.6623332e-01   4.7763781e+00   2.2703495e+00   7.4804112e+00
   4.9975145e-01   4.7784856e+00   2.2713805e+00   7.4820898e+00
   5.3567924e-01   4.7807445e+00   2.2724859e+00   7.4838867e+00
   5.7418993e-01   4.7831656e+00   2.2736712e+00   7.4858098e+00
   6.1546920e-01   4.7857606e+00   2.2749422e+00   7.4878679e+00
   6.5971609e-01   4.7885418e+00   2.2763052e+00   7.4900702e+00
   7.0714395e-01   4.7915227e+00   2.2777668e+00   7.4924265e+00
   7.5798146e-01   4.7947174e+00   2.2793342e+00   7.4949472e+00
   8.1247375e-01   4.7981415e+00   2.2810151e+00   7.4976433e+00
   8.7088356e-01   4.8018112e+00   2.2828178e+00   7.5005267e+00
   9.3349252e-01   4.8057442e+00   2.2847512e+00   7.5036098e+00
   1.0006025e+00   4.8099593e+00   2.2868250e+00   7.5069059e+00
   1.0725372e+00   4.8144766e+00   2.2890492e+00   7.5104289e+00
   1.1496433e+00   4.8193177e+00   2.2914351e+00   7.5141937e+00
   1.2322927e+00   4.8245058e+00   2.2939943e+00   7.5182159e+00
   1.3208838e+00   4.8300657e+00   2.2967399e+00   7.5225121e+00
   1.4158439e+00   4.8360238e+00   2.2996853e+00   7.5270997e+00
   1.5176308e+00   4.8424086e+00   2.3028454e+00   7.5319970e+00
   1.6267352e+00   4.8492504e+00   2.3062360e+00   7.5372233e+00
   1.7436834e+00   4.8565816e+00   2.3098743e+00   7.5427989e+00
   1.8690391e+00   4.8644372e+00   2.3137786e+00   7.5487448e+00
   2.0034068e+00   4.8728542e+00   2.3179686e+00   7.5550832e+00
   2.1474343e+00   4.8818726e+00   2.3224656e+00   7.5618370e+00
   2.3018162e+00   4.8915347e+00   2.3272926e+00   7.5690301e+00
   2.4672968e+00   4.9018861e+00   2.3324744e+00   7.5766871e+00
   2.6446740e+00   4.9129753e+00   2.3380374e+00   7.5848336e+00
   2.8348031e+00   4.9248542e+00   2.3440105e+00   7.5934955e+00
   3.0386009e+00   4.9375782e+00   2.3504246e+00   7.6026995e+00
   3.2570499e+00   4.9512064e+00   2.3573130e+00   7.6124725e+00
   3.4912035e+00   4.9658017e+00   2.3647119e+00   7.6228417e+00
   3.7421907e+00   4.9814313e+00   2.3726601e+00   7.6338341e+00
   4.0112218e+00   4.9981667e+00   2.3811998e+00   7.6454763e+00
   4.2995938e+00   5.0160840e+00   2.3903763e+00   7.6577942e+00
   4.6086973e+00   5.0352639e+00   2.4002387e+00   7.6708125e+00
   4.9400226e+00   5.0557922e+00   2.4108402e+00   7.6845542e+00
   5.2951673e+00   5.0777599e+00   2.4222382e+00   7.6990400e+00
   5.6758439e+00   5.1012632e+00   2.4344950e+00   7.7142874e+00
   6.0838878e+00   5.1264037e+00   2.4476779e+00   7.7303104e+00
   6.5212665e+00   5.1532887e+00   2.4618601e+00   7.7471177e+00
   6.9900890e+00   5.1820308e+00   2.4771206e+00   7.7647124e+00
   7.4926157e+00   5.2127481e+00   2.4935454e+00   7.7830902e+00
   8.0312697e+00   5.2455638e+00   2.5112276e+00   7.8022379e+00
   8.6086483e+00   5.2806065e+00   2.5302683e+00   7.8221324e+00
   9.2275354e+00   5.3180087e+00   2.5507775e+00   7.8427380e+00
   9.8909151e+00   5.3579071e+00   2.5728744e+00   7.8640050e+00
   1.0601986e+01   5.4004411e+00   2.5966888e+00   7.8858671e+00
   1.1364177e+01   5.4457516e+00   2.6223615e+00   7.9082390e+00
   1.2181162e+01   5.4939795e+00   2.6500457e+00   7.9310142e+00
   1.3056882e+01   5.5452635e+00   2.6799078e+00   7.9540616e+00
   1.3995559e+01   5.5997374e+00   2.7121289e+00   7.9772233e+00
   1.5001718e+01   5.6575266e+00   2.7469054e+00   8.0003114e+00
   1.6080211e+01   5.7187445e+00   2.7844507e+00   8.0231058e+00
   1.7236239e+01   5.7834867e+00   2.8249960e+00   8.0453517e+00
   1.8475375e+01   5.8518257e+00   2.8687920e+00   8.0667574e+00
   1.9803594e+01   5.9238028e+00   2.9161097e+00   8.0869940e+00
   2.1227300e+01   5.9994205e+00   2.9672413e+00   8.1056944e+00
   2.2753359e+01   6.0786321e+00   3.0225012e+00   8.1224555e+00
   2.4389128e+01   6.1613307e+00   3.0822261e+00   8.1368402e+00
   2.6142495e+01   6.2473368e+00   3.1467750e+00   8.1483827e+00
   2.8021913e+01   6.3363852e+00   3.2165280e+00   8.1565956e+00
   3.0036445e+01   6.4281106e+00   3.2918844e+00   8.1609795e+00
   3.2195805e+01   6.5220342e+00   3.3732589e+00   8.1610351e+00
   3.4510404e+01   6.6175510e+00   3.4610760e+00   8.1562774e+00
   3.6991402e+01   6.7139199e+00   3.5557622e+00   8.1462529e+00
   3.9650763e+01   6.8102579e+00   3.6577341e+00   8.1305565e+00
   4.2501309e+01   6.9055403e+00   3.7673834e+00   8.1088498e+00
   4.5556784e+01   6.9986106e+00   3.8850558e+00   8.0808775e+00
   4.8831921e+01   7.0881995e+00   4.0110256e+00   8.0464815e+00
   5.2342512e+01   7.1729578e+00   4.1454619e+00   8.0056096e+00
   5.6105484e+01   7.2515005e+00   4.2883898e+00   7.9583188e+00
   6.0138982e+01   7.3224639e+00   4.4396439e+00   7.9047719e+00
   6.4462452e+01   7.3845712e+00   4.5988176e+00   7.8452252e+00
   6.9096743e+01   7.4367004e+00   4.7652097e+00   7.7800108e+00
   7.4064199e+01   7.4779490e+00   4.9377761e+00   7.7095124e+00
   7.9388772e+01   7.5076848e+00   5.1150912e+00   7.6341382e+00
   8.5096136e+01   7.5255759e+00   5.2953317e+00   7.5542937e+00
   9.1213809e+01   7.5315932e+00   5.4762927e+00   7.4703572e+00
   9.7771290e+01   7.5259835e+00   5.6554468e+00   7.3826604e+00
   1.0480020e+02   7.5092166e+00   5.8300512e+00   7.2914767e+00
   1.1233442e+02   7.4819137e+00   5.9973015e+00   7.1970175e+00
   1.2041029e+02   7.4447699e+00   6.1545165e+00   7.0994359e+00
   1.2906675e+02   7.3984809e+00   6.2993284e+00   6.9988360e+00
   1.3834553e+02   7.3436868e+00   6.4298446e+00   6.8952875e+00
   1.4829137e+02   7.2809365e+00   6.5447460e+00   6.7888399e+00
   1.5895223e+02   7.2106774e+00   6.6433031e+00   6.6795371e+00
   1.7037951e+02   7.1332634e+00   6.7253063e+00   6.5674295e+00
   1.8262832e+02   7.0489778e+00   6.7909337e+00   6.4525820e+00
   1.9575771e+02   6.9580623e+00   6.8405908e+00   6.3350795e+00
   2.0983099e+02   6.8607449e+00   6.8747635e+00   6.2150284e+00
   2.2491602e+02   6.7572635e+00   6.8939121e+00   6.0925566e+00
   2.4108553e+02   6.6478808e+00   6.8984206e+00   5.9678107e+00
   2.5841749e+02   6.5328923e+00   6.8885961e+00   5.8409544e+00
   2.7699546e+02   6.4126273e+00   6.8647025e+00   5.7121649e+00
   2.9690903e+02   6.2874459e+00   6.8270087e+00   5.5816307e+00
   3.1825421e+02   6.1577336e+00   6.7758352e+00   5.4495495e+00
   3.4113393e+02   6.0238951e+00   6.7115874e+00   5.3161259e+00
   3.6565850e+02   5.8863479e+00   6.6347721e+00   5.1815706e+00
   3.9194617e+02   5.7455178e+00   6.5459994e+00   5.0460982e+00
   4.2012369e+02   5.6018342e+00   6.4459737e+00   4.9099267e+00
   4.5032694e+02   5.4557263e+00   6.3354780e+00   4.7732761e+00
   4.8270154e+02   5.3076203e+00   6.2153562e+00   4.6363672e+00
   5.1740359e+02   5.1579368e+00   6.0864955e+00   4.4994206e+00
   5.5460042e+02   5.0070883e+00   5.9498100e+00   4.3626555e+00
   5.9447137e+02   4.8554774e+00   5.8062260e+00   4.2262885e+00
   6.3720870e+02   4.7034944e+00   5.6566696e+00   4.0905326e+00
   6.8301848e+02   4.5515161e+00   5.5020558e+00   3.9555958e+00
   7.3212158e+02   4.3999035e+00   5.3432790e+00   3.8216803e+00
   7.8475476e+02   4.2490007e+00   5.1812046e+00   3.6889812e+00
   8.4117182e+02   4.0991336e+00   5.0166631e+00   3.5576859e+00
   9.0164477e+02   3.9506084e+00   4.8504435e+00   3.4279728e+00
   9.6646520e+02   3.8037111e+00   4.6832893e+00   3.3000115e+00
