S870 bestfit flat steep
   1.0359457e-03   5.2003975e-01   1.8420017e-01   1.4848749e+00
   1.1104212e-03   5.2004154e-01   1.8420056e-01   1.4848809e+00
   1.1902508e-03   5.2004346e-01   1.8420096e-01   1.4848874e+00
   1.2758195e-03   5.2004552e-01   1.8420140e-01   1.4848944e+00
   1.3675398e-03   5.2004772e-01   1.8420187e-01   1.4849018e+00
   1.4658541e-03   5.2005008e-01   1.8420238e-01   1.4849098e+00
   1.5712363e-03   5.2005262e-01   1.8420292e-01   1.4849183e+00
   1.6841945e-03   5.2005533e-01   1.8420350e-01   1.4849275e+00
   1.8052735e-03   5.2005824e-01   1.8420412e-01   1.4849373e+00
   1.9350570e-03   5.2006136e-01   1.8420479e-01   1.4849478e+00
   2.0741708e-03   5.2006471e-01   1.8420550e-01   1.4849591e+00
   2.2232857e-03   5.2006829e-01   1.8420626e-01   1.4849712e+00
   2.3831206e-03   5.2007213e-01   1.8420708e-01   1.4849841e+00
   2.5544463e-03   5.2007625e-01   1.8420796e-01   1.4849980e+00
   2.7380888e-03   5.2008067e-01   1.8420890e-01   1.4850129e+00
   2.9349336e-03   5.2008540e-01   1.8420991e-01   1.4850289e+00
   3.1459299e-03   5.2009047e-01   1.8421100e-01   1.4850460e+00
   3.3720949e-03   5.2009591e-01   1.8421216e-01   1.4850644e+00
   3.6145193e-03   5.2010174e-01   1.8421340e-01   1.4850840e+00
   3.8743718e-03   5.2010798e-01   1.8421473e-01   1.4851051e+00
   4.1529055e-03   5.2011468e-01   1.8421616e-01   1.4851277e+00
   4.4514634e-03   5.2012186e-01   1.8421769e-01   1.4851519e+00
   4.7714849e-03   5.2012955e-01   1.8421933e-01   1.4851778e+00
   5.1145133e-03   5.2013780e-01   1.8422109e-01   1.4852057e+00
   5.4822024e-03   5.2014664e-01   1.8422298e-01   1.4852355e+00
   5.8763252e-03   5.2015611e-01   1.8422500e-01   1.4852675e+00
   6.2987819e-03   5.2016627e-01   1.8422717e-01   1.4853017e+00
   6.7516097e-03   5.2017716e-01   1.8422949e-01   1.4853385e+00
   7.2369918e-03   5.2018883e-01   1.8423198e-01   1.4853778e+00
   7.7572687e-03   5.2020134e-01   1.8423465e-01   1.4854200e+00
   8.3149490e-03   5.2021475e-01   1.8423751e-01   1.4854653e+00
   8.9127216e-03   5.2022912e-01   1.8424058e-01   1.4855138e+00
   9.5534689e-03   5.2024453e-01   1.8424387e-01   1.4855657e+00
   1.0240280e-02   5.2026105e-01   1.8424739e-01   1.4856215e+00
   1.0976468e-02   5.2027875e-01   1.8425117e-01   1.4856812e+00
   1.1765580e-02   5.2029773e-01   1.8425522e-01   1.4857452e+00
   1.2611424e-02   5.2031807e-01   1.8425956e-01   1.4858138e+00
   1.3518075e-02   5.2033988e-01   1.8426421e-01   1.4858874e+00
   1.4489908e-02   5.2036326e-01   1.8426920e-01   1.4859663e+00
   1.5531606e-02   5.2038831e-01   1.8427454e-01   1.4860508e+00
   1.6648194e-02   5.2041517e-01   1.8428027e-01   1.4861414e+00
   1.7845055e-02   5.2044396e-01   1.8428642e-01   1.4862386e+00
   1.9127959e-02   5.2047483e-01   1.8429300e-01   1.4863427e+00
   2.0503093e-02   5.2050791e-01   1.8430006e-01   1.4864543e+00
   2.1977088e-02   5.2054338e-01   1.8430763e-01   1.4865740e+00
   2.3557050e-02   5.2058140e-01   1.8431574e-01   1.4867022e+00
   2.5250597e-02   5.2062215e-01   1.8432443e-01   1.4868397e+00
   2.7065896e-02   5.2066584e-01   1.8433375e-01   1.4869871e+00
   2.9011699e-02   5.2071267e-01   1.8434374e-01   1.4871451e+00
   3.1097388e-02   5.2076288e-01   1.8435445e-01   1.4873145e+00
   3.3333020e-02   5.2081670e-01   1.8436594e-01   1.4874961e+00
   3.5729375e-02   5.2087440e-01   1.8437824e-01   1.4876907e+00
   3.8298007e-02   5.2093625e-01   1.8439144e-01   1.4878994e+00
   4.1051301e-02   5.2100255e-01   1.8440558e-01   1.4881231e+00
   4.4002533e-02   5.2107364e-01   1.8442074e-01   1.4883630e+00
   4.7165933e-02   5.2114984e-01   1.8443700e-01   1.4886201e+00
   5.0556754e-02   5.2123154e-01   1.8445442e-01   1.4888957e+00
   5.4191346e-02   5.2131912e-01   1.8447310e-01   1.4891913e+00
   5.8087234e-02   5.2141302e-01   1.8449313e-01   1.4895081e+00
   6.2263201e-02   5.2151369e-01   1.8451460e-01   1.4898478e+00
   6.6739385e-02   5.2162161e-01   1.8453762e-01   1.4902119e+00
   7.1537368e-02   5.2173733e-01   1.8456229e-01   1.4906024e+00
   7.6680283e-02   5.2186139e-01   1.8458875e-01   1.4910210e+00
   8.2192930e-02   5.2199440e-01   1.8461712e-01   1.4914699e+00
   8.8101888e-02   5.2213702e-01   1.8464753e-01   1.4919511e+00
   9.4435649e-02   5.2228993e-01   1.8468013e-01   1.4924672e+00
   1.0122475e-01   5.2245389e-01   1.8471509e-01   1.4930205e+00
   1.0850193e-01   5.2262970e-01   1.8475257e-01   1.4936138e+00
   1.1630228e-01   5.2281821e-01   1.8479276e-01   1.4942500e+00
   1.2466341e-01   5.2302036e-01   1.8483585e-01   1.4949322e+00
   1.3362562e-01   5.2323713e-01   1.8488206e-01   1.4956638e+00
   1.4323214e-01   5.2346959e-01   1.8493160e-01   1.4964484e+00
   1.5352929e-01   5.2371888e-01   1.8498473e-01   1.4972899e+00
   1.6456672e-01   5.2398623e-01   1.8504171e-01   1.4981923e+00
   1.7639763e-01   5.2427296e-01   1.8510280e-01   1.4991601e+00
   1.8907909e-01   5.2458048e-01   1.8516833e-01   1.5001983e+00
   2.0267224e-01   5.2491033e-01   1.8523860e-01   1.5013118e+00
   2.1724261e-01   5.2526412e-01   1.8531396e-01   1.5025062e+00
   2.3286047e-01   5.2564363e-01   1.8539479e-01   1.5037875e+00
   2.4960112e-01   5.2605074e-01   1.8548149e-01   1.5051621e+00
   2.6754527e-01   5.2648749e-01   1.8557449e-01   1.5066368e+00
   2.8677945e-01   5.2695605e-01   1.8567425e-01   1.5082191e+00
   3.0739641e-01   5.2745879e-01   1.8578127e-01   1.5099169e+00
   3.2949554e-01   5.2799822e-01   1.8589607e-01   1.5117387e+00
   3.5318341e-01   5.2857708e-01   1.8601925e-01   1.5136939e+00
   3.7857423e-01   5.2919828e-01   1.8615141e-01   1.5157922e+00
   4.0579043e-01   5.2986500e-01   1.8629322e-01   1.5180446e+00
   4.3496324e-01   5.3058062e-01   1.8644541e-01   1.5204623e+00
   4.6623332e-01   5.3134881e-01   1.8660873e-01   1.5230580e+00
   4.9975145e-01   5.3217352e-01   1.8678402e-01   1.5258449e+00
   5.3567924e-01   5.3305900e-01   1.8697217e-01   1.5288376e+00
   5.7418993e-01   5.3400985e-01   1.8717416e-01   1.5320516e+00
   6.1546920e-01   5.3503103e-01   1.8739101e-01   1.5355038e+00
   6.5971609e-01   5.3612788e-01   1.8762385e-01   1.5392124e+00
   7.0714395e-01   5.3730620e-01   1.8787390e-01   1.5431971e+00
   7.5798146e-01   5.3857223e-01   1.8814245e-01   1.5474791e+00
   8.1247375e-01   5.3993274e-01   1.8843092e-01   1.5520814e+00
   8.7088356e-01   5.4139503e-01   1.8874083e-01   1.5570291e+00
   9.3349252e-01   5.4296704e-01   1.8907384e-01   1.5623490e+00
   1.0006025e+00   5.4465735e-01   1.8943171e-01   1.5680705e+00
   1.0725372e+00   5.4647527e-01   1.8981639e-01   1.5742255e+00
   1.1496433e+00   5.4843091e-01   1.9022996e-01   1.5808483e+00
   1.2322927e+00   5.5053523e-01   1.9067469e-01   1.5879765e+00
   1.3208838e+00   5.5280018e-01   1.9115304e-01   1.5956509e+00
   1.4158439e+00   5.5523872e-01   1.9166768e-01   1.6039160e+00
   1.5176308e+00   5.5786500e-01   1.9222150e-01   1.6128203e+00
   1.6267352e+00   5.6069443e-01   1.9281765e-01   1.6224165e+00
   1.7436834e+00   5.6374384e-01   1.9345957e-01   1.6327624e+00
   1.8690391e+00   5.6703159e-01   1.9415100e-01   1.6439211e+00
   2.0034068e+00   5.7057781e-01   1.9489602e-01   1.6559618e+00
   2.1474343e+00   5.7440452e-01   1.9569907e-01   1.6689604e+00
   2.3018162e+00   5.7853588e-01   1.9656502e-01   1.6829999e+00
   2.4672968e+00   5.8299843e-01   1.9749921e-01   1.6981718e+00
   2.6446740e+00   5.8782135e-01   1.9850746e-01   1.7145770e+00
   2.8348031e+00   5.9303682e-01   1.9959619e-01   1.7323263e+00
   3.0386009e+00   5.9868032e-01   2.0077244e-01   1.7515425e+00
   3.2570499e+00   6.0479110e-01   2.0204396e-01   1.7723612e+00
   3.4912035e+00   6.1141260e-01   2.0341930e-01   1.7949326e+00
   3.7421907e+00   6.1859304e-01   2.0490789e-01   1.8194237e+00
   4.0112218e+00   6.2638602e-01   2.0652017e-01   1.8460199e+00
   4.2995938e+00   6.3485125e-01   2.0826772e-01   1.8749280e+00
   4.6086973e+00   6.4405541e-01   2.1016338e-01   1.9063786e+00
   4.9400226e+00   6.5407309e-01   2.1222145e-01   1.9406299e+00
   5.2951673e+00   6.6498795e-01   2.1445788e-01   1.9779711e+00
   5.6758439e+00   6.7689407e-01   2.1689048e-01   2.0187268e+00
   6.0838878e+00   6.8989748e-01   2.1953920e-01   2.0632625e+00
   6.5212665e+00   7.0411802e-01   2.2242645e-01   2.1119900e+00
   6.9900890e+00   7.1969149e-01   2.2557745e-01   2.1653746e+00
   7.4926157e+00   7.3677222e-01   2.2902066e-01   2.2239429e+00
   8.0312697e+00   7.5553612e-01   2.3278829e-01   2.2882918e+00
   8.6086483e+00   7.7618430e-01   2.3691690e-01   2.3590992e+00
   9.2275354e+00   7.9894740e-01   2.4144808e-01   2.4371360e+00
   9.8909151e+00   8.2409078e-01   2.4642932e-01   2.5232796e+00
   1.0601986e+01   8.5192077e-01   2.5191503e-01   2.6185296e+00
   1.1364177e+01   8.8279215e-01   2.5796770e-01   2.7240249e+00
   1.2181162e+01   9.1711729e-01   2.6465940e-01   2.8410620e+00
   1.3056882e+01   9.5537716e-01   2.7207352e-01   2.9711149e+00
   1.3995559e+01   9.9813470e-01   2.8030690e-01   3.1158534e+00
   1.5001718e+01   1.0460512e+00   2.8947245e-01   3.2771605e+00
   1.6080211e+01   1.0999061e+00   2.9970234e-01   3.4571424e+00
   1.7236239e+01   1.1606213e+00   3.1115188e-01   3.6581273e+00
   1.8475375e+01   1.2292910e+00   3.2400444e-01   3.8826429e+00
   1.9803594e+01   1.3072171e+00   3.3847738e-01   4.1333583e+00
   2.1227300e+01   1.3959533e+00   3.5482961e-01   4.4129690e+00
   2.2753359e+01   1.4973572e+00   3.7337096e-01   4.7239936e+00
   2.4389128e+01   1.6136518e+00   3.9447403e-01   5.0684411e+00
   2.6142495e+01   1.7474969e+00   4.1858915e-01   5.4472954e+00
   2.8021913e+01   1.9020680e+00   4.4626342e-01   5.8597610e+00
   3.0036445e+01   2.0811364e+00   4.7816500e-01   6.3022365e+00
   3.2195805e+01   2.2891387e+00   5.1511425e-01   6.7670431e+00
   3.4510404e+01   2.5312100e+00   5.5812373e-01   7.2410925e+00
   3.6991402e+01   2.8131314e+00   6.0844976e-01   7.7049238e+00
   3.9650763e+01   3.1411086e+00   6.6765882e-01   8.1328662e+00
   4.2501309e+01   3.5212430e+00   7.3771296e-01   8.4952673e+00
   4.5556784e+01   3.9584843e+00   8.2107888e-01   8.7634122e+00
   4.8831921e+01   4.4547978e+00   9.2086553e-01   8.9165814e+00
   5.2342512e+01   5.0063137e+00   1.0409936e+00   8.9489035e+00
   5.6105484e+01   5.5995462e+00   1.1863948e+00   8.8725336e+00
   6.0138982e+01   6.2076451e+00   1.3632274e+00   8.7147757e+00
   6.4462452e+01   6.7891473e+00   1.5790622e+00   8.5100087e+00
   6.9096743e+01   7.2929276e+00   1.8429385e+00   8.2902853e+00
   7.4064199e+01   7.6715812e+00   2.1650735e+00   8.0787633e+00
   7.9388772e+01   7.8992966e+00   2.5558219e+00   7.8877805e+00
   8.5096136e+01   7.9832123e+00   3.0232360e+00   7.7206523e+00
   9.1213809e+01   7.9588188e+00   3.5684447e+00   7.5750383e+00
   9.7771290e+01   7.8722800e+00   4.1786310e+00   7.4460912e+00
   1.0480020e+02   7.7625644e+00   4.8197019e+00   7.3285877e+00
   1.1233442e+02   7.6531810e+00   5.4350932e+00   7.2180172e+00
   1.2041029e+02   7.5534595e+00   5.9593472e+00   7.1109373e+00
   1.2906675e+02   7.4639346e+00   6.3459431e+00   7.0049318e+00
   1.3834553e+02   7.3813540e+00   6.5900019e+00   6.8984103e+00
   1.4829137e+02   7.3017366e+00   6.7242982e+00   6.7903829e+00
   1.5895223e+02   7.2217185e+00   6.7937601e+00   6.6802703e+00
   1.7037951e+02   7.1388965e+00   6.8331411e+00   6.5677632e+00
   1.8262832e+02   7.0517354e+00   6.8606840e+00   6.4527269e+00
   1.9575771e+02   6.9593536e+00   6.8824333e+00   6.3351392e+00
   2.0983099e+02   6.8613212e+00   6.8983818e+00   6.2150517e+00
   2.2491602e+02   6.7575074e+00   6.9065437e+00   6.0925651e+00
   2.4108553e+02   6.6479782e+00   6.9048356e+00   5.9678136e+00
   2.5841749e+02   6.5329288e+00   6.8916868e+00   5.8409553e+00
   2.7699546e+02   6.4126400e+00   6.8661109e+00   5.7121652e+00
   2.9690903e+02   6.2874500e+00   6.8276132e+00   5.5816308e+00
   3.1825421e+02   6.1577349e+00   6.7760784e+00   5.4495495e+00
   3.4113393e+02   6.0238954e+00   6.7116786e+00   5.3161259e+00
   3.6565850e+02   5.8863480e+00   6.6348037e+00   5.1815706e+00
   3.9194617e+02   5.7455178e+00   6.5460095e+00   5.0460982e+00
   4.2012369e+02   5.6018342e+00   6.4459767e+00   4.9099267e+00
   4.5032694e+02   5.4557263e+00   6.3354788e+00   4.7732761e+00
   4.8270154e+02   5.3076203e+00   6.2153564e+00   4.6363672e+00
   5.1740359e+02   5.1579368e+00   6.0864956e+00   4.4994206e+00
   5.5460042e+02   5.0070883e+00   5.9498100e+00   4.3626555e+00
   5.9447137e+02   4.8554774e+00   5.8062260e+00   4.2262885e+00
   6.3720870e+02   4.7034944e+00   5.6566696e+00   4.0905326e+00
   6.8301848e+02   4.5515161e+00   5.5020558e+00   3.9555958e+00
   7.3212158e+02   4.3999035e+00   5.3432790e+00   3.8216803e+00
   7.8475476e+02   4.2490007e+00   5.1812046e+00   3.6889812e+00
   8.4117182e+02   4.0991336e+00   5.0166631e+00   3.5576859e+00
   9.0164477e+02   3.9506084e+00   4.8504435e+00   3.4279728e+00
   9.6646520e+02   3.8037111e+00   4.6832893e+00   3.3000115e+00
