S870 karim steep flat veryflat verysteep
   1.0359457e-03   7.7425241e+00   6.8178725e+00   7.7425241e+00   7.7425241e+00   7.7425241e+00
   1.1104212e-03   7.7425241e+00   6.8178725e+00   7.7425241e+00   7.7425241e+00   7.7425241e+00
   1.1902508e-03   7.7425241e+00   6.8178725e+00   7.7425241e+00   7.7425241e+00   7.7425241e+00
   1.2758195e-03   7.7425241e+00   6.8178725e+00   7.7425241e+00   7.7425241e+00   7.7425241e+00
   1.3675398e-03   7.7425241e+00   6.8178725e+00   7.7425241e+00   7.7425241e+00   7.7425241e+00
   1.4658541e-03   7.7425241e+00   6.8178725e+00   7.7425241e+00   7.7425241e+00   7.7425241e+00
   1.5712363e-03   7.7425241e+00   6.8178725e+00   7.7425241e+00   7.7425241e+00   7.7425241e+00
   1.6841945e-03   7.7425241e+00   6.8178725e+00   7.7425241e+00   7.7425241e+00   7.7425241e+00
   1.8052735e-03   7.7425241e+00   6.8178725e+00   7.7425241e+00   7.7425241e+00   7.7425241e+00
   1.9350570e-03   7.7425241e+00   6.8178725e+00   7.7425241e+00   7.7425241e+00   7.7425241e+00
   2.0741708e-03   7.7425241e+00   6.8178725e+00   7.7425241e+00   7.7425241e+00   7.7425241e+00
   2.2232857e-03   7.7425241e+00   6.8178725e+00   7.7425241e+00   7.7425241e+00   7.7425241e+00
   2.3831206e-03   7.7425241e+00   6.8178725e+00   7.7425241e+00   7.7425241e+00   7.7425241e+00
   2.5544463e-03   7.7425241e+00   6.8178725e+00   7.7425241e+00   7.7425241e+00   7.7425241e+00
   2.7380888e-03   7.7425241e+00   6.8178725e+00   7.7425241e+00   7.7425241e+00   7.7425241e+00
   2.9349336e-03   7.7425241e+00   6.8178725e+00   7.7425241e+00   7.7425241e+00   7.7425241e+00
   3.1459299e-03   7.7425241e+00   6.8178725e+00   7.7425241e+00   7.7425241e+00   7.7425241e+00
   3.3720949e-03   7.7425241e+00   6.8178725e+00   7.7425241e+00   7.7425241e+00   7.7425241e+00
   3.6145193e-03   7.7425241e+00   6.8178725e+00   7.7425241e+00   7.7425241e+00   7.7425241e+00
   3.8743718e-03   7.7425241e+00   6.8178725e+00   7.7425241e+00   7.7425241e+00   7.7425241e+00
   4.1529055e-03   7.7425241e+00   6.8178725e+00   7.7425241e+00   7.7425241e+00   7.7425241e+00
   4.4514634e-03   7.7425241e+00   6.8178725e+00   7.7425241e+00   7.7425241e+00   7.7425241e+00
   4.7714849e-03   7.7425241e+00   6.8178725e+00   7.7425241e+00   7.7425241e+00   7.7425241e+00
   5.1145133e-03   7.7425241e+00   6.8178725e+00   7.7425241e+00   7.7425241e+00   7.7425241e+00
   5.4822024e-03   7.7425241e+00   6.8178725e+00   7.7425241e+00   7.7425241e+00   7.7425241e+00
   5.8763252e-03   7.7425241e+00   6.8178725e+00   7.7425241e+00   7.7425241e+00   7.7425241e+00
   6.2987819e-03   7.7425241e+00   6.8178725e+00   7.7425241e+00   7.7425241e+00   7.7425241e+00
   6.7516097e-03   7.7425241e+00   6.8178725e+00   7.7425241e+00   7.7425241e+00   7.7425241e+00
   7.2369918e-03   7.7425241e+00   6.8178725e+00   7.7425241e+00   7.7425241e+00   7.7425241e+00
   7.7572687e-03   7.7425241e+00   6.8178725e+00   7.7425241e+00   7.7425241e+00   7.7425241e+00
   8.3149490e-03   7.7425241e+00   6.8178725e+00   7.7425241e+00   7.7425241e+00   7.7425241e+00
   8.9127216e-03   7.7425241e+00   6.8178725e+00   7.7425241e+00   7.7425241e+00   7.7425241e+00
   9.5534689e-03   7.7425241e+00   6.8178725e+00   7.7425241e+00   7.7425241e+00   7.7425241e+00
   1.0240280e-02   7.7425241e+00   6.8178725e+00   7.7425241e+00   7.7425241e+00   7.7425241e+00
   1.0976468e-02   7.7425241e+00   6.8178725e+00   7.7425241e+00   7.7425241e+00   7.7425241e+00
   1.1765580e-02   7.7425241e+00   6.8178725e+00   7.7425241e+00   7.7425241e+00   7.7425241e+00
   1.2611424e-02   7.7425241e+00   6.8178725e+00   7.7425241e+00   7.7425241e+00   7.7425241e+00
   1.3518075e-02   7.7425241e+00   6.8178725e+00   7.7425241e+00   7.7425241e+00   7.7425241e+00
   1.4489908e-02   7.7425241e+00   6.8178725e+00   7.7425241e+00   7.7425241e+00   7.7425241e+00
   1.5531606e-02   7.7425241e+00   6.8178725e+00   7.7425241e+00   7.7425241e+00   7.7425241e+00
   1.6648194e-02   7.7425241e+00   6.8178725e+00   7.7425241e+00   7.7425241e+00   7.7425241e+00
   1.7845055e-02   7.7425241e+00   6.8178725e+00   7.7425241e+00   7.7425241e+00   7.7425241e+00
   1.9127959e-02   7.7425241e+00   6.8178725e+00   7.7425241e+00   7.7425241e+00   7.7425241e+00
   2.0503093e-02   7.7425241e+00   6.8178725e+00   7.7425241e+00   7.7425241e+00   7.7425241e+00
   2.1977088e-02   7.7425241e+00   6.8178725e+00   7.7425241e+00   7.7425241e+00   7.7425241e+00
   2.3557050e-02   7.7425241e+00   6.8178725e+00   7.7425241e+00   7.7425241e+00   7.7425241e+00
   2.5250597e-02   7.7425241e+00   6.8178725e+00   7.7425241e+00   7.7425241e+00   7.7425241e+00
   2.7065896e-02   7.7425241e+00   6.8178725e+00   7.7425241e+00   7.7425241e+00   7.7425241e+00
   2.9011699e-02   7.7425241e+00   6.8178725e+00   7.7425241e+00   7.7425241e+00   7.7425241e+00
   3.1097388e-02   7.7425241e+00   6.8178725e+00   7.7425241e+00   7.7425241e+00   7.7425241e+00
   3.3333020e-02   7.7425241e+00   6.8178725e+00   7.7425241e+00   7.7425241e+00   7.7425241e+00
   3.5729375e-02   7.7425241e+00   6.8178725e+00   7.7425241e+00   7.7425241e+00   7.7425241e+00
   3.8298007e-02   7.7425241e+00   6.8178725e+00   7.7425241e+00   7.7425241e+00   7.7425241e+00
   4.1051301e-02   7.7425241e+00   6.8178725e+00   7.7425241e+00   7.7425241e+00   7.7425241e+00
   4.4002533e-02   7.7425241e+00   6.8178725e+00   7.7425241e+00   7.7425241e+00   7.7425241e+00
   4.7165933e-02   7.7425241e+00   6.8178725e+00   7.7425241e+00   7.7425241e+00   7.7425241e+00
   5.0556754e-02   7.7425241e+00   6.8178725e+00   7.7425241e+00   7.7425241e+00   7.7425241e+00
   5.4191346e-02   7.7425241e+00   6.8178725e+00   7.7425241e+00   7.7425241e+00   7.7425241e+00
   5.8087234e-02   7.7425241e+00   6.8178725e+00   7.7425241e+00   7.7425241e+00   7.7425241e+00
   6.2263201e-02   7.7425241e+00   6.8178725e+00   7.7425241e+00   7.7425241e+00   7.7425241e+00
   6.6739385e-02   7.7425241e+00   6.8178725e+00   7.7425241e+00   7.7425241e+00   7.7425241e+00
   7.1537368e-02   7.7425241e+00   6.8178725e+00   7.7425241e+00   7.7425241e+00   7.7425241e+00
   7.6680283e-02   7.7425241e+00   6.8178725e+00   7.7425241e+00   7.7425241e+00   7.7425241e+00
   8.2192930e-02   7.7425241e+00   6.8178725e+00   7.7425241e+00   7.7425241e+00   7.7425241e+00
   8.8101888e-02   7.7425241e+00   6.8178725e+00   7.7425241e+00   7.7425241e+00   7.7425241e+00
   9.4435649e-02   7.7425241e+00   6.8178725e+00   7.7425241e+00   7.7425241e+00   7.7425241e+00
   1.0122475e-01   7.7425241e+00   6.8178725e+00   7.7425241e+00   7.7425241e+00   7.7425241e+00
   1.0850193e-01   7.7425241e+00   6.8178725e+00   7.7425241e+00   7.7425241e+00   7.7425241e+00
   1.1630228e-01   7.7425241e+00   6.8178725e+00   7.7425241e+00   7.7425241e+00   7.7425241e+00
   1.2466341e-01   7.7425241e+00   6.8178725e+00   7.7425241e+00   7.7425241e+00   7.7425241e+00
   1.3362562e-01   7.7425241e+00   6.8178725e+00   7.7425241e+00   7.7425241e+00   7.7425241e+00
   1.4323214e-01   7.7425241e+00   6.8178725e+00   7.7425241e+00   7.7425241e+00   7.7425241e+00
   1.5352929e-01   7.7425241e+00   6.8178725e+00   7.7425241e+00   7.7425241e+00   7.7425241e+00
   1.6456672e-01   7.7425241e+00   6.8178725e+00   7.7425241e+00   7.7425241e+00   7.7425241e+00
   1.7639763e-01   7.7425241e+00   6.8178725e+00   7.7425241e+00   7.7425241e+00   7.7425241e+00
   1.8907909e-01   7.7425241e+00   6.8178725e+00   7.7425241e+00   7.7425241e+00   7.7425241e+00
   2.0267224e-01   7.7425241e+00   6.8178725e+00   7.7425241e+00   7.7425241e+00   7.7425241e+00
   2.1724261e-01   7.7425241e+00   6.8178725e+00   7.7425241e+00   7.7425241e+00   7.7425241e+00
   2.3286047e-01   7.7425241e+00   6.8178725e+00   7.7425241e+00   7.7425241e+00   7.7425241e+00
   2.4960112e-01   7.7425241e+00   6.8178725e+00   7.7425241e+00   7.7425241e+00   7.7425241e+00
   2.6754527e-01   7.7425241e+00   6.8178725e+00   7.7425241e+00   7.7425241e+00   7.7425241e+00
   2.8677945e-01   7.7425241e+00   6.8178725e+00   7.7425241e+00   7.7425241e+00   7.7425241e+00
   3.0739641e-01   7.7425241e+00   6.8178725e+00   7.7425241e+00   7.7425241e+00   7.7425241e+00
   3.2949554e-01   7.7425241e+00   6.8178725e+00   7.7425241e+00   7.7425241e+00   7.7425241e+00
   3.5318341e-01   7.7425241e+00   6.8178725e+00   7.7425241e+00   7.7425241e+00   7.7425241e+00
   3.7857423e-01   7.7425241e+00   6.8178725e+00   7.7425241e+00   7.7425241e+00   7.7425241e+00
   4.0579043e-01   7.7425241e+00   6.8178725e+00   7.7425241e+00   7.7425241e+00   7.7425241e+00
   4.3496324e-01   7.7425241e+00   6.8178725e+00   7.7425241e+00   7.7425241e+00   7.7425241e+00
   4.6623332e-01   7.7425241e+00   6.8178725e+00   7.7425241e+00   7.7425241e+00   7.7425241e+00
   4.9975145e-01   7.7425241e+00   6.8178725e+00   7.7425241e+00   7.7425241e+00   7.7425241e+00
   5.3567924e-01   7.7425241e+00   6.8178725e+00   7.7425241e+00   7.7425241e+00   7.7425241e+00
   5.7418993e-01   7.7425241e+00   6.8178725e+00   7.7425241e+00   7.7425241e+00   7.7425241e+00
   6.1546920e-01   7.7425241e+00   6.8178725e+00   7.7425241e+00   7.7425241e+00   7.7425241e+00
   6.5971609e-01   7.7425241e+00   6.8178725e+00   7.7425241e+00   7.7425241e+00   7.7425241e+00
   7.0714395e-01   7.7425241e+00   6.8178725e+00   7.7425241e+00   7.7425241e+00   7.7425241e+00
   7.5798146e-01   7.7425241e+00   6.8178725e+00   7.7425241e+00   7.7425241e+00   7.7425241e+00
   8.1247375e-01   7.7425241e+00   6.8178725e+00   7.7425241e+00   7.7425241e+00   7.7425241e+00
   8.7088356e-01   7.7425241e+00   6.8178725e+00   7.7425241e+00   7.7425241e+00   7.7425241e+00
   9.3349252e-01   7.7425241e+00   6.8178725e+00   7.7425241e+00   7.7425241e+00   7.7425241e+00
   1.0006025e+00   7.7425241e+00   6.8178725e+00   7.7425241e+00   7.7425241e+00   7.7425241e+00
   1.0725372e+00   7.7425241e+00   6.8178725e+00   7.7425241e+00   7.7425241e+00   7.7425241e+00
   1.1496433e+00   7.7425241e+00   6.8178725e+00   7.7425241e+00   7.7425241e+00   7.7425241e+00
   1.2322927e+00   7.7425241e+00   6.8178725e+00   7.7425241e+00   7.7425241e+00   7.7425241e+00
   1.3208838e+00   7.7425241e+00   6.8178725e+00   7.7425241e+00   7.7425241e+00   7.7425241e+00
   1.4158439e+00   7.7425241e+00   6.8178725e+00   7.7425241e+00   7.7425241e+00   7.7425241e+00
   1.5176308e+00   7.7425241e+00   6.8178725e+00   7.7425241e+00   7.7425241e+00   7.7425241e+00
   1.6267352e+00   7.7425241e+00   6.8178725e+00   7.7425241e+00   7.7425241e+00   7.7425241e+00
   1.7436834e+00   7.7425241e+00   6.8178725e+00   7.7425241e+00   7.7425241e+00   7.7425241e+00
   1.8690391e+00   7.7425241e+00   6.8178725e+00   7.7425241e+00   7.7425241e+00   7.7425241e+00
   2.0034068e+00   7.7425241e+00   6.8178725e+00   7.7425241e+00   7.7425241e+00   7.7425241e+00
   2.1474343e+00   7.7425241e+00   6.8178725e+00   7.7425241e+00   7.7425241e+00   7.7425241e+00
   2.3018162e+00   7.7425241e+00   6.8178725e+00   7.7425241e+00   7.7425241e+00   7.7425241e+00
   2.4672968e+00   7.7425241e+00   6.8178725e+00   7.7425241e+00   7.7425241e+00   7.7425241e+00
   2.6446740e+00   7.7425241e+00   6.8178725e+00   7.7425241e+00   7.7425241e+00   7.7425241e+00
   2.8348031e+00   7.7425241e+00   6.8178725e+00   7.7425241e+00   7.7425241e+00   7.7425241e+00
   3.0386009e+00   7.7425241e+00   6.8178725e+00   7.7425241e+00   7.7425241e+00   7.7425241e+00
   3.2570499e+00   7.7425241e+00   6.8178725e+00   7.7425241e+00   7.7425241e+00   7.7425241e+00
   3.4912035e+00   7.7425241e+00   6.8178725e+00   7.7425241e+00   7.7425241e+00   7.7425241e+00
   3.7421907e+00   7.7425241e+00   6.8178725e+00   7.7425241e+00   7.7425241e+00   7.7425241e+00
   4.0112218e+00   7.7425241e+00   6.8178725e+00   7.7425241e+00   7.7425241e+00   7.7425241e+00
   4.2995938e+00   7.7425241e+00   6.8178725e+00   7.7425241e+00   7.7425241e+00   7.7425241e+00
   4.6086973e+00   7.7425241e+00   6.8178725e+00   7.7425241e+00   7.7425241e+00   7.7425241e+00
   4.9400226e+00   7.7425241e+00   6.8178725e+00   7.7425241e+00   7.7425241e+00   7.7425241e+00
   5.2951673e+00   7.7425241e+00   6.8178725e+00   7.7425241e+00   7.7425241e+00   7.7425241e+00
   5.6758439e+00   7.7425241e+00   6.8178725e+00   7.7425241e+00   7.7425241e+00   7.7425241e+00
   6.0838878e+00   7.7425241e+00   6.8178725e+00   7.7425241e+00   7.7425241e+00   7.7425241e+00
   6.5212665e+00   7.7425241e+00   6.8178725e+00   7.7425241e+00   7.7425241e+00   7.7425241e+00
   6.9900890e+00   7.7425241e+00   6.8178725e+00   7.7425241e+00   7.7425241e+00   7.7425241e+00
   7.4926157e+00   7.7425241e+00   6.8178725e+00   7.7425241e+00   7.7425241e+00   7.7425241e+00
   8.0312697e+00   7.7425241e+00   6.8178725e+00   7.7425241e+00   7.7425241e+00   7.7425241e+00
   8.6086483e+00   7.7425241e+00   6.8178725e+00   7.7425241e+00   7.7425241e+00   7.7425241e+00
   9.2275354e+00   7.7425241e+00   6.8178725e+00   7.7425241e+00   7.7425241e+00   7.7425241e+00
   9.8909151e+00   7.7425241e+00   6.8178725e+00   7.7425241e+00   7.7425241e+00   7.7425241e+00
   1.0601986e+01   7.7425241e+00   6.8178725e+00   7.7425241e+00   7.7425241e+00   7.7425241e+00
   1.1364177e+01   7.7425241e+00   6.8178725e+00   7.7425241e+00   7.7425241e+00   7.7425241e+00
   1.2181162e+01   7.7425241e+00   6.8178725e+00   7.7425241e+00   7.7425241e+00   7.7425241e+00
   1.3056882e+01   7.7425241e+00   6.8178725e+00   7.7425241e+00   7.7425241e+00   7.7425241e+00
   1.3995559e+01   7.7425241e+00   6.8178725e+00   7.7425241e+00   7.7425241e+00   7.7425241e+00
   1.5001718e+01   7.7425241e+00   6.8178725e+00   7.7425241e+00   7.7425241e+00   7.7425241e+00
   1.6080211e+01   7.7426013e+00   6.8181828e+00   7.7425872e+00   7.7425715e+00   7.7427724e+00
   1.7236239e+01   7.7569356e+00   6.8716340e+00   7.7546370e+00   7.7519130e+00   7.7765007e+00
   1.8475375e+01   7.7835284e+00   6.9660740e+00   7.7782233e+00   7.7713383e+00   7.8115811e+00
   1.9803594e+01   7.8090505e+00   7.0584397e+00   7.8028812e+00   7.7936172e+00   7.8213379e+00
   2.1227300e+01   7.8265426e+00   7.1315631e+00   7.8224843e+00   7.8140363e+00   7.8103924e+00
   2.2753359e+01   7.8338634e+00   7.1836171e+00   7.8345330e+00   7.8302488e+00   7.7871386e+00
   2.4389128e+01   7.8309106e+00   7.2174378e+00   7.8382203e+00   7.8410865e+00   7.7559177e+00
   2.6142495e+01   7.8183294e+00   7.2364186e+00   7.8334931e+00   7.8459676e+00   7.7184015e+00
   2.8021913e+01   7.7969553e+00   7.2433254e+00   7.8206300e+00   7.8446375e+00   7.6749892e+00
   3.0036445e+01   7.7675384e+00   7.2400236e+00   7.8000025e+00   7.8370118e+00   7.6255127e+00
   3.2195805e+01   7.7306411e+00   7.2275747e+00   7.7719511e+00   7.8230765e+00   7.5696449e+00
   3.4510404e+01   7.6866223e+00   7.2064747e+00   7.7367408e+00   7.8028496e+00   7.5069108e+00
   3.6991402e+01   7.6356545e+00   7.1768109e+00   7.6945360e+00   7.7763414e+00   7.4368629e+00
   3.9650763e+01   7.5777627e+00   7.1384275e+00   7.6454109e+00   7.7435487e+00   7.3590428e+00
   4.2501309e+01   7.5128680e+00   7.0910341e+00   7.5893647e+00   7.7044503e+00   7.2730481e+00
   4.5556784e+01   7.4408113e+00   7.0342627e+00   7.5263370e+00   7.6590140e+00   7.1784288e+00
   4.8831921e+01   7.3613947e+00   6.9677294e+00   7.4562296e+00   7.6071976e+00   7.0748266e+00
   5.2342512e+01   7.2743772e+00   6.8910167e+00   7.3789139e+00   7.5489648e+00   6.9617270e+00
   5.6105484e+01   7.1794935e+00   6.8036843e+00   7.2942399e+00   7.4842826e+00   6.8386248e+00
   6.0138982e+01   7.0764793e+00   6.7053090e+00   7.2020539e+00   7.4131280e+00   6.7051104e+00
   6.4462452e+01   6.9650612e+00   6.5954365e+00   7.1022092e+00   7.3355142e+00   6.5605343e+00
   6.9096743e+01   6.8449844e+00   6.4736288e+00   6.9945759e+00   7.2514833e+00   6.4043854e+00
   7.4064199e+01   6.7160317e+00   6.3394774e+00   6.8790676e+00   7.1611351e+00   6.2361300e+00
   7.9388772e+01   6.5780369e+00   6.1926051e+00   6.7556592e+00   7.0646464e+00   6.0552115e+00
   8.5096136e+01   6.4308856e+00   6.0326220e+00   6.6244025e+00   6.9622984e+00   5.8609315e+00
   9.1213809e+01   6.2745501e+00   5.8591687e+00   6.4854565e+00   6.8544993e+00   5.6525932e+00
   9.7771290e+01   6.1091095e+00   5.6718828e+00   6.3391236e+00   6.7418306e+00   5.4293308e+00
   1.0480020e+02   5.9348234e+00   5.4705267e+00   6.1859023e+00   6.6250726e+00   5.1904519e+00
   1.1233442e+02   5.7522027e+00   5.2550283e+00   6.0265626e+00   6.5052720e+00   4.9353367e+00
   1.2041029e+02   5.5621252e+00   5.0255491e+00   5.8622643e+00   6.3838423e+00   4.6632957e+00
   1.2906675e+02   5.3659503e+00   4.7825774e+00   5.6946582e+00   6.2626283e+00   4.3737640e+00
   1.3834553e+02   5.1657563e+00   4.5272971e+00   5.5260584e+00   6.1439862e+00   4.0667824e+00
   1.4829137e+02   4.9646518e+00   4.2617980e+00   5.3597270e+00   6.0309863e+00   3.7425988e+00
   1.5895223e+02   4.7671735e+00   3.9895666e+00   5.2001641e+00   5.9275388e+00   3.4020225e+00
   1.7037951e+02   4.5799877e+00   3.7165048e+00   5.0535928e+00   5.8385921e+00   3.0468976e+00
   1.8262832e+02   4.4122060e+00   3.4518154e+00   4.9279838e+00   5.7698558e+00   2.6810842e+00
   1.9575771e+02   4.2758371e+00   3.2105957e+00   4.8328894e+00   5.7271119e+00   2.3147116e+00
   2.0983099e+02   4.1852233e+00   3.0169059e+00   4.7781103e+00   5.7144175e+00   1.9718501e+00
   2.2491602e+02   4.1522787e+00   2.9049285e+00   4.7683852e+00   5.7291338e+00   1.7085367e+00
   2.4108553e+02   4.1602644e+00   2.8907412e+00   4.7813575e+00   5.7463117e+00   1.6292208e+00
   2.5841749e+02   4.1602644e+00   2.8907412e+00   4.7813575e+00   5.7463117e+00   1.6292208e+00
   2.7699546e+02   4.1602644e+00   2.8907412e+00   4.7813575e+00   5.7463117e+00   1.6292208e+00
   2.9690903e+02   4.1602644e+00   2.8907412e+00   4.7813575e+00   5.7463117e+00   1.6292208e+00
   3.1825421e+02   4.1602644e+00   2.8907412e+00   4.7813575e+00   5.7463117e+00   1.6292208e+00
   3.4113393e+02   4.1602644e+00   2.8907412e+00   4.7813575e+00   5.7463117e+00   1.6292208e+00
   3.6565850e+02   4.1602644e+00   2.8907412e+00   4.7813575e+00   5.7463117e+00   1.6292208e+00
   3.9194617e+02   4.1602644e+00   2.8907412e+00   4.7813575e+00   5.7463117e+00   1.6292208e+00
   4.2012369e+02   4.1602644e+00   2.8907412e+00   4.7813575e+00   5.7463117e+00   1.6292208e+00
   4.5032694e+02   4.1602644e+00   2.8907412e+00   4.7813575e+00   5.7463117e+00   1.6292208e+00
   4.8270154e+02   4.1602644e+00   2.8907412e+00   4.7813575e+00   5.7463117e+00   1.6292208e+00
   5.1740359e+02   4.1602644e+00   2.8907412e+00   4.7813575e+00   5.7463117e+00   1.6292208e+00
   5.5460042e+02   4.1602644e+00   2.8907412e+00   4.7813575e+00   5.7463117e+00   1.6292208e+00
   5.9447137e+02   4.1602644e+00   2.8907412e+00   4.7813575e+00   5.7463117e+00   1.6292208e+00
   6.3720870e+02   4.1602644e+00   2.8907412e+00   4.7813575e+00   5.7463117e+00   1.6292208e+00
   6.8301848e+02   4.1602644e+00   2.8907412e+00   4.7813575e+00   5.7463117e+00   1.6292208e+00
   7.3212158e+02   4.1602644e+00   2.8907412e+00   4.7813575e+00   5.7463117e+00   1.6292208e+00
   7.8475476e+02   4.1602644e+00   2.8907412e+00   4.7813575e+00   5.7463117e+00   1.6292208e+00
   8.4117182e+02   4.1602644e+00   2.8907412e+00   4.7813575e+00   5.7463117e+00   1.6292208e+00
   9.0164477e+02   4.1602644e+00   2.8907412e+00   4.7813575e+00   5.7463117e+00   1.6292208e+00
   9.6646520e+02   4.1602644e+00   2.8907412e+00   4.7813575e+00   5.7463117e+00   1.6292208e+00
