S870 bestfit flat steep
   1.0359457e-03   9.9329136e-01   3.4118039e-01   2.6891036e+00
   1.1104212e-03   9.9329440e-01   3.4118110e-01   2.6891128e+00
   1.1902508e-03   9.9329766e-01   3.4118186e-01   2.6891226e+00
   1.2758195e-03   9.9330116e-01   3.4118268e-01   2.6891332e+00
   1.3675398e-03   9.9330490e-01   3.4118355e-01   2.6891445e+00
   1.4658541e-03   9.9330892e-01   3.4118449e-01   2.6891566e+00
   1.5712363e-03   9.9331322e-01   3.4118549e-01   2.6891695e+00
   1.6841945e-03   9.9331783e-01   3.4118657e-01   2.6891834e+00
   1.8052735e-03   9.9332278e-01   3.4118772e-01   2.6891983e+00
   1.9350570e-03   9.9332808e-01   3.4118895e-01   2.6892143e+00
   2.0741708e-03   9.9333376e-01   3.4119028e-01   2.6892314e+00
   2.2232857e-03   9.9333985e-01   3.4119170e-01   2.6892498e+00
   2.3831206e-03   9.9334637e-01   3.4119322e-01   2.6892695e+00
   2.5544463e-03   9.9335337e-01   3.4119485e-01   2.6892906e+00
   2.7380888e-03   9.9336087e-01   3.4119660e-01   2.6893132e+00
   2.9349336e-03   9.9336891e-01   3.4119847e-01   2.6893374e+00
   3.1459299e-03   9.9337753e-01   3.4120048e-01   2.6893634e+00
   3.3720949e-03   9.9338676e-01   3.4120264e-01   2.6893912e+00
   3.6145193e-03   9.9339666e-01   3.4120495e-01   2.6894211e+00
   3.8743718e-03   9.9340728e-01   3.4120742e-01   2.6894531e+00
   4.1529055e-03   9.9341865e-01   3.4121007e-01   2.6894874e+00
   4.4514634e-03   9.9343084e-01   3.4121291e-01   2.6895241e+00
   4.7714849e-03   9.9344391e-01   3.4121596e-01   2.6895635e+00
   5.1145133e-03   9.9345792e-01   3.4121923e-01   2.6896058e+00
   5.4822024e-03   9.9347294e-01   3.4122273e-01   2.6896510e+00
   5.8763252e-03   9.9348904e-01   3.4122648e-01   2.6896996e+00
   6.2987819e-03   9.9350629e-01   3.4123051e-01   2.6897516e+00
   6.7516097e-03   9.9352479e-01   3.4123482e-01   2.6898073e+00
   7.2369918e-03   9.9354461e-01   3.4123944e-01   2.6898671e+00
   7.7572687e-03   9.9356587e-01   3.4124440e-01   2.6899312e+00
   8.3149490e-03   9.9358864e-01   3.4124971e-01   2.6899998e+00
   8.9127216e-03   9.9361306e-01   3.4125540e-01   2.6900734e+00
   9.5534689e-03   9.9363924e-01   3.4126150e-01   2.6901523e+00
   1.0240280e-02   9.9366729e-01   3.4126804e-01   2.6902369e+00
   1.0976468e-02   9.9369737e-01   3.4127505e-01   2.6903276e+00
   1.1765580e-02   9.9372960e-01   3.4128257e-01   2.6904247e+00
   1.2611424e-02   9.9376416e-01   3.4129063e-01   2.6905289e+00
   1.3518075e-02   9.9380120e-01   3.4129926e-01   2.6906406e+00
   1.4489908e-02   9.9384091e-01   3.4130852e-01   2.6907603e+00
   1.5531606e-02   9.9388347e-01   3.4131844e-01   2.6908886e+00
   1.6648194e-02   9.9392909e-01   3.4132908e-01   2.6910261e+00
   1.7845055e-02   9.9397800e-01   3.4134048e-01   2.6911735e+00
   1.9127959e-02   9.9403042e-01   3.4135270e-01   2.6913316e+00
   2.0503093e-02   9.9408662e-01   3.4136580e-01   2.6915010e+00
   2.1977088e-02   9.9414686e-01   3.4137985e-01   2.6916826e+00
   2.3557050e-02   9.9421144e-01   3.4139490e-01   2.6918772e+00
   2.5250597e-02   9.9428066e-01   3.4141104e-01   2.6920859e+00
   2.7065896e-02   9.9435486e-01   3.4142834e-01   2.6923096e+00
   2.9011699e-02   9.9443441e-01   3.4144688e-01   2.6925493e+00
   3.1097388e-02   9.9451968e-01   3.4146676e-01   2.6928064e+00
   3.3333020e-02   9.9461108e-01   3.4148807e-01   2.6930819e+00
   3.5729375e-02   9.9470907e-01   3.4151091e-01   2.6933773e+00
   3.8298007e-02   9.9481412e-01   3.4153540e-01   2.6936939e+00
   4.1051301e-02   9.9492672e-01   3.4156165e-01   2.6940334e+00
   4.4002533e-02   9.9504744e-01   3.4158978e-01   2.6943972e+00
   4.7165933e-02   9.9517685e-01   3.4161995e-01   2.6947873e+00
   5.0556754e-02   9.9531559e-01   3.4165229e-01   2.6952055e+00
   5.4191346e-02   9.9546432e-01   3.4168695e-01   2.6956538e+00
   5.8087234e-02   9.9562376e-01   3.4172412e-01   2.6961344e+00
   6.2263201e-02   9.9579470e-01   3.4176396e-01   2.6966496e+00
   6.6739385e-02   9.9597796e-01   3.4180667e-01   2.6972020e+00
   7.1537368e-02   9.9617442e-01   3.4185246e-01   2.6977942e+00
   7.6680283e-02   9.9638506e-01   3.4190155e-01   2.6984290e+00
   8.2192930e-02   9.9661089e-01   3.4195417e-01   2.6991097e+00
   8.8101888e-02   9.9685301e-01   3.4201060e-01   2.6998394e+00
   9.4435649e-02   9.9711260e-01   3.4207109e-01   2.7006218e+00
   1.0122475e-01   9.9739092e-01   3.4213594e-01   2.7014607e+00
   1.0850193e-01   9.9768934e-01   3.4220548e-01   2.7023600e+00
   1.1630228e-01   9.9800931e-01   3.4228003e-01   2.7033244e+00
   1.2466341e-01   9.9835240e-01   3.4235996e-01   2.7043583e+00
   1.3362562e-01   9.9872028e-01   3.4244567e-01   2.7054670e+00
   1.4323214e-01   9.9911476e-01   3.4253756e-01   2.7066558e+00
   1.5352929e-01   9.9953777e-01   3.4263610e-01   2.7079305e+00
   1.6456672e-01   9.9999138e-01   3.4274176e-01   2.7092975e+00
   1.7639763e-01   1.0004778e+00   3.4285506e-01   2.7107633e+00
   1.8907909e-01   1.0009995e+00   3.4297655e-01   2.7123352e+00
   2.0267224e-01   1.0015590e+00   3.4310684e-01   2.7140210e+00
   2.1724261e-01   1.0021590e+00   3.4324657e-01   2.7158290e+00
   2.3286047e-01   1.0028026e+00   3.4339641e-01   2.7177681e+00
   2.4960112e-01   1.0034929e+00   3.4355712e-01   2.7198478e+00
   2.6754527e-01   1.0042334e+00   3.4372948e-01   2.7220785e+00
   2.8677945e-01   1.0050277e+00   3.4391435e-01   2.7244713e+00
   3.0739641e-01   1.0058797e+00   3.4411265e-01   2.7270380e+00
   3.2949554e-01   1.0067938e+00   3.4432536e-01   2.7297915e+00
   3.5318341e-01   1.0077746e+00   3.4455354e-01   2.7327455e+00
   3.7857423e-01   1.0088269e+00   3.4479832e-01   2.7359148e+00
   4.0579043e-01   1.0099560e+00   3.4506095e-01   2.7393153e+00
   4.3496324e-01   1.0111677e+00   3.4534272e-01   2.7429642e+00
   4.6623332e-01   1.0124682e+00   3.4564507e-01   2.7468799e+00
   4.9975145e-01   1.0138639e+00   3.4596951e-01   2.7510822e+00
   5.3567924e-01   1.0153621e+00   3.4631769e-01   2.7555925e+00
   5.7418993e-01   1.0169704e+00   3.4669137e-01   2.7604338e+00
   6.1546920e-01   1.0186971e+00   3.4709247e-01   2.7656310e+00
   6.5971609e-01   1.0205511e+00   3.4752303e-01   2.7712108e+00
   7.0714395e-01   1.0225421e+00   3.4798527e-01   2.7772020e+00
   7.5798146e-01   1.0246805e+00   3.4848157e-01   2.7836358e+00
   8.1247375e-01   1.0269776e+00   3.4901451e-01   2.7905457e+00
   8.7088356e-01   1.0294453e+00   3.4958687e-01   2.7979680e+00
   9.3349252e-01   1.0320970e+00   3.5020165e-01   2.8059419e+00
   1.0006025e+00   1.0349468e+00   3.5086208e-01   2.8145097e+00
   1.0725372e+00   1.0380100e+00   3.5157168e-01   2.8237173e+00
   1.1496433e+00   1.0413033e+00   3.5233424e-01   2.8336141e+00
   1.2322927e+00   1.0448448e+00   3.5315384e-01   2.8442538e+00
   1.3208838e+00   1.0486540e+00   3.5403494e-01   2.8556946e+00
   1.4158439e+00   1.0527521e+00   3.5498235e-01   2.8679993e+00
   1.5176308e+00   1.0571624e+00   3.5600128e-01   2.8812364e+00
   1.6267352e+00   1.0619097e+00   3.5709741e-01   2.8954801e+00
   1.7436834e+00   1.0670216e+00   3.5827687e-01   2.9108108e+00
   1.8690391e+00   1.0725277e+00   3.5954636e-01   2.9273163e+00
   2.0034068e+00   1.0784605e+00   3.6091315e-01   2.9450918e+00
   2.1474343e+00   1.0848554e+00   3.6238517e-01   2.9642411e+00
   2.3018162e+00   1.0917512e+00   3.6397105e-01   2.9848774e+00
   2.4672968e+00   1.0991902e+00   3.6568022e-01   3.0071241e+00
   2.6446740e+00   1.1072188e+00   3.6752299e-01   3.0311159e+00
   2.8348031e+00   1.1158881e+00   3.6951062e-01   3.0569999e+00
   3.0386009e+00   1.1252540e+00   3.7165545e-01   3.0849374e+00
   3.2570499e+00   1.1353780e+00   3.7397103e-01   3.1151044e+00
   3.4912035e+00   1.1463279e+00   3.7647222e-01   3.1476944e+00
   3.7421907e+00   1.1581788e+00   3.7917539e-01   3.1829190e+00
   4.0112218e+00   1.1710133e+00   3.8209854e-01   3.2210111e+00
   4.2995938e+00   1.1849231e+00   3.8526157e-01   3.2622260e+00
   4.6086973e+00   1.2000098e+00   3.8868646e-01   3.3068447e+00
   4.9400226e+00   1.2163866e+00   3.9239754e-01   3.3551765e+00
   5.2951673e+00   1.2341793e+00   3.9642182e-01   3.4075614e+00
   5.6758439e+00   1.2535283e+00   4.0078931e-01   3.4643741e+00
   6.0838878e+00   1.2745905e+00   4.0553345e-01   3.5260273e+00
   6.5212665e+00   1.2975420e+00   4.1069155e-01   3.5929752e+00
   6.9900890e+00   1.3225803e+00   4.1630539e-01   3.6657179e+00
   7.4926157e+00   1.3499277e+00   4.2242177e-01   3.7448052e+00
   8.0312697e+00   1.3798349e+00   4.2909332e-01   3.8308409e+00
   8.6086483e+00   1.4125853e+00   4.3637937e-01   3.9244860e+00
   9.2275354e+00   1.4485001e+00   4.4434692e-01   4.0264626e+00
   9.8909151e+00   1.4879441e+00   4.5307189e-01   4.1375552e+00
   1.0601986e+01   1.5313323e+00   4.6264055e-01   4.2586111e+00
   1.1364177e+01   1.5791382e+00   4.7315116e-01   4.3905375e+00
   1.2181162e+01   1.6319031e+00   4.8471607e-01   4.5342939e+00
   1.3056882e+01   1.6902468e+00   4.9746405e-01   4.6908780e+00
   1.3995559e+01   1.7548806e+00   5.1154320e-01   4.8613024e+00
   1.5001718e+01   1.8266215e+00   5.2712445e-01   5.0465575e+00
   1.6080211e+01   1.9064092e+00   5.4440569e-01   5.2475565e+00
   1.7236239e+01   1.9953251e+00   5.6361690e-01   5.4650555e+00
   1.8475375e+01   2.0946129e+00   5.8502623e-01   5.6995414e+00
   1.9803594e+01   2.2057018e+00   6.0894756e-01   5.9510807e+00
   2.1227300e+01   2.3302289e+00   6.3574959e-01   6.2191187e+00
   2.2753359e+01   2.4700609e+00   6.6586713e-01   6.5022296e+00
   2.4389128e+01   2.6273109e+00   6.9981479e-01   6.7978174e+00
   2.6142495e+01   2.8043426e+00   7.3820395e-01   7.1017900e+00
   2.8021913e+01   3.0037545e+00   7.8176359e-01   7.4082518e+00
   3.0036445e+01   3.2283259e+00   8.3136590e-01   7.7092940e+00
   3.2195805e+01   3.4809029e+00   8.8805774e-01   7.9950064e+00
   3.4510404e+01   3.7641893e+00   9.5309908e-01   8.2538575e+00
   3.6991402e+01   4.0803971e+00   1.0280096e+00   8.4735828e+00
   3.9650763e+01   4.4307030e+00   1.1146241e+00   8.6426273e+00
   4.2501309e+01   4.8144618e+00   1.2151580e+00   8.7520017e+00
   4.5556784e+01   5.2281635e+00   1.3322793e+00   8.7971670e+00
   4.8831921e+01   5.6642243e+00   1.4691851e+00   8.7793629e+00
   5.2342512e+01   6.1098871e+00   1.6296691e+00   8.7058142e+00
   5.6105484e+01   6.5467815e+00   1.8181580e+00   8.5885639e+00
   6.0138982e+01   6.9519201e+00   2.0396746e+00   8.4421946e+00
   6.4462452e+01   7.3008042e+00   2.2996520e+00   8.2811469e+00
   6.9096743e+01   7.5725396e+00   2.6034792e+00   8.1174612e+00
   7.4064199e+01   7.7554819e+00   2.9556048e+00   7.9595058e+00
   7.9388772e+01   7.8508046e+00   3.3580008e+00   7.8117985e+00
   8.5096136e+01   7.8718352e+00   3.8078724e+00   7.6756418e+00
   9.1213809e+01   7.8392487e+00   4.2948532e+00   7.5501364e+00
   9.7771290e+01   7.7746125e+00   4.7987005e+00   7.4331945e+00
   1.0480020e+02   7.6953172e+00   5.2895075e+00   7.3223317e+00
   1.1233442e+02   7.6124509e+00   5.7326771e+00   7.2151775e+00
   1.2041029e+02   7.5312623e+00   6.0987208e+00   7.1097338e+00
   1.2906675e+02   7.4529103e+00   6.3735178e+00   7.0044571e+00
   1.3834553e+02   7.3763311e+00   6.5622142e+00   6.8982367e+00
   1.4829137e+02   7.2996318e+00   6.6838909e+00   6.7903243e+00
   1.5895223e+02   7.2209077e+00   6.7613749e+00   6.6802522e+00
   1.7037951e+02   7.1386100e+00   6.8131060e+00   6.5677581e+00
   1.8262832e+02   7.0516429e+00   6.8502337e+00   6.4527256e+00
   1.9575771e+02   6.9593265e+00   6.8776628e+00   6.3351389e+00
   2.0983099e+02   6.8613139e+00   6.8964421e+00   6.2150517e+00
   2.2491602e+02   6.7575057e+00   6.9058359e+00   6.0925651e+00
   2.4108553e+02   6.6479778e+00   6.9046035e+00   5.9678136e+00
   2.5841749e+02   6.5329287e+00   6.8916185e+00   5.8409553e+00
   2.7699546e+02   6.4126400e+00   6.8660929e+00   5.7121652e+00
   2.9690903e+02   6.2874500e+00   6.8276090e+00   5.5816308e+00
   3.1825421e+02   6.1577349e+00   6.7760775e+00   5.4495495e+00
   3.4113393e+02   6.0238954e+00   6.7116784e+00   5.3161259e+00
   3.6565850e+02   5.8863480e+00   6.6348037e+00   5.1815706e+00
   3.9194617e+02   5.7455178e+00   6.5460095e+00   5.0460982e+00
   4.2012369e+02   5.6018342e+00   6.4459767e+00   4.9099267e+00
   4.5032694e+02   5.4557263e+00   6.3354788e+00   4.7732761e+00
   4.8270154e+02   5.3076203e+00   6.2153564e+00   4.6363672e+00
   5.1740359e+02   5.1579368e+00   6.0864956e+00   4.4994206e+00
   5.5460042e+02   5.0070883e+00   5.9498100e+00   4.3626555e+00
   5.9447137e+02   4.8554774e+00   5.8062260e+00   4.2262885e+00
   6.3720870e+02   4.7034944e+00   5.6566696e+00   4.0905326e+00
   6.8301848e+02   4.5515161e+00   5.5020558e+00   3.9555958e+00
   7.3212158e+02   4.3999035e+00   5.3432790e+00   3.8216803e+00
   7.8475476e+02   4.2490007e+00   5.1812046e+00   3.6889812e+00
   8.4117182e+02   4.0991336e+00   5.0166631e+00   3.5576859e+00
   9.0164477e+02   3.9506084e+00   4.8504435e+00   3.4279728e+00
   9.6646520e+02   3.8037111e+00   4.6832893e+00   3.3000115e+00
