S870 karim steep flat veryflat verysteep
   1.0359457e-03   1.7015140e+00   1.1327943e+00   1.7015140e+00   1.7015140e+00   1.7015140e+00
   1.1104212e-03   1.7015140e+00   1.1327943e+00   1.7015140e+00   1.7015140e+00   1.7015140e+00
   1.1902508e-03   1.7015140e+00   1.1327943e+00   1.7015140e+00   1.7015140e+00   1.7015140e+00
   1.2758195e-03   1.7015140e+00   1.1327943e+00   1.7015140e+00   1.7015140e+00   1.7015140e+00
   1.3675398e-03   1.7015140e+00   1.1327943e+00   1.7015140e+00   1.7015140e+00   1.7015140e+00
   1.4658541e-03   1.7015140e+00   1.1327943e+00   1.7015140e+00   1.7015140e+00   1.7015140e+00
   1.5712363e-03   1.7015140e+00   1.1327943e+00   1.7015140e+00   1.7015140e+00   1.7015140e+00
   1.6841945e-03   1.7015140e+00   1.1327943e+00   1.7015140e+00   1.7015140e+00   1.7015140e+00
   1.8052735e-03   1.7015140e+00   1.1327943e+00   1.7015140e+00   1.7015140e+00   1.7015140e+00
   1.9350570e-03   1.7015140e+00   1.1327943e+00   1.7015140e+00   1.7015140e+00   1.7015140e+00
   2.0741708e-03   1.7015140e+00   1.1327943e+00   1.7015140e+00   1.7015140e+00   1.7015140e+00
   2.2232857e-03   1.7015140e+00   1.1327943e+00   1.7015140e+00   1.7015140e+00   1.7015140e+00
   2.3831206e-03   1.7015140e+00   1.1327943e+00   1.7015140e+00   1.7015140e+00   1.7015140e+00
   2.5544463e-03   1.7015140e+00   1.1327943e+00   1.7015140e+00   1.7015140e+00   1.7015140e+00
   2.7380888e-03   1.7015140e+00   1.1327943e+00   1.7015140e+00   1.7015140e+00   1.7015140e+00
   2.9349336e-03   1.7015140e+00   1.1327943e+00   1.7015140e+00   1.7015140e+00   1.7015140e+00
   3.1459299e-03   1.7015140e+00   1.1327943e+00   1.7015140e+00   1.7015140e+00   1.7015140e+00
   3.3720949e-03   1.7015140e+00   1.1327943e+00   1.7015140e+00   1.7015140e+00   1.7015140e+00
   3.6145193e-03   1.7015140e+00   1.1327943e+00   1.7015140e+00   1.7015140e+00   1.7015140e+00
   3.8743718e-03   1.7015140e+00   1.1327943e+00   1.7015140e+00   1.7015140e+00   1.7015140e+00
   4.1529055e-03   1.7015140e+00   1.1327943e+00   1.7015140e+00   1.7015140e+00   1.7015140e+00
   4.4514634e-03   1.7015140e+00   1.1327943e+00   1.7015140e+00   1.7015140e+00   1.7015140e+00
   4.7714849e-03   1.7015140e+00   1.1327943e+00   1.7015140e+00   1.7015140e+00   1.7015140e+00
   5.1145133e-03   1.7015140e+00   1.1327943e+00   1.7015140e+00   1.7015140e+00   1.7015140e+00
   5.4822024e-03   1.7015140e+00   1.1327943e+00   1.7015140e+00   1.7015140e+00   1.7015140e+00
   5.8763252e-03   1.7015140e+00   1.1327943e+00   1.7015140e+00   1.7015140e+00   1.7015140e+00
   6.2987819e-03   1.7015140e+00   1.1327943e+00   1.7015140e+00   1.7015140e+00   1.7015140e+00
   6.7516097e-03   1.7015140e+00   1.1327943e+00   1.7015140e+00   1.7015140e+00   1.7015140e+00
   7.2369918e-03   1.7015140e+00   1.1327943e+00   1.7015140e+00   1.7015140e+00   1.7015140e+00
   7.7572687e-03   1.7015140e+00   1.1327943e+00   1.7015140e+00   1.7015140e+00   1.7015140e+00
   8.3149490e-03   1.7015140e+00   1.1327943e+00   1.7015140e+00   1.7015140e+00   1.7015140e+00
   8.9127216e-03   1.7015140e+00   1.1327943e+00   1.7015140e+00   1.7015140e+00   1.7015140e+00
   9.5534689e-03   1.7015140e+00   1.1327943e+00   1.7015140e+00   1.7015140e+00   1.7015140e+00
   1.0240280e-02   1.7015140e+00   1.1327943e+00   1.7015140e+00   1.7015140e+00   1.7015140e+00
   1.0976468e-02   1.7015140e+00   1.1327943e+00   1.7015140e+00   1.7015140e+00   1.7015140e+00
   1.1765580e-02   1.7015140e+00   1.1327943e+00   1.7015140e+00   1.7015140e+00   1.7015140e+00
   1.2611424e-02   1.7015140e+00   1.1327943e+00   1.7015140e+00   1.7015140e+00   1.7015140e+00
   1.3518075e-02   1.7015140e+00   1.1327943e+00   1.7015140e+00   1.7015140e+00   1.7015140e+00
   1.4489908e-02   1.7015140e+00   1.1327943e+00   1.7015140e+00   1.7015140e+00   1.7015140e+00
   1.5531606e-02   1.7015140e+00   1.1327943e+00   1.7015140e+00   1.7015140e+00   1.7015140e+00
   1.6648194e-02   1.7015140e+00   1.1327943e+00   1.7015140e+00   1.7015140e+00   1.7015140e+00
   1.7845055e-02   1.7015140e+00   1.1327943e+00   1.7015140e+00   1.7015140e+00   1.7015140e+00
   1.9127959e-02   1.7015140e+00   1.1327943e+00   1.7015140e+00   1.7015140e+00   1.7015140e+00
   2.0503093e-02   1.7015140e+00   1.1327943e+00   1.7015140e+00   1.7015140e+00   1.7015140e+00
   2.1977088e-02   1.7015140e+00   1.1327943e+00   1.7015140e+00   1.7015140e+00   1.7015140e+00
   2.3557050e-02   1.7015140e+00   1.1327943e+00   1.7015140e+00   1.7015140e+00   1.7015140e+00
   2.5250597e-02   1.7015140e+00   1.1327943e+00   1.7015140e+00   1.7015140e+00   1.7015140e+00
   2.7065896e-02   1.7015140e+00   1.1327943e+00   1.7015140e+00   1.7015140e+00   1.7015140e+00
   2.9011699e-02   1.7015140e+00   1.1327943e+00   1.7015140e+00   1.7015140e+00   1.7015140e+00
   3.1097388e-02   1.7015140e+00   1.1327943e+00   1.7015140e+00   1.7015140e+00   1.7015140e+00
   3.3333020e-02   1.7015140e+00   1.1327943e+00   1.7015140e+00   1.7015140e+00   1.7015140e+00
   3.5729375e-02   1.7015140e+00   1.1327943e+00   1.7015140e+00   1.7015140e+00   1.7015140e+00
   3.8298007e-02   1.7015140e+00   1.1327943e+00   1.7015140e+00   1.7015140e+00   1.7015140e+00
   4.1051301e-02   1.7015140e+00   1.1327943e+00   1.7015140e+00   1.7015140e+00   1.7015140e+00
   4.4002533e-02   1.7015140e+00   1.1327943e+00   1.7015140e+00   1.7015140e+00   1.7015140e+00
   4.7165933e-02   1.7015140e+00   1.1327943e+00   1.7015140e+00   1.7015140e+00   1.7015140e+00
   5.0556754e-02   1.7015140e+00   1.1327943e+00   1.7015140e+00   1.7015140e+00   1.7015140e+00
   5.4191346e-02   1.7015140e+00   1.1327943e+00   1.7015140e+00   1.7015140e+00   1.7015140e+00
   5.8087234e-02   1.7015140e+00   1.1327943e+00   1.7015140e+00   1.7015140e+00   1.7015140e+00
   6.2263201e-02   1.7015140e+00   1.1327943e+00   1.7015140e+00   1.7015140e+00   1.7015140e+00
   6.6739385e-02   1.7015140e+00   1.1327943e+00   1.7015140e+00   1.7015140e+00   1.7015140e+00
   7.1537368e-02   1.7015140e+00   1.1327943e+00   1.7015140e+00   1.7015140e+00   1.7015140e+00
   7.6680283e-02   1.7015140e+00   1.1327943e+00   1.7015140e+00   1.7015140e+00   1.7015140e+00
   8.2192930e-02   1.7015140e+00   1.1327943e+00   1.7015140e+00   1.7015140e+00   1.7015140e+00
   8.8101888e-02   1.7015140e+00   1.1327943e+00   1.7015140e+00   1.7015140e+00   1.7015140e+00
   9.4435649e-02   1.7015140e+00   1.1327943e+00   1.7015140e+00   1.7015140e+00   1.7015140e+00
   1.0122475e-01   1.7015140e+00   1.1327943e+00   1.7015140e+00   1.7015140e+00   1.7015140e+00
   1.0850193e-01   1.7015140e+00   1.1327943e+00   1.7015140e+00   1.7015140e+00   1.7015140e+00
   1.1630228e-01   1.7015140e+00   1.1327943e+00   1.7015140e+00   1.7015140e+00   1.7015140e+00
   1.2466341e-01   1.7015140e+00   1.1327943e+00   1.7015140e+00   1.7015140e+00   1.7015140e+00
   1.3362562e-01   1.7015140e+00   1.1327943e+00   1.7015140e+00   1.7015140e+00   1.7015140e+00
   1.4323214e-01   1.7015140e+00   1.1327943e+00   1.7015140e+00   1.7015140e+00   1.7015140e+00
   1.5352929e-01   1.7015140e+00   1.1327943e+00   1.7015140e+00   1.7015140e+00   1.7015140e+00
   1.6456672e-01   1.7015140e+00   1.1327943e+00   1.7015140e+00   1.7015140e+00   1.7015140e+00
   1.7639763e-01   1.7015140e+00   1.1327943e+00   1.7015140e+00   1.7015140e+00   1.7015140e+00
   1.8907909e-01   1.7015140e+00   1.1327943e+00   1.7015140e+00   1.7015140e+00   1.7015140e+00
   2.0267224e-01   1.7015140e+00   1.1327943e+00   1.7015140e+00   1.7015140e+00   1.7015140e+00
   2.1724261e-01   1.7015140e+00   1.1327943e+00   1.7015140e+00   1.7015140e+00   1.7015140e+00
   2.3286047e-01   1.7015140e+00   1.1327943e+00   1.7015140e+00   1.7015140e+00   1.7015140e+00
   2.4960112e-01   1.7015140e+00   1.1327943e+00   1.7015140e+00   1.7015140e+00   1.7015140e+00
   2.6754527e-01   1.7015140e+00   1.1327943e+00   1.7015140e+00   1.7015140e+00   1.7015140e+00
   2.8677945e-01   1.7015140e+00   1.1327943e+00   1.7015140e+00   1.7015140e+00   1.7015140e+00
   3.0739641e-01   1.7015140e+00   1.1327943e+00   1.7015140e+00   1.7015140e+00   1.7015140e+00
   3.2949554e-01   1.7015140e+00   1.1327943e+00   1.7015140e+00   1.7015140e+00   1.7015140e+00
   3.5318341e-01   1.7015140e+00   1.1327943e+00   1.7015140e+00   1.7015140e+00   1.7015140e+00
   3.7857423e-01   1.7015140e+00   1.1327943e+00   1.7015140e+00   1.7015140e+00   1.7015140e+00
   4.0579043e-01   1.7015140e+00   1.1327943e+00   1.7015140e+00   1.7015140e+00   1.7015140e+00
   4.3496324e-01   1.7015140e+00   1.1327943e+00   1.7015140e+00   1.7015140e+00   1.7015140e+00
   4.6623332e-01   1.7015140e+00   1.1327943e+00   1.7015140e+00   1.7015140e+00   1.7015140e+00
   4.9975145e-01   1.7015140e+00   1.1327943e+00   1.7015140e+00   1.7015140e+00   1.7015140e+00
   5.3567924e-01   1.7015140e+00   1.1327943e+00   1.7015140e+00   1.7015140e+00   1.7015140e+00
   5.7418993e-01   1.7015140e+00   1.1327943e+00   1.7015140e+00   1.7015140e+00   1.7015140e+00
   6.1546920e-01   1.7015140e+00   1.1327943e+00   1.7015140e+00   1.7015140e+00   1.7015140e+00
   6.5971609e-01   1.7015140e+00   1.1327943e+00   1.7015140e+00   1.7015140e+00   1.7015140e+00
   7.0714395e-01   1.7015140e+00   1.1327943e+00   1.7015140e+00   1.7015140e+00   1.7015140e+00
   7.5798146e-01   1.7015140e+00   1.1327943e+00   1.7015140e+00   1.7015140e+00   1.7015140e+00
   8.1247375e-01   1.7015140e+00   1.1327943e+00   1.7015140e+00   1.7015140e+00   1.7015140e+00
   8.7088356e-01   1.7015140e+00   1.1327943e+00   1.7015140e+00   1.7015140e+00   1.7015140e+00
   9.3349252e-01   1.7015140e+00   1.1327943e+00   1.7015140e+00   1.7015140e+00   1.7015140e+00
   1.0006025e+00   1.7015140e+00   1.1327943e+00   1.7015140e+00   1.7015140e+00   1.7015140e+00
   1.0725372e+00   1.7015140e+00   1.1327943e+00   1.7015140e+00   1.7015140e+00   1.7015140e+00
   1.1496433e+00   1.7015140e+00   1.1327943e+00   1.7015140e+00   1.7015140e+00   1.7015140e+00
   1.2322927e+00   1.7015140e+00   1.1327943e+00   1.7015140e+00   1.7015140e+00   1.7015140e+00
   1.3208838e+00   1.7015140e+00   1.1327943e+00   1.7015140e+00   1.7015140e+00   1.7015140e+00
   1.4158439e+00   1.7015140e+00   1.1327943e+00   1.7015140e+00   1.7015140e+00   1.7015140e+00
   1.5176308e+00   1.7015140e+00   1.1327943e+00   1.7015140e+00   1.7015140e+00   1.7015140e+00
   1.6267352e+00   1.7015140e+00   1.1327943e+00   1.7015140e+00   1.7015140e+00   1.7015140e+00
   1.7436834e+00   1.7015140e+00   1.1327943e+00   1.7015140e+00   1.7015140e+00   1.7015140e+00
   1.8690391e+00   1.7015140e+00   1.1327943e+00   1.7015140e+00   1.7015140e+00   1.7015140e+00
   2.0034068e+00   1.7015140e+00   1.1327943e+00   1.7015140e+00   1.7015140e+00   1.7015140e+00
   2.1474343e+00   1.7015140e+00   1.1327943e+00   1.7015140e+00   1.7015140e+00   1.7015140e+00
   2.3018162e+00   1.7015140e+00   1.1327943e+00   1.7015140e+00   1.7015140e+00   1.7015140e+00
   2.4672968e+00   1.7015140e+00   1.1327943e+00   1.7015140e+00   1.7015140e+00   1.7015140e+00
   2.6446740e+00   1.7015140e+00   1.1327943e+00   1.7015140e+00   1.7015140e+00   1.7015140e+00
   2.8348031e+00   1.7015140e+00   1.1327943e+00   1.7015140e+00   1.7015140e+00   1.7015140e+00
   3.0386009e+00   1.7015140e+00   1.1327943e+00   1.7015140e+00   1.7015140e+00   1.7015140e+00
   3.2570499e+00   1.7015140e+00   1.1327943e+00   1.7015140e+00   1.7015140e+00   1.7015140e+00
   3.4912035e+00   1.7015140e+00   1.1327943e+00   1.7015140e+00   1.7015140e+00   1.7015140e+00
   3.7421907e+00   1.7015140e+00   1.1327943e+00   1.7015140e+00   1.7015140e+00   1.7015140e+00
   4.0112218e+00   1.7015140e+00   1.1327943e+00   1.7015140e+00   1.7015140e+00   1.7015140e+00
   4.2995938e+00   1.7015140e+00   1.1327943e+00   1.7015140e+00   1.7015140e+00   1.7015140e+00
   4.6086973e+00   1.7015140e+00   1.1327943e+00   1.7015140e+00   1.7015140e+00   1.7015140e+00
   4.9400226e+00   1.7015140e+00   1.1327943e+00   1.7015140e+00   1.7015140e+00   1.7015140e+00
   5.2951673e+00   1.7015140e+00   1.1327943e+00   1.7015140e+00   1.7015140e+00   1.7015140e+00
   5.6758439e+00   1.7015140e+00   1.1327943e+00   1.7015140e+00   1.7015140e+00   1.7015140e+00
   6.0838878e+00   1.7015140e+00   1.1327943e+00   1.7015140e+00   1.7015140e+00   1.7015140e+00
   6.5212665e+00   1.7015140e+00   1.1327943e+00   1.7015140e+00   1.7015140e+00   1.7015140e+00
   6.9900890e+00   1.7015140e+00   1.1327943e+00   1.7015140e+00   1.7015140e+00   1.7015140e+00
   7.4926157e+00   1.7015140e+00   1.1327943e+00   1.7015140e+00   1.7015140e+00   1.7015140e+00
   8.0312697e+00   1.7015140e+00   1.1327943e+00   1.7015140e+00   1.7015140e+00   1.7015140e+00
   8.6086483e+00   1.7015140e+00   1.1327943e+00   1.7015140e+00   1.7015140e+00   1.7015140e+00
   9.2275354e+00   1.7595595e+00   1.1987839e+00   1.7491976e+00   1.7375250e+00   1.8760174e+00
   9.8909151e+00   1.9507991e+00   1.4195435e+00   1.9056603e+00   1.8550569e+00   2.4495409e+00
   1.0601986e+01   2.2118684e+00   1.7366708e+00   2.1163439e+00   2.0106093e+00   3.2593548e+00
   1.1364177e+01   2.5285893e+00   2.1445674e+00   2.3679042e+00   2.1925219e+00   4.2228704e+00
   1.2181162e+01   2.8979234e+00   2.6456802e+00   2.6570380e+00   2.3973655e+00   5.2210428e+00
   1.3056882e+01   3.3188269e+00   3.2378809e+00   2.9829991e+00   2.6241209e+00   6.1185616e+00
   1.3995559e+01   3.7890937e+00   3.9066150e+00   3.3453606e+00   2.8725678e+00   6.8205962e+00
   1.5001718e+01   4.3033707e+00   4.6188653e+00   3.7429061e+00   3.1426535e+00   7.3023612e+00
   1.6080211e+01   4.8515609e+00   5.3225649e+00   4.1728214e+00   3.4341567e+00   7.5939099e+00
   1.7236239e+01   5.4176972e+00   5.9560523e+00   4.6299858e+00   3.7464455e+00   7.7470313e+00
   1.8475375e+01   5.9798283e+00   6.4672384e+00   5.1063961e+00   4.0782701e+00   7.8114507e+00
   1.9803594e+01   6.5115448e+00   6.8322999e+00   5.5908551e+00   4.4275704e+00   7.8250408e+00
   2.1227300e+01   6.9857280e+00   7.0613771e+00   6.0692575e+00   4.7913486e+00   7.8129127e+00
   2.2753359e+01   7.3808083e+00   7.1888600e+00   6.5262275e+00   5.1658436e+00   7.7884116e+00
   2.4389128e+01   7.6844552e+00   7.2511671e+00   6.9464396e+00   5.5464593e+00   7.7564906e+00
   2.6142495e+01   7.8949544e+00   7.2753292e+00   7.3162296e+00   5.9277711e+00   7.7186447e+00
   2.8021913e+01   8.0200133e+00   7.2778433e+00   7.6252696e+00   6.3036761e+00   7.6750890e+00
   3.0036445e+01   8.0734876e+00   7.2674261e+00   7.8677368e+00   6.6676384e+00   7.6255529e+00
   3.2195805e+01   8.0714979e+00   7.2480696e+00   8.0426352e+00   7.0129960e+00   7.5696608e+00
   3.4510404e+01   8.0293667e+00   7.2212652e+00   8.1533499e+00   7.3333564e+00   7.5069170e+00
   3.6991402e+01   7.9597638e+00   7.1872418e+00   8.2064850e+00   7.6229633e+00   7.4368654e+00
   3.9650763e+01   7.8721335e+00   7.1456703e+00   8.2104934e+00   7.8770541e+00   7.3590438e+00
   4.2501309e+01   7.7728953e+00   7.0960084e+00   8.1743502e+00   8.0921142e+00   7.2730485e+00
   4.5556784e+01   7.6660326e+00   7.0376524e+00   8.1065730e+00   8.2660501e+00   7.1784289e+00
   4.8831921e+01   7.5537411e+00   6.9700260e+00   8.0145671e+00   8.3981851e+00   7.0748266e+00
   5.2342512e+01   7.4370048e+00   6.8925663e+00   7.9043899e+00   8.4892108e+00   6.9617270e+00
   5.6105484e+01   7.3160233e+00   6.8047269e+00   7.7806901e+00   8.5409635e+00   6.8386248e+00
   6.0138982e+01   7.1905414e+00   6.7060093e+00   7.6468401e+00   8.5561486e+00   6.7051104e+00
   6.4462452e+01   7.0600572e+00   6.5959065e+00   7.5051844e+00   8.5381229e+00   6.5605343e+00
   6.9096743e+01   6.9239645e+00   6.4739442e+00   7.3572299e+00   8.4905648e+00   6.4043854e+00
   7.4064199e+01   6.7816566e+00   6.3396893e+00   7.2038942e+00   8.4172753e+00   6.2361300e+00
   7.9388772e+01   6.6325850e+00   6.1927476e+00   7.0456988e+00   8.3220119e+00   6.0552115e+00
   8.5096136e+01   6.4762837e+00   6.0327180e+00   6.8829308e+00   8.2083980e+00   5.8609315e+00
   9.1213809e+01   6.3124120e+00   5.8592337e+00   6.7157684e+00   8.0798415e+00   5.6525932e+00
   9.7771290e+01   6.1407783e+00   5.6719270e+00   6.5444020e+00   7.9395556e+00   5.4293308e+00
   1.0480020e+02   5.9614100e+00   5.4705568e+00   6.3691297e+00   7.7905378e+00   5.1904519e+00
   1.1233442e+02   5.7746223e+00   5.2550490e+00   6.1904778e+00   7.6356632e+00   4.9353367e+00
   1.2041029e+02   5.5811308e+00   5.0255635e+00   6.0093500e+00   7.4778261e+00   4.6632957e+00
   1.2906675e+02   5.3821604e+00   4.7825874e+00   5.8271410e+00   7.3200329e+00   4.3737640e+00
   1.3834553e+02   5.1796778e+00   4.5273042e+00   5.6459140e+00   7.1654989e+00   4.0667824e+00
   1.4829137e+02   4.9767006e+00   4.2618031e+00   5.4687021e+00   7.0179350e+00   3.7425988e+00
   1.5895223e+02   4.7776919e+00   3.9895703e+00   5.2997990e+00   6.8817149e+00   3.4020225e+00
   1.7037951e+02   4.5892583e+00   3.7165075e+00   5.1452475e+00   6.7621376e+00   3.0468976e+00
   1.8262832e+02   4.4204632e+00   3.4518175e+00   5.0128662e+00   6.6652172e+00   2.6810842e+00
   1.9575771e+02   4.2832778e+00   3.2105973e+00   4.9120944e+00   6.5971118e+00   2.3147116e+00
   2.0983099e+02   4.1920215e+00   3.0169073e+00   4.8527044e+00   6.5626116e+00   1.9718501e+00
   2.2491602e+02   4.1586146e+00   2.9049296e+00   4.8396062e+00   6.5607890e+00   1.7085367e+00
   2.4108553e+02   4.1664071e+00   2.8907422e+00   4.8511809e+00   6.5710797e+00   1.6292208e+00
   2.5841749e+02   4.1664071e+00   2.8907422e+00   4.8511809e+00   6.5710797e+00   1.6292208e+00
   2.7699546e+02   4.1664071e+00   2.8907422e+00   4.8511809e+00   6.5710797e+00   1.6292208e+00
   2.9690903e+02   4.1664071e+00   2.8907422e+00   4.8511809e+00   6.5710797e+00   1.6292208e+00
   3.1825421e+02   4.1664071e+00   2.8907422e+00   4.8511809e+00   6.5710797e+00   1.6292208e+00
   3.4113393e+02   4.1664071e+00   2.8907422e+00   4.8511809e+00   6.5710797e+00   1.6292208e+00
   3.6565850e+02   4.1664071e+00   2.8907422e+00   4.8511809e+00   6.5710797e+00   1.6292208e+00
   3.9194617e+02   4.1664071e+00   2.8907422e+00   4.8511809e+00   6.5710797e+00   1.6292208e+00
   4.2012369e+02   4.1664071e+00   2.8907422e+00   4.8511809e+00   6.5710797e+00   1.6292208e+00
   4.5032694e+02   4.1664071e+00   2.8907422e+00   4.8511809e+00   6.5710797e+00   1.6292208e+00
   4.8270154e+02   4.1664071e+00   2.8907422e+00   4.8511809e+00   6.5710797e+00   1.6292208e+00
   5.1740359e+02   4.1664071e+00   2.8907422e+00   4.8511809e+00   6.5710797e+00   1.6292208e+00
   5.5460042e+02   4.1664071e+00   2.8907422e+00   4.8511809e+00   6.5710797e+00   1.6292208e+00
   5.9447137e+02   4.1664071e+00   2.8907422e+00   4.8511809e+00   6.5710797e+00   1.6292208e+00
   6.3720870e+02   4.1664071e+00   2.8907422e+00   4.8511809e+00   6.5710797e+00   1.6292208e+00
   6.8301848e+02   4.1664071e+00   2.8907422e+00   4.8511809e+00   6.5710797e+00   1.6292208e+00
   7.3212158e+02   4.1664071e+00   2.8907422e+00   4.8511809e+00   6.5710797e+00   1.6292208e+00
   7.8475476e+02   4.1664071e+00   2.8907422e+00   4.8511809e+00   6.5710797e+00   1.6292208e+00
   8.4117182e+02   4.1664071e+00   2.8907422e+00   4.8511809e+00   6.5710797e+00   1.6292208e+00
   9.0164477e+02   4.1664071e+00   2.8907422e+00   4.8511809e+00   6.5710797e+00   1.6292208e+00
   9.6646520e+02   4.1664071e+00   2.8907422e+00   4.8511809e+00   6.5710797e+00   1.6292208e+00
