 ALMAX  ALMAY S850  SourceS500 z  TargetID  HerschelX HerschelY S500 TargetFlag 
 0.7313951 -0.0461622  11.08  45.80 0.756671 00060   0.7311111 -0.0466667  50.00 1
 0.7292725 -0.0465379   2.59   4.65 3.806185 00060   0.7311111 -0.0466667  50.00 0
-0.5999130 -0.3172913   6.06  18.09 2.232590 00051  -0.6000000 -0.3166667  50.22 1
-0.6010377 -0.3189411   1.07   3.66 1.694095 00051  -0.6000000 -0.3166667  50.22 0
-0.5998517 -0.3156007   9.73  29.04 2.156228 00051  -0.6000000 -0.3166667  50.22 0
 0.0948566  0.4734975   7.28  29.43 1.021053 00075   0.0955556  0.4722222  50.34 1
 0.0958392  0.4744726   5.04  13.27 2.504263 00075   0.0955556  0.4722222  50.34 0
-0.2596021 -1.7791270   1.85   5.31 2.592410 00008  -0.2588889 -1.7811111  50.35 1
-0.2593784 -1.7809359  13.05  49.96 1.462388 00008  -0.2588889 -1.7811111  50.35 0
-0.0868138  0.8229204   4.02  11.54 2.053786 00087  -0.0866667  0.8244444  50.44 1
-0.0851049  0.8244866   9.11  38.72 0.718608 00087  -0.0866667  0.8244444  50.44 0
-1.2457741 -0.1434273  12.49  52.97 0.732481 00056  -1.2455556 -0.1433333  50.50 1
 0.1644850  1.8699868   9.08  43.92 0.408697 00121   0.1644444  1.8688889  50.50 1
 0.2537433  0.7961279  13.48  56.66 0.812144 00085   0.2533333  0.7955556  50.62 1
-1.6821399  1.5766854  11.08  47.66 0.787883 00112  -1.6822222  1.5766667  50.62 1
 0.0039511  1.8898493   2.12   5.68 2.046424 00123   0.0033333  1.8911111  50.67 1
 0.0020316  1.8902000   2.03   7.11 1.770097 00123   0.0033333  1.8911111  50.67 0
 0.0054057  1.8920575   9.06  34.52 1.454501 00123   0.0033333  1.8911111  50.67 0
 0.3742478  1.5472351   9.85  58.25 0.069312 00110   0.3744444  1.5466667  50.79 1
 0.5746703 -1.4700521   2.10   6.74 2.837416 00014   0.5755556 -1.4677778  50.79 1
 0.5761905 -1.4671911   9.04  41.77 0.585087 00014   0.5755556 -1.4677778  50.79 0
 0.9497990  2.1647251  11.04  43.68 1.188922 00125   0.9500000  2.1644444  50.84 1
-1.3082163  1.5354739  10.59  51.61 0.251727 00109  -1.3088889  1.5355556  50.85 1
 1.8746372  1.3838242  13.18  58.41 0.670634 00102   1.8744444  1.3833333  51.04 1
 0.7537938 -0.3331735  12.43  54.43 0.576209 00050   0.7533333 -0.3333333  51.10 1
-1.7476063  0.3059444   9.36  35.35 1.318513 00070  -1.7466667  0.3055556  51.10 1
-1.7461212  0.3052471   4.00  10.66 3.269542 00070  -1.7466667  0.3055556  51.10 0
-1.2872027  0.4430816   8.63  38.70 0.611266 00074  -1.2866667  0.4411111  51.33 1
 0.4815370 -0.3985550  11.32  56.92 0.358354 00047   0.4811111 -0.3988889  51.55 1
 2.1084795 -0.7812779  14.69  53.31 1.538137 00028   2.1077778 -0.7822222  51.68 1
-0.8744350  1.6193352  12.93  47.92 1.307632 00114  -0.8744444  1.6188889  51.74 1
-0.3523198 -2.4918437   9.28  53.56 0.125177 00000  -0.3522222 -2.4922222  51.74 1
-0.2978505 -0.5836352   8.94  35.09 0.944118 00034  -0.2988889 -0.5822222  51.90 1
-1.9830277 -0.5296125   9.10  53.91 0.104448 00038  -1.9833333 -0.5300000  52.06 1
-0.9499140  1.1185917   2.08   6.62 2.310698 00096  -0.9488889  1.1177778  52.26 1
-0.9477364  1.1182030  13.26  45.81 1.747987 00096  -0.9488889  1.1177778  52.26 0
-1.6068298 -0.6200291  12.88  47.85 1.197101 00031  -1.6077778 -0.6211111  52.28 1
-0.9819254 -1.8603586  11.26  45.69 0.997526 00007  -0.9822222 -1.8611111  52.36 1
-0.9838952 -1.8592579   2.05   5.46 2.386056 00007  -0.9822222 -1.8611111  52.36 0
-0.0061137 -0.4039406   2.50   5.76 3.043523 00045  -0.0066667 -0.4044444  52.44 1
-0.0080568 -0.4040738   7.97  32.77 1.088457 00045  -0.0066667 -0.4044444  52.44 0
 0.9748588 -1.1032004   1.41   6.51 0.705836 00023   0.9755556 -1.1033333  52.55 1
 0.9765241 -1.1035086   7.82  45.22 0.141754 00023   0.9755556 -1.1033333  52.55 0
 2.2621951  0.4800714   1.39   4.64 1.513350 00076   2.2611111  0.4788889  52.58 1
 0.5211633 -0.3516632  12.32  54.28 0.666678 00049   0.5211111 -0.3522222  52.72 1
 1.6047019 -1.6250508  11.98  57.15 0.424007 00012   1.6044444 -1.6255556  52.95 1
-1.3812147  1.4215941   9.45  49.09 0.221792 00106  -1.3811111  1.4211111  53.01 1
-2.1878765  1.1712810  13.36  44.92 1.549733 00098  -2.1877778  1.1711111  53.44 1
-2.1869702  1.1707947   3.14   9.62 2.349504 00098  -2.1877778  1.1711111  53.44 0
 0.7454640 -2.0884054   1.58   3.56 3.214314 00004   0.7466667 -2.0900000  53.79 1
 0.7469485 -2.0901821   8.34  47.07 0.203114 00004   0.7466667 -2.0900000  53.79 0
-0.6429847  0.6503202  10.67  59.61 0.192233 00079  -0.6433333  0.6500000  53.79 1
-0.6735361  0.8782974  13.18  55.25 1.035023 00090  -0.6744444  0.8777778  53.83 1
 0.8722355  0.2591205   9.01  51.09 0.148531 00068   0.8722222  0.2588889  54.80 1
 0.6004933 -1.6148707  14.65  52.11 1.274093 00013   0.6000000 -1.6155556  54.90 1
 0.5984607 -1.6140307   1.79   5.79 1.623216 00013   0.6000000 -1.6155556  54.90 0
-0.0907043 -0.5034716   1.82   5.76 2.362906 00039  -0.0911111 -0.5022222  54.93 1
-0.0892350 -0.5016648   3.23  13.14 1.242419 00039  -0.0911111 -0.5022222  54.93 0
-0.0912386 -0.5009117   2.78   4.89 3.796179 00039  -0.0911111 -0.5022222  54.93 0
 0.2539841  2.3072250  11.86  65.68 0.031114 00127   0.2533333  2.3066667  54.96 1
-2.2898531 -0.5501407   9.20  40.37 0.997926 00035  -2.2900000 -0.5511111  55.27 1
 0.2564240  0.9986294   9.98  57.09 0.106274 00094   0.2566667  0.9977778  55.28 1
-2.1368761  1.2766094   1.56   3.65 2.890574 00101  -2.1355556  1.2777778  55.39 1
-2.1369669  1.2789435   4.68  10.36 3.538116 00101  -2.1355556  1.2777778  55.39 0
-2.1345074  1.2783756   8.60  36.90 0.634968 00101  -2.1355556  1.2777778  55.39 0
-2.1351430  1.2777758   3.43  11.96 1.936511 00101  -2.1355556  1.2777778  55.39 0
 1.9035693 -0.5353682  14.47  52.37 1.392083 00037   1.9033333 -0.5355556  55.67 1
-2.3582039  0.6620840   4.04  10.63 3.060253 00080  -2.3588889  0.6633333  55.90 1
-2.3583333  0.6644943  11.29  43.58 1.213456 00080  -2.3588889  0.6633333  55.90 0
-1.8604367  1.4016068  13.75  57.28 0.808869 00104  -1.8611111  1.4011111  56.26 1
 1.1116488  1.8015962   9.40  57.15 0.026944 00118   1.1111111  1.8011111  56.40 1
 2.2719166  0.0765908   1.00   3.50 1.872849 00063   2.2722222  0.0744444  56.57 1
 2.2719777  0.0737762  15.01  55.73 1.318618 00063   2.2722222  0.0744444  56.57 0
 1.8013059  0.8746971  13.57  64.03 0.540658 00089   1.8011111  0.8744444  56.75 1
-2.1828098  0.0313802  13.89  60.67 0.427409 00062  -2.1833333  0.0311111  57.20 1
 0.2764588 -1.1162471   7.56  28.17 1.157559 00020   0.2744444 -1.1166667  57.34 1
 0.1558184  2.4853928  12.57  42.96 1.431857 00129   0.1544444  2.4855556  57.40 1
 0.1524633  2.4865038   5.30  17.97 1.630971 00129   0.1544444  2.4855556  57.40 0
-1.4302479 -0.2396985  12.23  48.72 0.920891 00052  -1.4300000 -0.2400000  58.17 1
-1.4295886 -0.2383713   1.96   5.29 3.316839 00052  -1.4300000 -0.2400000  58.17 0
-1.4324141 -0.2403991   2.66   5.82 3.283377 00052  -1.4300000 -0.2400000  58.17 0
 1.1900632  1.4183782   1.09   1.43 7.015482 00105   1.1911111  1.4166667  58.29 1
 1.1906945  1.4163152  10.24  38.70 1.319011 00105   1.1911111  1.4166667  58.29 0
-1.8989123 -0.1543690  13.83  57.23 1.053450 00055  -1.9000000 -0.1544444  58.54 1
-0.6391957  0.6720421  10.20  61.50 0.131299 00081  -0.6388889  0.6722222  58.57 1
 0.3500856 -0.0614148   1.15   2.96 2.161654 00059   0.3500000 -0.0611111  58.67 1
 0.3503013 -0.0606959  14.73  59.66 1.006963 00059   0.3500000 -0.0611111  58.67 0
-0.0462987 -0.7618352  13.06  60.62 0.289286 00029  -0.0466667 -0.7622222  60.78 1
 0.4819729  0.2854506  10.78  64.60 0.059460 00069   0.4811111  0.2855556  61.01 1
 0.4803385  0.2831999   2.45   4.64 3.168189 00069   0.4811111  0.2855556  61.01 0
-1.8527145  0.7392828  13.54  63.82 0.361360 00083  -1.8533333  0.7388889  61.33 1
-1.8539720  0.7407838   1.38   2.63 3.408670 00083  -1.8533333  0.7388889  61.33 0
 0.0987833  0.8435168  12.29  53.58 0.902774 00088   0.0988889  0.8433333  61.42 1
 0.0976974  0.8427362   3.19   6.42 3.312172 00088   0.0988889  0.8433333  61.42 0
 0.0999098  0.8429293   1.12   4.14 1.302243 00088   0.0988889  0.8433333  61.42 0
-1.3450148 -0.9356982  13.40  61.93 0.529409 00024  -1.3455556 -0.9355556  61.77 1
-1.2655334 -1.1105933  14.61  64.44 0.448523 00021  -1.2644444 -1.1100000  61.92 1
 0.5610651  2.3465865  13.75  66.91 0.373031 00128   0.5611111  2.3466667  62.94 1
-1.4243765 -0.9328485  14.06  65.02 0.553039 00025  -1.4244444 -0.9333333  63.21 1
-1.1353568  0.2095090  17.11  67.35 0.922000 00066  -1.1355556  0.2088889  63.44 1
 2.1184888 -0.8181335  11.65  69.62 0.066834 00027   2.1177778 -0.8188889  64.33 1
-1.1694539 -1.1519963  13.98  67.48 0.403701 00017  -1.1700000 -1.1522222  65.37 1
-1.1713313 -1.1513135   1.57   4.82 1.879689 00017  -1.1700000 -1.1522222  65.37 0
-0.6244810 -1.1212212  13.84  68.45 0.275261 00019  -0.6244444 -1.1211111  65.70 1
 1.9744488  1.4414642  12.62  62.68 0.185255 00107   1.9744444  1.4411111  66.00 1
-1.7802315  0.9032665  13.77  68.71 0.132423 00092  -1.7800000  0.9033333  66.47 1
 0.0394670 -2.4170592  13.29  67.89 0.309368 00001   0.0400000 -2.4177778  66.81 1
-0.6005830  0.1208842   1.88   4.21 3.362103 00064  -0.6000000  0.1211111  66.91 1
-0.6001179  0.1211113  12.39  60.72 0.154654 00064  -0.6000000  0.1211111  66.91 0
-1.1859254 -0.4675209  15.52  74.34 0.420664 00043  -1.1855556 -0.4677778  67.90 1
-0.8158906  1.8173234  12.92  63.81 0.377705 00119  -0.8166667  1.8166667  68.36 1
 1.7357280  1.5654829  12.76  75.22 0.071031 00111   1.7355556  1.5655556  68.39 1
 1.3499695 -0.4021054   6.90  38.73 0.205962 00046   1.3511111 -0.4022222  68.58 1
 1.3528525 -0.4031616  10.06  39.86 1.298838 00046   1.3511111 -0.4022222  68.58 0
 1.0656672 -1.7498220  12.30  71.53 0.098671 00009   1.0655556 -1.7500000  68.60 1
-0.2651392 -2.2904916   8.01  46.49 0.181371 00002  -0.2644444 -2.2900000  69.33 1
-0.2633244 -2.2901354   2.61   7.13 1.996812 00002  -0.2644444 -2.2900000  69.33 0
-0.2668277 -0.3750544  18.56  69.23 1.222284 00048  -0.2666667 -0.3755556  69.59 1
-0.2653793 -0.3756384   1.83   4.60 2.759686 00048  -0.2666667 -0.3755556  69.59 0
-1.9018259 -0.0345183  16.06  71.51 0.554267 00061  -1.9022222 -0.0344444  70.01 1
-0.3961940 -1.9032903  11.79  71.67 0.094357 00006  -0.3966667 -1.9033333  70.56 1
-2.1039364 -0.9108818  15.12  77.43 0.211286 00026  -2.1044444 -0.9111111  71.33 1
 1.1346092  1.6544602  16.56  79.50 0.574831 00116   1.1344444  1.6544444  71.54 1
 1.8423679  1.6489989  17.86  79.40 0.487977 00115   1.8422222  1.6488889  72.49 1
-0.6572754  1.0443082   3.29  12.13 1.596187 00095  -0.6566667  1.0466667  74.03 1
-0.6561565  1.0471202  13.72  64.13 0.532295 00095  -0.6566667  1.0466667  74.03 0
-1.0596994 -0.4760596  18.18  80.54 0.841380 00041  -1.0600000 -0.4755556  74.69 1
 0.4310209  0.3814358  13.65  81.67 0.042628 00072   0.4311111  0.3811111  75.34 1
-1.3767956 -1.1585337  13.14  80.67 0.021751 00016  -1.3766667 -1.1588889  76.98 1
 1.8607183  0.3484785  15.23  77.40 0.270035 00071   1.8600000  0.3477778  78.27 1
 1.0295985  2.2455454  12.44  62.41 0.322703 00126   1.0288889  2.2455556  78.76 1
 1.0288897  2.2457073   4.45  16.84 1.563644 00126   1.0288889  2.2455556  78.76 0
-0.6372105 -0.6069817  14.28  84.37 0.049308 00032  -0.6377778 -0.6066667  79.38 1
 2.3285422 -0.6966906   1.56   2.12 4.433301 00030   2.3266667 -0.6966667  80.18 1
 2.3262041 -0.6962842  12.62  75.31 0.056199 00030   2.3266667 -0.6966667  80.18 0
-1.0961211  0.7996072  16.49  75.10 0.596593 00086  -1.0966667  0.8000000  80.45 1
-1.0991368  0.7997839   4.21   9.16 3.119359 00086  -1.0966667  0.8000000  80.45 0
 1.2429039 -1.1054605  13.66  81.68 0.071695 00022   1.2433333 -1.1055556  81.32 1
 1.4782137  0.1283140  13.37  83.20 0.025748 00065   1.4777778  0.1277778  82.35 1
 0.9247190  1.1623421  13.87  80.88 0.065243 00097   0.9244444  1.1622222  82.44 1
 0.9221195  1.1615057   2.25   6.28 2.388572 00097   0.9244444  1.1622222  82.44 0
-1.9110599  1.2197207   1.17   2.72 2.909605 00099  -1.9111111  1.2211111  89.11 1
-1.9106328  1.2220249  13.67  78.46 0.100550 00099  -1.9111111  1.2211111  89.11 0
-1.5689757  0.2305593  15.55  94.85 0.062465 00067  -1.5688889  0.2300000  91.04 1
 1.3642776 -1.6574523  16.32  97.51 0.070996 00011   1.3644444 -1.6577778  93.80 1
 0.0002996 -0.5022823  18.23  93.28 0.130551 00040   0.0000000 -0.5022222  95.44 1
-0.6191323  1.8176590  14.80  92.03 0.042371 00120  -0.6200000  1.8177778  97.61 1
 1.6966467  1.5228523  19.83  99.53 0.070616 00108   1.6966667  1.5222222  98.28 1
 1.9555237 -1.4630460  21.07 102.35 0.254533 00015   1.9555556 -1.4633333  98.51 1
 0.2040095  0.5341611  19.48  96.23 0.230353 00078   0.2033333  0.5344444  98.61 1
 0.9868589  0.7787915  21.88 107.53 0.244218 00084   0.9866667  0.7788889 100.61 1
 0.3622406  1.8843386  18.28 110.85 0.038004 00122   0.3622222  1.8844444 105.19 1
-0.5278617  0.8958055  22.14 108.57 0.264080 00091  -0.5277778  0.8955556 106.13 1
 0.9404367  1.2243186  17.48  99.50 0.026967 00100   0.9400000  1.2244444 108.82 1
 0.9384429  1.2263190   1.97   3.42 4.909098 00100   0.9400000  1.2244444 108.82 0
 1.8896410 -0.5427660  19.84 116.04 0.056713 00036   1.8888889 -0.5433333 109.32 1
 0.9530865 -1.9117107  25.38 120.69 0.210914 00005   0.9533333 -1.9122222 114.32 1
-0.9576415  2.0595729  23.10 115.06 0.230236 00124  -0.9577778  2.0588889 119.13 1
 0.4900425 -0.1770305  24.99 123.94 0.261361 00053   0.4900000 -0.1766667 122.86 1
 0.4877850 -0.1759409   1.41   2.61 4.288651 00053   0.4900000 -0.1766667 122.86 0
-1.3252507 -2.1250994  27.49 131.25 0.197486 00003  -1.3255556 -2.1255556 126.45 1
 0.2853644  1.7124925  27.75 135.55 0.161725 00117   0.2855556  1.7122222 131.40 1
 0.2834803  1.7130684   1.31   3.89 2.637853 00117   0.2855556  1.7122222 131.40 0
 1.2294284 -0.1126782  26.28 135.61 0.205255 00058   1.2288889 -0.1133333 134.30 1
 2.2770579 -0.1214292  23.89 139.73 0.092125 00057   2.2766667 -0.1211111 138.05 1
-1.5601962 -0.1697443  25.98 150.64 0.070346 00054  -1.5600000 -0.1700000 145.67 1
 0.2759219  0.3873209  30.52 151.77 0.185976 00073   0.2755556  0.3866667 148.13 1
 2.0723004 -0.4099291  28.43 166.93 0.070350 00044   2.0722222 -0.4100000 165.62 1
-0.1295682 -0.4736381  27.86 168.57 0.029718 00042  -0.1300000 -0.4733333 165.84 1
 1.2156862  0.4945568  24.97 155.52 0.066436 00077   1.2155556  0.4944444 166.68 1
-0.7889465  1.5939312  38.43 190.03 0.069690 00113  -0.7888889  1.5933333 187.92 1
-0.7876064  1.5920329   1.14   4.06 1.518688 00113  -0.7888889  1.5933333 187.92 0
-1.2133113  1.3956319  38.26 192.71 0.158142 00103  -1.2133333  1.3955556 195.06 1
 1.8025739 -1.1337501  37.67 210.59 0.042437 00018   1.8022222 -1.1344444 200.94 1
-0.4870248 -0.6039875  40.28 252.37 0.060004 00033  -0.4877778 -0.6044444 244.65 1
-0.4534579 -1.7255048  58.09 291.01 0.170317 00010  -0.4533333 -1.7255556 283.75 1
-2.1890986  0.9884325  54.50 323.17 0.030538 00093  -2.1888889  0.9877778 313.47 1
 1.8010317  0.6982865  89.99 563.37 0.027468 00082   1.8011111  0.6977778 556.39 1
 1.1861824 -1.5507652   8.97  55.02 0.069549 10019   1.1855556 -1.5511111  50.53 1
 1.2566345 -0.9489212   7.24  35.83 0.354982 10028   1.2577778 -0.9500000  50.63 1
 1.2596470 -0.9507420   3.86   7.61 3.794369 10028   1.2577778 -0.9500000  50.63 0
-1.6814950  0.1919847   8.88  51.63 0.069025 10052  -1.6822222  0.1922222  50.76 1
-1.6817428  0.1945369   1.91   3.26 4.491509 10052  -1.6822222  0.1922222  50.76 0
-1.9552618  0.1065209  10.17  57.70 0.153031 10049  -1.9555556  0.1066667  50.81 1
 1.0163469 -0.6493977  12.05  50.67 0.815613 10032   1.0155556 -0.6500000  51.06 1
 1.0131307 -0.6495234   1.56   4.35 3.032280 10032   1.0155556 -0.6500000  51.06 0
 0.8504512 -0.5406777   1.20   3.39 2.568232 10034   0.8522222 -0.5422222  51.15 1
-0.1275493 -2.1249692  10.84  48.88 0.599386 10004  -0.1288889 -2.1244444  51.26 1
-0.1759986  1.6775620   1.98   3.20 4.505076 10094  -0.1777778  1.6766667  51.30 1
-0.1780789  1.6765412  11.78  46.58 1.223220 10094  -0.1777778  1.6766667  51.30 0
-0.1753076  1.6766676   2.88   5.29 4.114155 10094  -0.1777778  1.6766667  51.30 0
-0.8530657  0.2425247   9.98  45.53 0.631323 10053  -0.8533333  0.2411111  51.45 1
 1.3601730  0.0540933   8.42  34.92 1.076563 10047   1.3611111  0.0522222  51.56 1
 0.0518849 -1.7474151   1.87   4.93 2.541589 10012   0.0511111 -1.7488889  51.61 1
 0.0523678 -1.7503272   9.41  31.61 1.803531 10012   0.0511111 -1.7488889  51.61 0
 0.0504534 -1.7496310   2.69   7.35 1.803537 10012   0.0511111 -1.7488889  51.61 0
 2.1955025 -1.2079918  14.05  55.21 1.095939 10024   2.1955556 -1.2077778  51.65 1
-0.0017609 -1.7984220  10.83  49.25 0.549030 10009  -0.0022222 -1.7988889  52.36 1
 0.5073833  0.8099152   9.08  41.65 0.445522 10070   0.5077778  0.8100000  52.36 1
 0.6460447 -1.7408170   7.68  36.07 0.447929 10013   0.6444444 -1.7422222  52.76 1
 0.6423612 -1.7424061   3.73  21.53 0.132589 10013   0.6444444 -1.7422222  52.76 0
-1.3805069 -1.6254632  12.08  56.01 0.685506 10018  -1.3811111 -1.6266667  52.84 1
-0.0068081  1.5950758  13.05  47.34 1.269814 10089  -0.0066667  1.5955556  52.89 1
 0.8343546  1.7858696  11.86  58.86 0.338754 10097   0.8344444  1.7855556  53.10 1
 1.2131639  2.1365082   9.62  55.69 0.061181 10101   1.2133333  2.1366667  53.20 1
-0.5695280  0.3821218   6.43  15.04 2.449872 10061  -0.5688889  0.3833333  53.54 1
-0.5703276  0.3837357   1.17   3.03 3.840249 10061  -0.5688889  0.3833333  53.54 0
-0.7837111  0.9600197   4.16   7.29 3.669568 10075  -0.7844444  0.9588889  53.92 1
 1.4106971  0.9159335   3.82  23.66 0.040922 10074   1.4088889  0.9144444  54.01 1
 1.4091752  0.9153365   8.27  30.14 1.502649 10074   1.4088889  0.9144444  54.01 0
-1.6870331 -1.2457739   8.01  46.82 0.131269 10022  -1.6866667 -1.2455556  54.02 1
-2.4837737 -0.2702027   9.93  47.42 0.353229 10042  -2.4833333 -0.2700000  54.27 1
-1.2987720  1.5733624  10.53  43.42 1.092186 10088  -1.3000000  1.5733333  54.40 1
 1.1257966  1.6279798   1.82   4.98 2.331855 10092   1.1266667  1.6288889  54.58 1
 1.1275737  1.6288116   8.83  52.77 0.062406 10092   1.1266667  1.6288889  54.58 0
-0.2862763 -2.1107786   1.64   4.83 2.084296 10005  -0.2866667 -2.1122222  54.62 1
-0.2857955 -2.1118219   9.67  55.24 0.145132 10005  -0.2866667 -2.1122222  54.62 0
 1.6510273  0.9972650   7.71  42.62 0.161265 10077   1.6511111  0.9977778  54.74 1
 1.6511060  0.9979043   1.72   9.92 0.227326 10077   1.6511111  0.9977778  54.74 0
 0.6487311  0.1315480   6.24  25.71 0.907257 10051   0.6488889  0.1311111  54.79 1
 0.6487004  0.1302177   5.18  21.22 0.907247 10051   0.6488889  0.1311111  54.79 0
 1.7279854  0.6900522  11.18  50.86 0.671952 10067   1.7277778  0.6900000  54.92 1
 0.3133296 -0.0102881  10.12  54.88 0.068325 10045   0.3133333 -0.0100000  55.01 1
-1.2740701  1.5013673   7.65  23.07 2.261708 10085  -1.2755556  1.5000000  55.12 1
-0.3410489  2.3618541  10.30  62.08 0.153856 10104  -0.3411111  2.3611111  55.67 1
 2.4145966 -0.5252529   4.65  14.49 2.096144 10036   2.4144444 -0.5244444  56.13 1
 2.4148138 -0.5237745  11.84  49.83 0.868873 10036   2.4144444 -0.5244444  56.13 0
-0.6553636  1.5720320  12.98  58.17 0.474980 10087  -0.6544444  1.5722222  56.25 1
-0.6598201 -1.9163452   9.76  58.79 0.077011 10006  -0.6600000 -1.9166667  56.39 1
-1.3207291  0.7048582  10.78  47.83 0.582586 10068  -1.3211111  0.7044444  56.55 1
-1.3211420  0.7051761   1.92   7.06 1.786773 10068  -1.3211111  0.7044444  56.55 0
-0.4272255  2.0299687   3.20  10.10 1.862133 10100  -0.4277778  2.0322222  56.66 1
-0.4271022  2.0329611   9.70  56.26 0.163314 10100  -0.4277778  2.0322222  56.66 0
-0.7257130 -0.3796317   1.35   3.13 2.787351 10039  -0.7277778 -0.3788889  57.00 1
-0.7281469 -0.3790410  14.28  63.33 0.713133 10039  -0.7277778 -0.3788889  57.00 0
-1.7024117  0.3788581  14.34  57.29 1.058707 10060  -1.7022222  0.3788889  57.07 1
-0.0956640  1.4505448  13.23  62.77 0.314670 10083  -0.0966667  1.4500000  57.07 1
 1.2560920  0.5939639  13.17  58.92 0.636452 10065   1.2555556  0.5944444  57.09 1
 0.0072732  2.2152636  14.11  52.32 1.362761 10102   0.0066667  2.2155556  57.29 1
-0.3277933  1.6949016  12.14  60.01 0.264183 10095  -0.3277778  1.6944444  57.66 1
 0.0458091  0.6011890  15.57  60.93 1.036533 10066   0.0455556  0.6011111  57.88 1
-2.1729777  0.1196555  13.96  60.99 0.769435 10050  -2.1733333  0.1200000  58.32 1
 0.9944410  0.2984446  11.93  52.24 0.388132 10057   0.9944444  0.2988889  59.10 1
 0.9953274  0.2968290   2.14   9.14 0.801878 10057   0.9944444  0.2988889  59.10 0
-1.4530621 -1.6938931   9.93  57.66 0.142131 10016  -1.4533333 -1.6944444  59.11 1
-1.5051864 -1.7815359  10.69  62.84 0.150054 10010  -1.5055556 -1.7822222  60.29 1
 1.1104258 -0.2505654  14.02  59.09 0.738159 10043   1.1100000 -0.2511111  60.54 1
-0.1760644  0.0918017  13.79  68.63 0.235928 10048  -0.1766667  0.0911111  60.86 1
 1.9256442  0.3023321  14.79  60.66 1.093584 10058   1.9255556  0.3022222  61.19 1
-1.9916403 -0.0904096  12.76  62.31 0.185683 10044  -1.9922222 -0.0911111  61.53 1
-1.0414263  0.2886695   2.13   4.26 3.802948 10056  -1.0411111  0.2900000  61.63 1
-1.0410814  0.2906916  12.92  46.92 1.299582 10056  -1.0411111  0.2900000  61.63 0
-0.6814880 -2.2185419  10.60  62.65 0.077590 10001  -0.6811111 -2.2188889  61.66 1
 1.9600585  1.4591334  13.81  68.53 0.274359 10084   1.9600000  1.4588889  62.79 1
 0.5825362 -1.8988106  11.47  63.44 0.016677 10007   0.5822222 -1.8988889  62.81 1
 0.5842586 -1.8991208   3.34   8.47 2.600400 10007   0.5822222 -1.8988889  62.81 0
 1.6825988 -0.3792780  12.50  59.43 0.552706 10038   1.6822222 -0.3800000  63.54 1
 1.6832190 -0.3805884   2.07   4.80 3.688913 10038   1.6822222 -0.3800000  63.54 0
-1.0675478  0.4836068   9.22  56.01 0.077869 10064  -1.0677778  0.4844444  63.86 1
-1.8347059  0.2505853  12.27  55.74 0.449011 10054  -1.8355556  0.2511111  64.18 1
-1.6867945  1.0171444  12.71  57.77 0.505435 10078  -1.6866667  1.0177778  65.22 1
-0.3692519 -2.2330418   5.90  19.90 1.532233 10000  -0.3688889 -2.2333333  65.57 1
-0.3693268 -2.2325730   7.72  35.07 0.594486 10000  -0.3688889 -2.2333333  65.57 0
-0.3670156 -2.2329352   3.92  10.85 2.708579 10000  -0.3688889 -2.2333333  65.57 0
-1.3935622  0.7259753  13.28  59.50 0.638085 10069  -1.3944444  0.7255556  65.67 1
 1.6069987  0.3680604  11.68  58.94 0.302428 10059   1.6066667  0.3677778  65.95 1
 1.6072371  0.3680365   3.17   9.06 2.710052 10059   1.6066667  0.3677778  65.95 0
-0.5085176 -0.7179016   8.10  49.16 0.103727 10031  -0.5077778 -0.7188889  66.18 1
-0.5054243 -0.7182190   2.65   5.95 3.258537 10031  -0.5077778 -0.7188889  66.18 0
-0.3996069 -2.1709235  11.93  67.25 0.170382 10003  -0.4000000 -2.1711111  67.75 1
-2.3877838 -0.2739383   4.78  14.99 2.402787 10041  -2.3877778 -0.2722222  67.94 1
-2.3879218 -0.2732120  12.32  47.94 1.327888 10041  -2.3877778 -0.2722222  67.94 0
 1.1972311  1.7633684  13.96  68.94 0.432557 10096   1.1977778  1.7633333  68.51 1
 0.6356934 -1.1461170  11.33  67.13 0.078017 10025   0.6355556 -1.1466667  68.53 1
 1.3963772 -1.8728782  12.00  75.18 0.063040 10008   1.3966667 -1.8733333  70.62 1
 0.5837353 -0.4465450  14.22  60.07 0.930156 10037   0.5833333 -0.4466667  74.06 1
 0.5854892 -0.4473837   1.23   4.21 2.354228 10037   0.5833333 -0.4466667  74.06 0
-0.1125092 -2.2051845  17.71  77.81 0.877011 10002  -0.1122222 -2.2055556  75.21 1
 1.1979969  0.4608392  11.09  66.37 0.061402 10063   1.1977778  0.4611111  76.52 1
 1.1957885  0.4608456   1.21   4.74 1.152966 10063   1.1977778  0.4611111  76.52 0
 1.1963608  0.4596262   2.65   5.96 3.289805 10063   1.1977778  0.4611111  76.52 0
-1.5790608  0.8534408  15.91  67.97 0.731191 10072  -1.5788889  0.8533333  77.25 1
-1.8723445  0.9680123  14.33  84.65 0.018914 10076  -1.8722222  0.9677778  78.40 1
 1.7639830  0.4566787  17.39  84.87 0.347356 10062   1.7633333  0.4566667  79.19 1
-0.7228834 -1.6796691   1.04   4.96 0.689481 10017  -0.7233333 -1.6800000  80.15 1
-0.7228988 -1.6797051  16.53  74.45 0.689481 10017  -0.7233333 -1.6800000  80.15 0
-0.7234099 -1.6822462   2.70   5.86 3.072136 10017  -0.7233333 -1.6800000  80.15 0
 1.4314744 -1.7015344  15.63  66.17 1.190236 10015   1.4311111 -1.7022222  81.05 1
 1.9968020 -1.2241616  15.00  88.37 0.099115 10023   1.9966667 -1.2244444  83.44 1
-0.6031290  1.1476117  17.05  81.78 0.152757 10080  -0.6033333  1.1477778  83.95 1
-1.7107342 -1.7081181  17.39  89.36 0.244197 10014  -1.7111111 -1.7088889  86.18 1
-0.8425514  1.9052860   1.52   3.14 2.811889 10099  -0.8444444  1.9055556  89.35 1
-0.8437845  1.9045305   2.22   5.33 3.950984 10099  -0.8444444  1.9055556  89.35 0
-0.8448611  1.9051453  14.47  81.45 0.148597 10099  -0.8444444  1.9055556  89.35 0
-1.5618638  0.2648291  18.75  93.38 0.096400 10055  -1.5622222  0.2644444  94.04 1
 1.2150533 -1.3267912   1.92   4.37 3.617379 10021   1.2155556 -1.3244444  99.09 1
 1.2148156 -1.3243980  14.92  73.21 0.204281 10021   1.2155556 -1.3244444  99.09 0
 1.2170383 -1.3241343  10.05  26.93 2.565657 10021   1.2155556 -1.3244444  99.09 0
-0.2383073  1.6156985  22.33 107.47 0.204065 10090  -0.2388889  1.6155556 100.96 1
 0.3034909 -1.4996021  20.99 104.82 0.199809 10020   0.3033333 -1.5000000 102.05 1
-1.4165589  1.6181741  22.30 110.44 0.359918 10091  -1.4166667  1.6177778 107.11 1
 0.7461572  2.3891439  23.17 104.14 0.604552 10105   0.7455556  2.3888889 108.47 1
 0.6060311 -0.8335238  15.09  88.62 0.068969 10030   0.6055556 -0.8333333 109.20 1
 0.6041392 -0.8340017   4.02   9.96 2.324892 10030   0.6055556 -0.8333333 109.20 0
-1.3187894  0.8295222  18.06 111.60 0.083758 10071  -1.3188889  0.8288889 111.48 1
-1.3172568  0.8287324   1.26   4.63 1.750061 10071  -1.3188889  0.8288889 111.48 0
 1.0766652 -1.0510998  22.63 106.86 0.341952 10027   1.0766667 -1.0511111 113.48 1
 0.4054732  2.3100467  19.41 121.10 0.061881 10103   0.4055556  2.3100000 115.65 1
-0.3477447 -0.5373457  23.94 124.01 0.172567 10035  -0.3477778 -0.5377778 120.42 1
 1.9678959  1.1894745  27.03 133.21 0.139580 10082   1.9677778  1.1888889 122.43 1
 1.5620657 -0.3057672  26.25 126.75 0.124821 10040   1.5611111 -0.3055556 122.92 1
-0.1043403  1.5295073   1.74   4.21 3.839518 10086  -0.1033333  1.5288889 145.53 1
-0.1036092  1.5295892  24.77 143.22 0.023707 10086  -0.1033333  1.5288889 145.53 0
 1.4463862  1.6725847  25.46 156.26 0.043420 10093   1.4466667  1.6722222 153.96 1
 1.4470478  1.6743159   3.29   6.66 3.934818 10093   1.4466667  1.6722222 153.96 0
-0.8152603  0.8602072   4.04   9.30 2.947385 10073  -0.8166667  0.8588889 163.14 1
-0.8164825  0.8592849  30.27 160.01 0.068498 10073  -0.8166667  0.8588889 163.14 0
 1.5396823  0.0018875  34.73 176.80 0.139517 10046   1.5400000  0.0011111 169.59 1
-1.3061190  1.0366279  34.42 205.63 0.025631 10079  -1.3066667  1.0366667 206.79 1
-1.4663657 -0.8710896   1.26   4.53 2.460104 10029  -1.4655556 -0.8733333 220.18 1
-1.4656044 -0.8735073  35.39 209.71 0.042732 10029  -1.4655556 -0.8733333 220.18 0
-0.3600768  1.9038880  49.56 255.61 0.083694 10098  -0.3600000  1.9033333 260.43 1
-0.3586590  1.9054339   3.01   9.37 1.988832 10098  -0.3600000  1.9033333 260.43 0
-1.0380776 -1.7486315  49.11 283.65 0.048930 10011  -1.0377778 -1.7488889 282.51 1
 1.6610645 -1.1069416  63.37 333.06 0.059463 10026   1.6611111 -1.1066667 326.40 1
 0.7366328 -0.6010900  75.98 378.27 0.051245 10033   0.7366667 -0.6011111 375.69 1
-0.1834254  1.1478770 156.07 926.33 0.023793 10081  -0.1833333  1.1477778 922.67 1
-0.1982046 -1.8603921  12.46  54.06 0.657252 20005  -0.1988889 -1.8611111  50.37 1
-0.4318654  0.4436467  12.23  55.77 0.630495 20066  -0.4322222  0.4433333  50.44 1
-0.1184967 -0.8053213   3.84  11.24 2.443220 20034  -0.1188889 -0.8033333  50.53 1
-0.1178887 -0.8013517  11.11  37.79 1.530424 20034  -0.1188889 -0.8033333  50.53 0
-0.1208262 -0.8044930   1.31   3.33 2.808438 20034  -0.1188889 -0.8033333  50.53 0
-1.5743426 -1.4452717  11.37  39.03 1.634013 20015  -1.5744444 -1.4455556  50.58 1
-1.5752435 -1.4440089   2.20   6.34 2.715661 20015  -1.5744444 -1.4455556  50.58 0
-2.3632002  0.4927124  13.09  48.16 1.146945 20070  -2.3633333  0.4933333  50.70 1
 1.1752365  1.6619860   4.74  18.64 1.148820 20094   1.1755556  1.6622222  51.07 1
 1.1757358  1.6615725   5.49  33.51 0.100009 20094   1.1755556  1.6622222  51.07 0
-0.7180835  2.4006572   5.84  21.46 1.394134 20107  -0.7166667  2.4011111  51.14 1
-0.7162947  2.4022329   6.83  30.72 0.603033 20107  -0.7166667  2.4011111  51.14 0
-1.7130163 -0.3030260  10.26  36.52 1.445704 20050  -1.7133333 -0.3033333  51.19 1
-1.7124227 -0.3030994   1.48   2.93 3.153244 20050  -1.7133333 -0.3033333  51.19 0
-0.3133979 -0.1028763  13.90  58.44 0.871488 20055  -0.3133333 -0.1033333  51.37 1
 2.3670106  0.4562518  11.58  52.05 0.674101 20067   2.3666667  0.4555556  51.48 1
-1.7830559  0.4624753  14.55  49.96 1.693044 20068  -1.7833333  0.4622222  51.49 1
-0.0889592 -0.6489360  14.14  55.83 1.079570 20040  -0.0888889 -0.6488889  51.50 1
-1.0800896 -0.9621235  11.64  50.88 0.870723 20029  -1.0800000 -0.9622222  51.59 1
 1.9139127 -1.3861879  13.99  52.28 1.386016 20017   1.9133333 -1.3866667  51.83 1
-0.7644121 -1.7296314  14.29  56.32 1.137797 20008  -0.7644444 -1.7288889  52.66 1
 0.1411519  1.4589514   9.66  57.59 0.108834 20090   0.1411111  1.4588889  52.76 1
 0.5091940 -2.0724075  12.18  54.38 0.704280 20002   0.5100000 -2.0733333  53.10 1
 1.6567795 -0.4354654  14.39  54.24 1.296375 20045   1.6566667 -0.4355556  53.46 1
 1.9727144 -1.4660040  11.87  54.99 0.504545 20014   1.9722222 -1.4655556  53.47 1
 1.2006799  0.9760140   9.69  37.87 1.032919 20079   1.2000000  0.9766667  53.52 1
 1.5151811  1.7447599   1.23   2.32 4.322304 20096   1.5133333  1.7444444  53.77 1
 1.5143142  1.7458626   6.70  39.70 0.094822 20096   1.5133333  1.7444444  53.77 0
 2.2857521 -0.3141289  10.15  58.28 0.044254 20049   2.2855556 -0.3144444  53.79 1
 0.4959272  0.4225189  10.75  47.42 0.737470 20065   0.4955556  0.4222222  53.95 1
-1.0225767  1.3784430   2.96  10.74 1.183493 20088  -1.0233333  1.3788889  54.06 1
-1.0230381  1.3783578   8.58  36.33 1.058596 20088  -1.0233333  1.3788889  54.06 0
-1.0236036  1.3786503   1.79   7.15 1.167619 20088  -1.0233333  1.3788889  54.06 0
-1.8786485  0.2295751  10.41  61.52 0.037525 20060  -1.8788889  0.2288889  54.42 1
 0.0699702 -1.1623198  13.32  59.51 0.804118 20021   0.0700000 -1.1622222  54.92 1
 0.8392529  1.4002427  18.58  55.39 2.635876 20089   0.8388889  1.4000000  55.46 1
 1.1410949 -0.2689660   1.05   2.67 2.414914 20051   1.1422222 -0.2677778  55.68 1
 1.1442221 -0.2678612   8.94  40.23 0.493129 20051   1.1422222 -0.2677778  55.68 0
 2.1458216 -1.0973873  10.42  61.17 0.073242 20025   2.1455556 -1.0977778  56.27 1
 1.6247293  1.2989208   2.43   9.09 1.810189 20084   1.6266667  1.3000000  56.39 1
 1.6278430  1.3002836  12.58  49.81 1.298068 20084   1.6266667  1.3000000  56.39 0
 0.0634643  2.4220953  10.83  51.26 0.366768 20108   0.0633333  2.4211111  56.48 1
-0.6436927 -0.1234672   2.10  10.18 0.641609 20054  -0.6433333 -0.1244444  56.54 1
-0.6428518 -0.1249084   5.69  18.04 1.654516 20054  -0.6433333 -0.1244444  56.54 0
-0.6419263 -0.1246215   7.43  31.60 1.219041 20054  -0.6433333 -0.1244444  56.54 0
 0.0584770  0.1140849  10.83  60.50 0.195188 20059   0.0588889  0.1133333  56.65 1
 0.9406125 -1.5195217  12.64  63.35 0.349551 20011   0.9411111 -1.5200000  56.69 1
 1.6586679 -1.5582479   1.63   4.19 2.998296 20010   1.6600000 -1.5600000  56.77 1
 1.6593747 -1.5599723  10.37  35.59 1.702241 20010   1.6600000 -1.5600000  56.77 0
 0.0167334 -0.7827991   9.26  54.08 0.114286 20037   0.0166667 -0.7822222  56.96 1
-2.1743994 -1.2526970   5.44  11.35 3.047039 20019  -2.1755556 -1.2544444  57.05 1
-2.1751952 -1.2546643   9.10  53.52 0.133712 20019  -2.1755556 -1.2544444  57.05 0
-2.0043311 -0.0026210  14.18  57.05 1.299686 20057  -2.0044444 -0.0033333  57.23 1
-0.6242207  1.4903009   3.35  17.45 0.410678 20092  -0.6233333  1.4900000  57.58 1
-0.6216618  1.4891719   6.75  23.61 1.730939 20092  -0.6233333  1.4900000  57.58 0
-0.6247382  1.4909300   4.13  16.66 1.132535 20092  -0.6233333  1.4900000  57.58 0
-0.1498410  1.8714103  13.16  56.58 0.723114 20102  -0.1500000  1.8711111  57.79 1
-0.5977434 -1.4926815  13.48  61.81 0.363817 20013  -0.5977778 -1.4933333  58.07 1
-0.3865260 -0.4187267  11.01  50.66 0.512832 20046  -0.3866667 -0.4188889  58.42 1
 1.2879033  1.7729062   8.36  32.66 1.178830 20097   1.2866667  1.7744444  58.43 1
 1.2861468  1.7724911   2.39   9.71 1.020500 20097   1.2866667  1.7744444  58.43 0
 1.5647860  1.3453619   1.92   4.87 3.783267 20087   1.5655556  1.3466667  58.64 1
 1.5656691  1.3473971   8.59  34.92 0.725363 20087   1.5655556  1.3466667  58.64 0
 1.5657469  1.3469800   5.18  17.14 2.167264 20087   1.5655556  1.3466667  58.64 0
 1.7909372 -1.5030102   1.41   6.05 0.941869 20012   1.7922222 -1.5044444  58.70 1
 1.7922709 -1.5047269   9.55  48.32 0.228238 20012   1.7922222 -1.5044444  58.70 0
 1.7929763 -1.5041732   2.64   6.83 3.348561 20012   1.7922222 -1.5044444  58.70 0
-1.0201828  0.4743712   2.61  10.50 1.847847 20069  -1.0211111  0.4766667  58.79 1
-1.0201440  0.4778760  10.44  46.61 0.573207 20069  -1.0211111  0.4766667  58.79 0
 1.6540496  1.4699016   7.07  24.27 2.262991 20091   1.6544444  1.4677778  59.96 1
 1.6541077  1.4661157   9.12  42.39 0.312534 20091   1.6544444  1.4677778  59.96 0
 0.1745049  2.2346694  14.60  68.01 0.419172 20105   0.1744444  2.2344444  60.50 1
-0.6886026 -0.4516331  12.10  59.07 0.272391 20043  -0.6888889 -0.4522222  60.51 1
-0.0937349  2.4768836  11.66  54.83 0.532346 20109  -0.0944444  2.4766667  61.13 1
 1.5076389  0.9843795  14.21  66.04 0.317392 20080   1.5066667  0.9844444  62.20 1
 1.9129764 -0.7847169  12.10  51.54 0.702479 20036   1.9122222 -0.7844444  62.57 1
 0.9898093 -2.2563531  15.72  63.15 0.971307 20000   0.9900000 -2.2566667  62.96 1
 0.3032479  1.3314127  11.52  57.54 0.295655 20085   0.3022222  1.3311111  64.40 1
 0.3018152  1.3289603   1.54   3.69 3.668419 20085   0.3022222  1.3311111  64.40 0
-0.1560000 -1.0047901  11.89  69.93 0.110937 20027  -0.1566667 -1.0044444  65.05 1
-0.9750500  1.5830393  12.24  72.32 0.094975 20093  -0.9755556  1.5833333  65.43 1
-0.1716566  2.3233700  10.56  63.73 0.091021 20106  -0.1711111  2.3233333  65.60 1
-0.1725227  2.3249996   1.30   3.66 2.041503 20106  -0.1711111  2.3233333  65.60 0
-1.8392322  1.3377891  13.24  61.31 0.538157 20086  -1.8400000  1.3377778  65.67 1
-0.4863425 -2.0436039   9.81  56.66 0.097930 20003  -0.4866667 -2.0433333  66.00 1
 1.5172441  1.0557262  13.24  66.61 0.358500 20081   1.5166667  1.0555556  66.04 1
-0.8837622  0.2725122  15.68  63.35 1.002361 20061  -0.8844444  0.2722222  66.40 1
 0.6488947  1.2966466  18.02  72.24 0.923584 20083   0.6488889  1.2966667  67.58 1
 0.1678534  0.0092191  14.34  71.15 0.254661 20058   0.1677778  0.0088889  68.63 1
 0.8797113 -1.7973529  10.09  32.38 2.429851 20006   0.8811111 -1.7988889  68.69 1
 0.8826218 -1.7983615   4.98  13.24 2.707773 20006   0.8811111 -1.7988889  68.69 0
 1.7171676  1.7810043   3.32   6.27 4.113345 20098   1.7177778  1.7811111  68.84 1
 1.7171090  1.7810794   2.13   3.62 4.113354 20098   1.7177778  1.7811111  68.84 0
 1.7178211  1.7805600  14.37  55.39 1.271908 20098   1.7177778  1.7811111  68.84 0
-0.5475093 -0.7979055  12.52  73.30 0.027966 20035  -0.5477778 -0.7977778  69.20 1
-2.1389942 -1.0985469  14.64  67.00 0.569193 20023  -2.1400000 -1.0988889  69.35 1
 0.0984896 -1.4004911  12.52  59.55 0.396373 20016   0.0977778 -1.4000000  69.74 1
-0.6147021  0.3706898  15.15  74.69 0.182012 20064  -0.6144444  0.3711111  69.95 1
 0.0936045  0.2777464  15.59  74.20 0.378360 20062   0.0933333  0.2777778  71.07 1
-1.2805053 -1.1335647  13.85  68.89 0.260157 20022  -1.2811111 -1.1344444  71.10 1
-0.5659717  0.8003420  14.37  71.69 0.217493 20074  -0.5655556  0.8000000  72.35 1
 1.0674959  1.7957648   1.39   6.11 0.888506 20099   1.0688889  1.7944444  73.68 1
 1.0694201  1.7943089  10.64  62.06 0.111831 20099   1.0688889  1.7944444  73.68 0
-0.1971465  1.9831282  15.63  69.50 0.659125 20103  -0.1966667  1.9822222  74.54 1
-1.9856679 -0.5712366  13.43  77.46 0.179280 20042  -1.9855556 -0.5711111  74.74 1
-1.9848650 -0.5705014   2.78   7.15 3.116071 20042  -1.9855556 -0.5711111  74.74 0
 0.0664862  1.8363316  16.76  79.45 0.444842 20100   0.0666667  1.8366667  74.98 1
-1.2091287 -1.5703641  16.38  74.06 0.670742 20009  -1.2100000 -1.5711111  75.44 1
-2.1074533  0.8143504  10.62  62.97 0.051652 20075  -2.1077778  0.8133333  75.86 1
-2.1088512  0.8116266   2.17   5.09 3.243112 20075  -2.1077778  0.8133333  75.86 0
 0.3042719 -0.3268430  15.98  76.04 0.364506 20048   0.3044444 -0.3277778  76.17 1
 0.2704814  0.9703338  11.80  66.99 0.199278 20078   0.2700000  0.9700000  76.39 1
 1.0107701  0.3397292   1.32   3.89 1.947747 20063   1.0122222  0.3411111  77.95 1
 1.0119315  0.3414185  15.90  76.61 0.249021 20063   1.0122222  0.3411111  77.95 0
 0.6716183  0.6319290  14.81  60.79 1.090202 20072   0.6711111  0.6311111  79.31 1
 1.1509254 -0.8216555  14.60  84.14 0.127760 20033   1.1511111 -0.8222222  80.47 1
 0.6869549  1.8644812  16.61  83.75 0.200330 20101   0.6866667  1.8644444  85.50 1
 0.5457082  1.7340037  15.46  90.59 0.096886 20095   0.5455556  1.7344444  86.43 1
 2.1018331 -0.1715111  17.08  94.91 0.024380 20052   2.1022222 -0.1722222  88.85 1
 1.6044250  0.6905745  16.31  78.57 0.238900 20073   1.6033333  0.6911111  90.64 1
-1.6261204 -0.6326082  15.85  96.97 0.049205 20041  -1.6266667 -0.6333333  91.15 1
-1.8467683 -0.4452519  20.86  99.54 0.461624 20044  -1.8466667 -0.4455556  95.09 1
-1.4783367  0.6077390  16.13  94.07 0.135354 20071  -1.4788889  0.6077778  95.98 1
 0.8757189 -0.9715042  17.72 107.05 0.084912 20028   0.8755556 -0.9722222  97.83 1
 0.1728691 -1.8762285  21.17 102.27 0.306962 20004   0.1722222 -1.8766667 101.96 1
-1.8311605 -1.2327144  21.61 105.79 0.186314 20020  -1.8311111 -1.2322222 105.36 1
 1.3174715 -1.0332782  22.57 114.08 0.300787 20026   1.3177778 -1.0333333 113.25 1
 1.3196998 -1.0344257   2.21   3.93 4.265307 20026   1.3177778 -1.0333333 113.25 0
-0.9028894 -0.8741192  19.52 114.00 0.088621 20031  -0.9033333 -0.8744444 115.69 1
 2.1883483  0.9067490  25.43 123.37 0.402836 20077   2.1888889  0.9066667 120.43 1
 1.0186009  2.1469502  25.77 128.98 0.217720 20104   1.0188889  2.1466667 128.56 1
-2.2118814 -0.8326278  20.17 116.72 0.089231 20032  -2.2122222 -0.8322222 131.39 1
 1.9245598 -0.1292337  24.92 120.63 0.338048 20053   1.9244444 -0.1288889 132.34 1
 2.4343686 -0.0422948  22.62 134.59 0.054451 20056   2.4344444 -0.0422222 141.73 1
-0.7292412 -2.1595087  29.11 147.22 0.194537 20001  -0.7300000 -2.1600000 144.76 1
 1.6434374 -0.7592195  25.28 148.66 0.084150 20038   1.6433333 -0.7588889 144.81 1
-0.5615785 -1.3080226  26.01 149.57 0.103381 20018  -0.5611111 -1.3077778 157.90 1
-0.5922092 -0.9080808  39.21 199.07 0.130559 20030  -0.5922222 -0.9077778 194.37 1
-1.8409300 -1.0988494  36.33 202.93 0.027068 20024  -1.8411111 -1.0988889 202.64 1
-0.0412345 -0.7426509  41.71 241.56 0.003184 20039  -0.0411111 -0.7433333 232.09 1
 0.4170988  0.8499828  93.86 461.74 0.045849 20076   0.4166667  0.8500000 456.79 1
