target sourceid offra e_offra offdec e_offdec f870 e_f870 reff e_reff q e_q phi e_phi mu e_mu
HELAISS02.0      3.113 0.160 -3.112 0.155  12.35  0.23  0.096 0.005   0.80  0.05   91   6   1.27  0.13
HELAISS02.1     -0.111 0.114 -2.172 0.183   3.24  0.12  0.065 0.008   0.84  0.05   87   7   1.34  0.17
HELAISS02.2     -1.470 0.158  1.774 0.145   2.12  0.16  0.105 0.016   0.86  0.04  120   7   1.15  0.07
HELAISS02.3      4.039 0.165 -7.216 0.174   2.22  0.18  0.124 0.020   0.79  0.05   77   7   1.08  0.04
HXMM02.0        -0.278 0.008  0.239 0.011  11.88  0.11  0.122 0.003   0.64  0.02   62   2   5.33  0.19
HXMM31.0        -1.380 0.010 -1.025 0.010   6.79  0.37  0.141 0.011   0.80  0.12  134  36   1.00  0.00
HXMM31.1         1.311 0.011  1.124 0.010   4.01  0.26  0.070 0.018   0.59  0.22   52  56   1.00  0.00
HXMM29.0         0.114 0.009  0.451 0.008   5.57  0.30  0.088 0.012   0.82  0.14   90  44   1.00  0.00
HXMM29.1        -0.236 0.034 -0.562 0.030   1.78  0.37  0.116 0.051   0.70  0.20   88  55   1.00  0.00
HXMM07.0         0.016 0.238 -0.016 0.283   3.43  0.07  0.074 0.007   0.32  0.02   66   2   8.49  1.13
HXMM20.0        -2.308 0.012 -2.275 0.011   7.15  0.44  0.089 0.014   0.63  0.16   58  27   1.00  0.00
HXMM20.1         0.828 0.025 -0.278 0.023   4.19  0.49  0.137 0.026   0.84  0.10   74  44   1.00  0.00
HXMM20.2        -0.211 0.017 -1.647 0.014   3.42  0.26  0.058 0.020   0.80  0.13   84  45   1.00  0.00
HXMM20.3        -1.505 0.157 -1.981 0.064   2.07  0.39  0.283 0.198   0.67  0.17   81  21   1.00  0.00
HXMM20.4         2.588 0.155  2.611 0.218   0.94  0.18  0.459 0.246   0.58  0.15   96  51   1.00  0.00
HXMM01.0        -1.503 0.013  0.395 0.017  12.25  0.24  0.090 0.005   0.56  0.06   12  19   1.29  0.15
HXMM01.1        -2.563 0.018 -1.337 0.017   9.56  0.26  0.116 0.006   0.34  0.03    2   1   1.21  0.10
HXMM01.2        -2.622 0.025 -0.552 0.025   1.37  0.19  0.077 0.025   0.66  0.18  134  33   1.39  0.19
HXMM04.0         0.095 0.021  0.442 0.025   8.49  0.20  0.117 0.007   0.52  0.07   -2   5   2.36  0.68
HXMM09.0        -0.392 0.039 -0.740 0.051   7.05  0.24  0.064 0.006   0.42  0.06   75   5   1.24  0.12
HXMM09.1        -1.507 0.073  0.805 0.053   4.02  0.12  0.033 0.010   0.46  0.18  116  14   1.62  0.31
HXMM03.0         5.180 0.030  0.924 0.030  12.41  0.24  0.130 0.004   0.53  0.03  -25   2   1.50  0.25
HXMM03.1         5.160 0.023  2.051 0.028   1.46  0.13  0.093 0.007   0.73  0.11   22  25   1.50  0.25
HXMM03.2         5.163 0.035  0.755 0.033   1.34  0.12  0.096 0.005   0.73  0.11  -11  37   1.50  0.25
HXMM11.0        -0.844 0.111 -0.648 0.081   6.24  0.24  0.106 0.007   0.26  0.03   54   2   1.31  0.16
HXMM11.1        -0.596 0.122 -4.592 0.098   3.38  0.35  0.168 0.023   0.59  0.16  139  41   1.05  0.03
HXMM23.0         0.101 0.011 -0.050 0.009   2.93  0.15  0.020 0.008   0.68  0.20   89  49   1.00  0.00
HXMM22.0        -0.076 0.004  0.024 0.004  10.19  0.28  0.085 0.010   0.52  0.11  152   6   1.00  0.00
HXMM05.0        -3.505 0.094  1.937 0.081  12.83  0.31  0.095 0.006   0.59  0.06  142   5   1.40  0.20
HXMM30.0         0.153 0.024 -0.073 0.011   0.84  0.01  0.019 0.003   0.20  0.00  109   1  27.15  4.61
HXMM12.0         1.520 0.168 -0.683 0.243   9.91  0.24  0.115 0.005   0.72  0.07   69   8   1.57  0.29
HECDFS12.0      -0.348 0.006  0.077 0.004  10.59  0.32  0.085 0.004   0.38  0.03  134   3   1.26  0.13
HECDFS12.1      -0.342 0.005  2.489 0.008   2.20  0.03  0.147 0.003   0.65  0.02   14   2   8.29  0.19
HECDFS12.0       0.000 0.000  0.000 0.000   7.47  0.14  0.026 0.009   0.79  0.15   85  63   1.00  0.00
HECDFS04.0      -0.011 0.011 -0.347 0.004  10.88  0.22  0.096 0.005   0.35  0.03   91   2   1.06  0.03
HECDFS04.1      -2.366 0.024 -3.752 0.007   1.39  0.06  0.032 0.012   0.68  0.19   93  55   1.98  0.49
HECDFS13.0      -0.156 0.011 -0.034 0.011  10.11  1.30  0.099 0.012   0.52  0.12  123   7   1.00  0.00
HECDFS13.1       0.221 0.061  0.127 0.018   5.25  1.37  0.109 0.024   0.38  0.08   88   7   1.00  0.00
HADFS04.0        0.333 0.101 -0.513 0.040   6.85  0.22  0.091 0.006   0.39  0.05  142   4   1.35  0.17
HADFS04.1        0.865 0.123 -0.420 0.041   4.18  0.22  0.165 0.013   0.43  0.06  141   4   1.40  0.20
HADFS04.2        0.604 0.108  0.739 0.077   2.40  0.16  0.077 0.015   0.75  0.16  101  40   1.21  0.10
HADFS02.0        0.067 0.008  0.588 0.015   7.64  0.46  0.136 0.012   0.38  0.06   23   5   1.00  0.00
HADFS02.1       -0.060 0.009 -0.268 0.018   9.19  0.59  0.193 0.015   0.42  0.06   17   4   1.00  0.00
HADFS11.0       -1.340 0.043 -1.816 0.119  17.51  0.42  0.225 0.006   0.46  0.02  178   1   1.21  0.11
HADFS11.1        0.658 0.039  1.569 0.111   5.78  0.24  0.180 0.010   0.25  0.02  167   2   1.26  0.13
HADFS10.0       -1.126 0.005 -0.319 0.004   9.61  0.25  0.073 0.010   0.67  0.15  133  24   1.00  0.00
HADFS10.1        0.876 0.011  0.908 0.009   4.16  0.21  0.048 0.019   0.71  0.19   84  43   1.00  0.00
HADFS10.2       -0.437 0.017 -1.088 0.016   3.58  0.21  0.093 0.020   0.58  0.20  131  38   1.00  0.00
HADFS01.0        0.131 0.005 -0.105 0.006   3.17  0.05  0.128 0.005   0.30  0.01   24   1  10.34  0.47
HADFS09.0        2.343 0.007  3.284 0.005   8.82  0.28  0.109 0.008   0.70  0.11   92  14   1.00  0.00
HADFS09.1       -2.191 0.013 -3.320 0.011   4.86  0.34  0.099 0.019   0.53  0.17  135  24   1.00  0.00
HADFS09.2       -2.503 0.035  0.886 0.019   2.26  0.33  0.122 0.040   0.51  0.17   89  20   1.00  0.00
HADFS08.0       -0.868 0.050  0.938 0.048   3.74  0.17  0.055 0.010   0.83  0.09  131  20   1.65  0.32
HADFS08.1        7.496 0.058  2.190 0.059   7.28  0.39  0.179 0.012   0.59  0.08   63   6   1.10  0.05
HADFS03.0       -0.734 0.069 -1.070 0.053   5.39  0.17  0.112 0.006   0.41  0.05   45   3   1.32  0.16
HADFS03.1        1.415 0.056 -2.912 0.059   1.03  0.07  0.059 0.018   0.54  0.12   94  48   1.86  0.43
HADFS03.2        0.427 0.055 -0.514 0.059   2.21  0.26  0.084 0.020   0.50  0.13  125  14   1.13  0.07
HCOSMOS02.0     -3.507 0.012  4.659 0.013   3.64  0.18  0.073 0.017   0.70  0.12   94  34   1.00  0.00
HCOSMOS02.1      5.780 0.019 -1.434 0.026   3.59  0.31  0.094 0.029   0.76  0.13  106  65   1.00  0.00
HCOSMOS02.2     -4.869 0.049 -3.769 0.050   1.77  0.27  0.198 0.051   0.65  0.13   72  41   1.00  0.00
HCOSMOS02.3      1.410 0.031 -0.035 0.033   1.79  0.22  0.101 0.042   0.71  0.13   74  42   1.00  0.00
HCOSMOS02.4      3.301 0.083 -1.864 0.060   3.01  0.55  0.312 0.060   0.67  0.13   78  32   1.00  0.00
HCOSMOS01.0      0.136 0.011 -0.220 0.016   1.03  0.02  0.068 0.006   0.27  0.04  164   2  14.86  1.90
