target sourceid ra_alma dec_alma pbcorr mu870 e_mu870 raw870 e_raw870 reff e_reff q e_q f870 e_f870 remu e_remu
ADFS01 Source0  4:50:57.538    -53:16:55.12    0.99    1.64 0.10 6.68 0.28 0.137 0.012 0.70 0.12       6.78  0.28   1.32  0.16 
ADFS01 Source1  4:50:57.865    -53:16:57.01    0.89    1.26 0.03 1.98 0.18 0.066 0.025 0.67 0.19       2.22  0.20   1.13  0.07
ADFS01 Source2  4:50:57.772    -53:16:54.57    0.98    2.72 0.33 1.75 0.26 0.092 0.044 0.69 0.20       1.78  0.26   1.86  0.43
ADFS02 Source0  4:50:26.857    -52:41:25.66    0.94    2.29 0.13 5.56 0.23 0.086 0.011 0.44 0.12       5.89  0.24   1.65  0.32
ADFS02 Source1  4:50:28.042    -52:41:25.18    0.56    1.20 0.01 4.83 0.35 0.196 0.020 0.50 0.09       8.64  0.63   1.10  0.05
ADFS03 Source0  4:49:46.707    -52:54:23.67    0.91    1.00 0.00 7.50 0.24 0.109 0.008 0.70 0.11       8.22  0.26   1.00  0.00
ADFS03 Source1  4:49:46.204    -52:54:30.35    0.79    1.00 0.00 3.84 0.27 0.099 0.019 0.53 0.17       4.85  0.34   1.00  0.00
ADFS03 Source2  4:49:46.155    -52:54:26.10    0.85    1.00 0.00 2.06 0.30 0.122 0.040 0.51 0.17       2.43  0.35   1.00  0.00
ADFS04 Source0  4:41:03.821    -53:12:41.35    0.90    1.00 0.00 8.65 0.23 0.073 0.010 0.67 0.15       9.65  0.26   1.00  0.00
ADFS04 Source1  4:41:04.035    -53:12:40.16    0.77    1.00 0.00 3.53 0.18 0.048 0.019 0.71 0.19       4.56  0.23   1.00  0.00
ADFS04 Source2  4:41:03.896    -53:12:42.07    0.85    1.00 0.00 2.76 0.16 0.093 0.020 0.58 0.20       3.26  0.19   1.00  0.00
ADFS05 Source0  4:36:19.711    -55:24:24.52    0.90    1.00 0.00 7.02 0.42 0.136 0.012 0.38 0.06       7.76  0.46   1.00  0.00
ADFS05 Source1  4:36:19.699    -55:24:25.27    0.92    1.00 0.00 8.27 0.53 0.193 0.015 0.42 0.06       8.95  0.57   1.00  0.00
ADFS06 Source0  4:33:40.463    -54:03:40.34    0.94    1.70 0.14 9.07 0.27 0.123 0.008 0.69 0.09       9.67  0.29   1.35  0.17
ADFS06 Source1  4:33:40.531    -54:03:40.09    0.95    1.42 0.07 6.08 0.32 0.172 0.016 0.38 0.06       6.39  0.34   1.21  0.10
ADFS06 Source2  4:33:40.485    -54:03:38.35    0.99    1.79 0.18 2.79 0.27 0.133 0.022 0.72 0.16       2.81  0.27   1.40  0.20
ADFS07 Source0  4:41:53.884    -54:03:53.35    0.98   10.34 0.466 32.36 0.64 0.126 0.006 0.31 0.01    33.01  0.65  10.34  0.47
ADFS_M0 Source0 4:38:30.726    -54:18:31.85    0.66    1.43 0.03 14.00 0.40 0.268 0.008 0.54 0.03     21.08  0.60   1.21  0.11
ADFS_M0 Source1 4:38:31.037    -54:18:26.63    0.89    1.52 0.07 6.59 0.28 0.196 0.012 0.22 0.02       7.41  0.31   1.26  0.13
CDFS_M0 Source0 3:27:52.004    -29:09:12.10    0.78    8.29 0.19 13.07 0.40 0.085 0.004 0.38 0.03     16.74  0.51   8.29  0.19
CDFS_M0 Source1 3:27:51.988    -29:09:08.36    0.98    1.52 0.00 14.26 0.22 0.147 0.003 0.65 0.02     14.62  0.23   1.26  0.13
CDFS_M0 Source0 3:27:52.027    -29:09:12.16    0.78    1.00 0.00 5.83 0.11 0.026 0.009 0.79 0.15       7.50  0.14   1.00  0.00
CDFS_M1 Source0 3:32:10.915    -27:05:32.91    0.92    2.95 0.04 10.54 0.24 0.182 0.005 0.21 0.01     11.46  0.26   1.98  0.49
CDFS_M1 Source1 3:32:10.717    -27:05:36.22    0.95    1.12 0.02 2.58 0.11 0.031 0.014 0.67 0.20       2.72  0.12   1.06  0.03
COS01 Source0   10:01:44.176   +02:57:12.53    0.82   14.86 1.900 12.82 0.39 0.055 0.007 0.29 0.03    15.61  0.47  14.86  1.90
COS02 Source0   10:00:56.948   +02:20:17.37    0.63    1.00 0.00 3.31 0.16 0.073 0.017 0.70 0.12       5.22  0.25   1.00  0.00
COS02 Source1   10:00:57.567   +02:20:11.32    0.60    1.00 0.00 2.26 0.19 0.094 0.029 0.76 0.13       3.75  0.32   1.00  0.00
COS02 Source2   10:00:56.860   +02:20:08.90    0.91    1.00 0.00 1.54 0.23 0.198 0.051 0.65 0.13       1.69  0.25   1.00  0.00
COS02 Source3   10:00:57.275   +02:20:12.70    0.87    1.00 0.00 1.45 0.18 0.101 0.042 0.71 0.13       1.67  0.21   1.00  0.00
COS02 Source4   10:00:57.390   +02:20:10.75    0.81    1.00 0.00 1.80 0.33 0.312 0.060 0.67 0.13       2.23  0.41   1.00  0.00
ECDFS02 Source0 3:33:18.009    -28:09:07.55    0.92    1.00 0.00 9.30 1.20 0.099 0.012 0.52 0.12      10.09  1.30   1.00  0.00
ECDFS02 Source1 3:33:18.039    -28:09:07.42    0.92    1.00 0.00 4.83 1.26 0.109 0.024 0.38 0.08       5.25  1.37   1.00  0.00
ElaisS1 Source0 0:38:23.831    -43:37:06.15    0.97    1.29 0.02 8.85 0.21 0.097 0.007 0.61 0.08       9.14  0.22   1.15  0.07
ElaisS1 Source1 0:38:23.447    -43:37:05.60    0.95    1.68 0.06 3.76 0.19 0.070 0.017 0.88 0.08       3.96  0.20   1.34  0.17
ElaisS1 Source2 0:38:23.214    -43:36:58.97    0.57    1.53 0.04 2.84 0.23 0.155 0.021 0.73 0.12       4.95  0.40   1.27  0.13
ElaisS1 Source3 0:38:23.884    -43:37:10.40    0.76    1.16 0.01 1.75 0.20 0.121 0.028 0.86 0.10       2.29  0.26   1.08  0.04
XMM01 Source0   2:20:16.651   -06:01:41.91     0.95    1.77 0.04 14.97 0.24 0.119 0.004 0.36 0.02     15.82  0.25   1.39  0.19
XMM01 Source1   2:20:16.572   -06:01:44.62     0.97    1.42 0.01 11.14 0.32 0.136 0.006 0.34 0.03     11.45  0.33   1.21  0.10
XMM01 Source2   2:20:16.569   -06:01:43.79     0.97    1.58 0.06 1.92 0.25 0.132 0.034 0.59 0.14       1.98  0.26   1.29  0.15
XMM02 Source0   2:22:01.593   -03:33:39.45     0.99    1.63 0.11 8.45 0.38 0.134 0.012 0.32 0.06       8.55  0.38   1.31  0.16
XMM02 Source1   2:22:01.629   -03:33:43.57     0.92    1.10 0.01 3.12 0.41 0.175 0.032 0.73 0.17       3.38  0.44   1.05  0.03
XMM03 Source0   2:25:47.852   -04:17:50.84     0.78    1.80 0.16 14.73 0.35 0.133 0.005 0.74 0.05     18.87  0.45   1.40  0.20
XMM04 Source0   2:18:53.120   -06:33:24.25     1.00    1.00 0.00 5.46 0.30 0.088 0.012 0.82 0.14       5.48  0.30   1.00  0.00
XMM04 Source1   2:18:53.098   -06:33:25.21     0.98    1.00 0.00 1.78 0.37 0.116 0.051 0.70 0.20       1.82  0.38   1.00  0.00
XMM05 Source0   2:30:05.952   -03:41:52.32     1.00    2.15 0.23 7.48 0.37 0.137 0.009 0.52 0.08       7.50  0.37   1.57  0.29
XMM06 Source0   2:18:30.671   -05:31:31.79     0.98    5.33 0.19 62.06 0.57 0.122 0.003 0.64 0.02     63.16  0.58   5.33  0.19
XMM101 Source0  2:22:50.570   -03:24:12.35     0.86    1.00 0.00 8.77 0.24 0.085 0.010 0.52 0.11      10.18  0.28   1.00  0.00
XMM102 Source0  2:19:42.630   -05:24:37.15     0.72    1.00 0.00 5.15 0.32 0.089 0.014 0.63 0.16       7.19  0.45   1.00  0.00
XMM102 Source1  2:19:42.840   -05:24:35.13     0.94    1.00 0.00 3.31 0.39 0.137 0.026 0.84 0.10       3.54  0.42   1.00  0.00
XMM102 Source2  2:19:42.772   -05:24:36.46     0.84    1.00 0.00 2.88 0.22 0.058 0.020 0.80 0.13       3.41  0.26   1.00  0.00
XMM102 Source3  2:19:42.698   -05:24:36.76     0.79    1.00 0.00 1.94 0.37 0.283 0.198 0.67 0.17       2.47  0.47   1.00  0.00
XMM102 Source4  2:19:42.956   -05:24:32.65     1.00    1.00 0.00 0.94 0.18 0.459 0.246 0.58 0.15       0.94  0.18   1.00  0.00
XMM108 Source0  2:19:18.423   -03:10:51.32     1.00    8.49 1.13 29.16 0.58 0.074 0.007 0.32 0.02     29.19  0.58   8.49  1.13
XMM109 Source0  2:29:44.747   -03:41:09.59     0.99   27.15 4.61 19.62 0.27 0.019 0.003 0.20 0.00     19.75  0.27  27.15  4.61
XMM110 Source0  2:18:41.523   -03:50:04.75     0.93    1.00 0.00 6.31 0.34 0.141 0.011 0.80 0.12       6.78  0.37   1.00  0.00
XMM110 Source1  2:18:41.700   -03:50:02.61     0.95    1.00 0.00 3.81 0.25 0.070 0.018 0.59 0.22       4.00  0.26   1.00  0.00
XMM115 Source0  2:20:21.782   -01:53:30.08     0.94    3.72 0.42 17.61 0.49 0.224 0.006 0.58 0.03     18.80  0.52   2.36  0.68
XMM119 Source0  2:20:29.195   -06:48:48.04     0.96    2.25 0.17 8.47 0.30 0.107 0.008 0.36 0.04       8.87  0.31   1.62  0.31
XMM119 Source1  2:20:29.081   -06:48:44.89     0.98    1.48 0.03 5.98 0.18 0.023 0.009 0.63 0.21       6.07  0.18   1.24  0.12
XMM124 Source0  2:22:05.370   -07:07:28.16     0.94    1.00 0.00 2.75 0.14 0.020 0.008 0.68 0.20       2.93  0.15   1.00  0.00
XMM16 Source0   2:21:35.136   -06:26:17.28     0.99    2.00 0.01 13.63 0.55 0.094 0.009 0.33 0.05     13.83  0.56   1.50  0.25
XMM16 Source1   2:21:35.124   -06:26:16.62     0.98    2.00 0.01 3.36 0.76 0.204 0.029 0.39 0.10       3.42  0.77   1.50  0.25
XMM16 Source2   2:21:35.132   -06:26:18.02     0.98    2.00 0.01 10.90 1.29 0.441 0.029 0.35 0.05     11.17  1.32   1.50  0.25
